   0.00000000       4.92380969E-02   4.39999998E-02   9.39999968E-02
   2.00000000       4.69523855E-02   4.10000011E-02   8.60000029E-02
   4.00000000       4.65238057E-02   4.10000011E-02   8.39999989E-02
   6.00000000       4.43333313E-02   3.90000008E-02   8.20000023E-02
   8.00000000       4.24761884E-02   3.99999991E-02   7.99999982E-02
   10.0000000       4.17142846E-02   4.10000011E-02   6.59999996E-02
   12.0000000       3.89047638E-02   3.70000005E-02   6.80000037E-02
   14.0000000       3.80000025E-02   3.50000001E-02   7.69999996E-02
   16.0000000       3.62857170E-02   3.20000015E-02   8.29999968E-02
   18.0000000       3.44285741E-02   2.89999992E-02   9.39999968E-02
   20.0000000       3.31428573E-02   2.40000002E-02   9.60000008E-02
   22.0000000       3.39523852E-02   2.70000007E-02   9.79999974E-02
   24.0000000       3.48571464E-02   2.70000007E-02   9.09999982E-02
   26.0000000       3.43333296E-02   2.89999992E-02   8.50000009E-02
   28.0000000       3.44285704E-02   2.60000005E-02   9.00000036E-02
   30.0000000       3.43809538E-02   2.60000005E-02   9.30000022E-02
   32.0000000       3.50476205E-02   2.40000002E-02   9.49999988E-02
   34.0000000       3.62380967E-02   2.50000004E-02   9.79999974E-02
   36.0000000       3.78095210E-02   2.60000005E-02   9.49999988E-02
   38.0000000       4.03333306E-02   2.89999992E-02   9.39999968E-02
   40.0000000       4.20952365E-02   3.50000001E-02   9.79999974E-02
   42.0000000       4.45238054E-02   3.79999988E-02  0.103000000    
   44.0000000       4.20476198E-02   3.50000001E-02   9.70000029E-02
   46.0000000       3.90952379E-02   3.50000001E-02   9.60000008E-02
   48.0000000       3.82857136E-02   3.09999995E-02   8.69999975E-02
   50.0000000       3.58095244E-02   3.09999995E-02   9.00000036E-02
   52.0000000       3.37618999E-02   2.89999992E-02   8.50000009E-02
   54.0000000       3.29999998E-02   2.70000007E-02   8.29999968E-02
   56.0000000       3.36666666E-02   2.60000005E-02   8.50000009E-02
   58.0000000       3.60952318E-02   3.79999988E-02   8.10000002E-02
   60.0000000       3.61904800E-02   3.20000015E-02   7.80000016E-02
   62.0000000       3.41904722E-02   2.89999992E-02   6.70000017E-02
   64.0000000       3.30952369E-02   2.80000009E-02   6.19999990E-02
   66.0000000       3.28571424E-02   2.70000007E-02   6.40000030E-02
   68.0000000       3.58571485E-02   2.89999992E-02   6.70000017E-02
   70.0000000       4.01904769E-02   2.99999993E-02   9.09999982E-02
   72.0000000       4.50952351E-02   3.50000001E-02  0.111000001    
   74.0000000       4.88095284E-02   3.70000005E-02  0.140000001    
   76.0000000       5.48571423E-02   3.90000008E-02  0.174999997    
   78.0000000       5.78571372E-02   4.50000018E-02  0.158000007    
   80.0000000       6.50952384E-02   5.00000007E-02  0.202999994    
   82.0000000       7.29047656E-02   5.49999997E-02  0.254999995    
   84.0000000       7.60952458E-02   5.09999990E-02  0.273999989    
   86.0000000       7.89999887E-02   5.09999990E-02  0.284999996    
   88.0000000       8.16666633E-02   5.60000017E-02  0.289000005    
   90.0000000       8.37619007E-02   5.70000000E-02  0.287999988    
   92.0000000       8.18571448E-02   5.20000011E-02  0.287000000    
   94.0000000       7.90476203E-02   5.70000000E-02  0.275999993    
   96.0000000       7.73333386E-02   5.29999994E-02  0.266999990    
   98.0000000       7.48095289E-02   4.89999987E-02  0.237000003    
   100.000000       7.70952329E-02   5.09999990E-02  0.252999991    
   102.000000       7.94761851E-02   5.09999990E-02  0.264999986    
   104.000000       7.78571442E-02   4.60000001E-02  0.256000012    
   106.000000       7.72381052E-02   4.69999984E-02  0.211999997    
   108.000000       7.69999921E-02   5.09999990E-02  0.209000006    
   110.000000       7.87618980E-02   5.99999987E-02  0.202999994    
   112.000000       8.11904743E-02   6.70000017E-02  0.194000006    
   114.000000       7.85238147E-02   6.89999983E-02  0.174999997    
   116.000000       7.20476136E-02   6.30000010E-02  0.164000005    
   118.000000       6.92381039E-02   6.49999976E-02  0.143999994    
   120.000000       6.82380944E-02   6.40000030E-02  0.133000001    
   122.000000       7.19047561E-02   6.59999996E-02  0.160999998    
   124.000000       7.93333352E-02   7.19999969E-02  0.179000005    
   126.000000       8.40952396E-02   7.29999989E-02  0.180000007    
   128.000000       9.13809389E-02   7.80000016E-02  0.193000004    
   130.000000       9.65238065E-02   8.39999989E-02  0.206000000    
   132.000000      0.100095250       8.20000023E-02  0.201000005    
   134.000000      0.100619040       8.69999975E-02  0.221000001    
   136.000000       9.82857198E-02   8.50000009E-02  0.217999995    
   138.000000       9.31904837E-02   7.99999982E-02  0.211999997    
   140.000000       9.51428562E-02   7.59999976E-02  0.203999996    
   142.000000       9.67619047E-02   6.80000037E-02  0.215000004    
   144.000000       9.83809531E-02   7.19999969E-02  0.248999998    
   146.000000      0.102190472       7.19999969E-02  0.289000005    
   148.000000       9.86666530E-02   7.00000003E-02  0.280000001    
   150.000000      0.101095244       7.00000003E-02  0.284000009    
   152.000000      0.106142864       7.80000016E-02  0.273999989    
   154.000000      0.107047617       9.09999982E-02  0.254000008    
   156.000000      0.111000001       8.79999995E-02  0.261000007    
   158.000000      0.116380945       8.10000002E-02  0.287000000    
   160.000000      0.122999996       7.69999996E-02  0.347000003    
   162.000000      0.128857136       7.29999989E-02  0.404000014    
   164.000000      0.141142845       7.40000010E-02  0.476999998    
   166.000000      0.151523799       7.90000036E-02  0.513999999    
   168.000000      0.165761918       8.20000023E-02  0.537999988    
   170.000000      0.181523830       9.39999968E-02  0.554000020    
   172.000000      0.191380948      0.111000001      0.584999979    
   174.000000      0.193999991      0.112999998      0.560999990    
   176.000000      0.192523822      0.123999998      0.550999999    
   178.000000      0.191619053      0.152999997      0.566999972    
   180.000000      0.184619024      0.169000000      0.587000012    
   182.000000      0.175904781      0.135000005      0.523000002    
   184.000000      0.158238083      0.130999997      0.449999988    
   186.000000      0.145761907      0.123000003      0.354000002    
   188.000000      0.139904767      0.112999998      0.347999990    
   190.000000      0.140000001      0.114000000      0.338999987    
   192.000000      0.143380955      0.115999997      0.314999998    
   194.000000      0.157904759      0.125000000      0.365999997    
   196.000000      0.165666655      0.125000000      0.389999986    
   198.000000      0.170476198      0.127000004      0.397000015    
   200.000000      0.167190477      0.130999997      0.435999990    
   202.000000      0.156333327      0.109999999      0.428000003    
   204.000000      0.147428587      0.123999998      0.388000011    
   206.000000      0.140142858      0.123000003      0.275999993    
   208.000000      0.141619056       8.69999975E-02  0.374000013    
   210.000000      0.144000009       9.70000029E-02  0.379999995    
   212.000000      0.144619063       8.60000029E-02  0.375000000    
   214.000000      0.145476177       7.19999969E-02  0.411000013    
   216.000000      0.139190495       7.00000003E-02  0.407999992    
   218.000000      0.131380960       7.00000003E-02  0.374000013    
   220.000000      0.123190470       9.20000002E-02  0.308999985    
   222.000000      0.114857137       8.69999975E-02  0.280999988    
   224.000000      0.116380967      0.112000003      0.252000004    
   226.000000      0.113476187      0.107000001      0.213000000    
   228.000000      0.115952387      0.111000001      0.203999996    
   230.000000      0.116428569      0.119000003      0.194999993    
   232.000000      0.116809525      0.107000001      0.169000000    
   234.000000      0.125428557      0.123999998      0.203999996    
   236.000000      0.135095239      0.141000003      0.237000003    
   238.000000      0.159523800      0.150999993      0.277999997    
   240.000000      0.181952387      0.177000001      0.314999998    
   242.000000      0.220952377      0.199000001      0.345999986    
   244.000000      0.256857127      0.244000003      0.354999989    
   246.000000      0.286666662      0.305999994      0.386999995    
   248.000000      0.329619080      0.337000012      0.474000007    
   250.000000      0.354333341      0.365000010      0.513000011    
   252.000000      0.371476144      0.381000012      0.535000026    
   254.000000      0.378952354      0.398999989      0.564999998    
   256.000000      0.379476219      0.379000008      0.563000023    
   258.000000      0.377714306      0.419000000      0.620000005    
   260.000000      0.399142861      0.437000006      0.653999984    
   262.000000      0.439047664      0.446000010      0.656000018    
   264.000000      0.480380952      0.476999998      0.712000012    
   266.000000      0.527809501      0.500999987      0.781000018    
   268.000000      0.565285623      0.540000021      0.838999987    
   270.000000      0.591857076      0.569999993      0.906000018    
   272.000000      0.608952403      0.573000014      0.931999981    
   274.000000      0.614285707      0.588999987      0.963000000    
   276.000000      0.612904787      0.611000001       1.00000000    
   278.000000      0.593809605      0.573000014      0.981999993    
   280.000000      0.566761911      0.564999998      0.949999988    
   282.000000      0.529285729      0.540000021      0.828999996    
   284.000000      0.502380908      0.538999975      0.834999979    
   286.000000      0.473380983      0.549000025      0.857999980    
   288.000000      0.454333365      0.547999978      0.883000016    
   290.000000      0.446142793      0.545000017      0.899999976    
   292.000000      0.445666671      0.463999987      0.912000000    
   294.000000      0.454571456      0.481000006      0.921000004    
   296.000000      0.457952350      0.479000002      0.927999973    
   298.000000      0.452047616      0.462000012      0.925000012    
   300.000000      0.439857155      0.437000006      0.915000021    
   302.000000      0.428761899      0.409999996      0.901000023    
   304.000000      0.417523831      0.367000014      0.879000008    
   306.000000      0.405999988      0.289999992      0.856000006    
   308.000000      0.398761898      0.294999987      0.834999979    
   310.000000      0.385857135      0.257999986      0.806999981    
   312.000000      0.378428549      0.254999995      0.790000021    
   314.000000      0.367190480      0.256000012      0.777000010    
   316.000000      0.353428572      0.244000003      0.760999978    
   318.000000      0.328000009      0.239999995      0.746999979    
