   -14.023      27     0.300
   -14.048      17     0.300
   -18.022      27     0.300
   -26.083      17     0.300
   -36.034      18     0.300
   -38.018       3     0.300
   -38.047      16     0.300
   -50.056      18     0.300
   -56.025      14     0.300
   -90.082      28     0.300
  -102.014      49     0.300
     4.005      17     0.301
     4.007      19     0.301
     6.022      18     0.301
    -0.046      19     0.301
    -6.016      27     0.301
   -51.995      20     0.301
    -7.987       5     0.302
   -14.039       6     0.302
   -15.973       8     0.302
   -18.036      16     0.302
   -26.036       6     0.302
   -40.021      19     0.302
   -40.078      26     0.302
   -48.005      14     0.302
   -54.024      28     0.302
   -77.976      28     0.302
     4.072       8     0.303
    -3.954      20     0.303
   -14.032      17     0.303
   -22.022       5     0.303
   -34.032      19     0.303
   -35.969       3     0.303
   -39.998      16     0.303
   -52.015      14     0.303
  -118.016      55     0.303
    -5.937      27     0.304
   -18.007      28     0.304
   -36.008       9     0.304
     4.022      17     0.305
     8.028      18     0.305
    12.021       7     0.305
    15.977       7     0.305
   -10.036      17     0.305
   -11.971      25     0.305
   -14.003      26     0.305
   -52.059      19     0.305
   -96.090      50     0.305
    -6.016      26     0.306
    14.033      19     0.306
   -12.069      17     0.306
   -14.101      17     0.306
   -27.970       6     0.306
   -32.021      19     0.306
   -44.057      17     0.306
   -50.052      14     0.306
   -52.059      20     0.306
  -100.054      49     0.306
  -118.076      54     0.306
   -12.037      25     0.307
   -40.012      18     0.307
   -40.095      19     0.307
   -77.976      27     0.307
   -86.075      27     0.307
    -4.033      20     0.308
    14.010       7     0.308
    14.033      20     0.308
    19.993      26     0.308
   -14.039       5     0.308
   -23.990       4     0.308
   -31.984       5     0.308
   -35.988      10     0.308
   -40.031      19     0.308
   -52.067      18     0.308
     6.058      19     0.309
    -8.004      27     0.309
   -12.069      18     0.309
   -16.005       6     0.309
   -20.023      26     0.309
   -20.085      16     0.309
   -24.050      16     0.309
   -34.032      26     0.309
   -35.982      26     0.309
   -52.021      18     0.309
   -78.018      24     0.309
     0.069      20     0.310
     4.033      17     0.310
     8.039      17     0.310
   -20.036      25     0.310
   -20.074      18     0.310
   -24.037      26     0.310
   -34.017      25     0.310
   -42.062      26     0.310
   -96.048      49     0.310
  -136.068      55     0.310
    -7.970      27     0.311
   -16.044      18     0.311
   -18.022       5     0.311
   -33.986      19     0.311
   -44.024      24     0.311
   -46.038      17     0.311
   -50.049      17     0.311
   -52.046      15     0.311
   -54.012      15     0.311
     6.040       8     0.312
    -5.936       5     0.312
   -11.988      18     0.312
   -22.019       6     0.312
   -34.004       4     0.312
   -52.015      16     0.312
   -56.010      16     0.312
  -122.079      54     0.312
     8.043      19     0.313
   -94.045      50     0.313
     8.025      19     0.314
    12.066      19     0.314
   -18.036      17     0.314
   -18.042      27     0.314
   -40.021       8     0.314
   -54.024      27     0.314
   -98.051      50     0.314
  -116.072      55     0.314
     2.050      18     0.315
     4.055      18     0.315
   -18.042      22     0.315
   -21.988      26     0.315
   -32.021       3     0.315
   -37.972       6     0.315
   -37.999      18     0.315
   -40.028      27     0.315
   -52.067      26     0.315
   -58.015      27     0.315
  -106.060      49     0.315
  -106.060      50     0.315
   -25.970      27     0.316
   -34.004       3     0.316
   -36.018      19     0.316
   -37.982      19     0.316
   -46.009      24     0.316
  -100.095      50     0.316
    -5.987      17     0.317
   -22.041       8     0.317
   -27.958      10     0.317
   -34.035      19     0.317
   -44.059      17     0.317
   -47.987      19     0.317
   -51.957      27     0.317
  -102.035      49     0.317
     6.039      18     0.318
    10.014      19     0.318
    16.071       6     0.318
   -39.998      15     0.318
   -42.062      15     0.318
  -100.074      50     0.318
  -134.039      55     0.318
     4.005      18     0.319
   -11.985      20     0.319
   -21.988      22     0.319
   -24.025       6     0.319
   -52.039      27     0.319
   -30.019      19     0.320
     1.955      18     0.321
     8.060      27     0.321
    -4.014      19     0.321
    -8.004      20     0.321
    -8.021       8     0.321
   -14.020      25     0.321
   -48.085      17     0.321
    -4.032       5     0.322
    -7.921      20     0.322
   -18.004       5     0.322
   -24.035      17     0.322
   -26.014      16     0.322
   -38.047      19     0.322
  -123.992      54     0.322
     8.029       8     0.323
    -9.925       8     0.323
   -23.987       6     0.323
   -30.053       5     0.323
   -49.974      19     0.323
  -120.059      55     0.323
    -5.987      26     0.324
   -16.012      18     0.324
   -18.077      17     0.324
   -31.956       4     0.324
   -38.037      10     0.324
   -42.005      20     0.324
     3.954      17     0.325
   -16.052      19     0.325
   -31.956      28     0.325
    18.039       8     0.326
   -18.042      20     0.326
   -24.020      18     0.326
   -80.022      28     0.326
   -21.987      17     0.327
   -24.037      19     0.327
   -24.037      22     0.327
   -26.002      19     0.327
   -44.076      15     0.327
   -48.086      17     0.327
   -80.022      27     0.327
  -120.036      54     0.327
     2.021      20     0.328
    -4.033      26     0.328
    17.986       6     0.328
   -21.976      19     0.328
   -31.956       3     0.328
   -36.034      19     0.328
   -88.037      28     0.328
    -1.982      20     0.329
    12.066      20     0.329
   -29.954      19     0.329
   -29.972       3     0.329
   -32.002      19     0.329
   -42.050      10     0.329
   -82.088      24     0.329
     5.992      19     0.330
   -19.979      17     0.330
  -104.016      50     0.330
     5.989      17     0.331
    20.060       5     0.331
   -16.012      17     0.331
   -18.022       6     0.331
   -35.999      19     0.331
    -1.982       5     0.332
    -6.016      20     0.332
   -21.988      19     0.332
   -27.989      19     0.332
   -34.032      25     0.332
   -34.051      19     0.332
   -40.001      10     0.332
   -42.046      16     0.332
   -96.069      50     0.332
  -128.102      54     0.332
     2.005      18     0.333
     4.024      19     0.333
    -3.954      26     0.333
    -4.032      20     0.333
    -8.004      26     0.333
    10.045       7     0.333
   -10.001      19     0.333
   -13.989      18     0.333
   -30.053       4     0.333
   -42.009      16     0.333
   -52.050      16     0.333
   -82.067      27     0.333
   -10.020      18     0.334
   -18.009      18     0.334
   -21.941       3     0.334
   -29.988      28     0.334
   -36.000      26     0.334
   -42.096      17     0.334
   -43.951      10     0.334
   -49.992      19     0.334
   -96.090      49     0.334
  -116.072      54     0.334
     8.029      20     0.335
    -6.002      19     0.335
   -30.027      19     0.335
   -30.053       3     0.335
   -44.026      15     0.335
   -46.039      15     0.335
   -48.036      15     0.335
   -84.029      27     0.335
     9.944       5     0.336
   -11.988      19     0.336
   -37.972       8     0.336
   -41.968       6     0.336
   -44.034      10     0.336
   -88.015      24     0.336
     3.988      18     0.337
   -15.972      18     0.337
   -27.989      25     0.337
   -29.972      19     0.337
   -32.021       5     0.337
   -37.992       8     0.337
   -50.020      18     0.337
   -54.044      16     0.337
   -82.067      28     0.337
   -16.072      27     0.338
   -20.023      19     0.338
   -23.990       3     0.338
   -26.005       6     0.338
   -39.984      18     0.338
   -41.968       7     0.338
   -52.002      18     0.338
   -10.001      18     0.339
   -16.004      19     0.339
   -18.054       7     0.339
  -102.118      50     0.339
  -108.025      55     0.339
    16.005       8     0.340
   -15.972      27     0.340
   -18.054      19     0.340
   -20.053       6     0.340
   -34.051      18     0.340
   -40.078      16     0.340
   -86.075      28     0.340
    -2.030      18     0.341
   -19.972      28     0.341
   -40.066      20     0.341
   -99.991      49     0.341
  -126.035      54     0.341
     2.034      17     0.342
    -9.970      27     0.342
   -11.990      27     0.342
   -22.006       3     0.342
   -22.028      17     0.342
   -37.992       7     0.342
  -122.019      55     0.342
  -138.086      55     0.342
   -11.971       7     0.343
   -11.975       8     0.343
   -16.028      18     0.343
   -20.007      22     0.343
   -26.039       4     0.343
   -40.021      10     0.343
   -46.104      17     0.343
   -54.004      27     0.343
   -84.029      28     0.343
     9.996       8     0.344
   -19.957      19     0.344
   -36.026       8     0.344
   -83.988      24     0.344
     2.036      19     0.345
     4.072      20     0.345
    -0.046      18     0.345
    -8.035      19     0.345
   -13.972      20     0.345
   -23.972       3     0.345
   -28.004       4     0.345
   -28.070       3     0.345
   -30.007      10     0.345
   -36.008       6     0.345
   -52.050      15     0.345
  -128.079      54     0.345
    -8.035      18     0.346
   -18.061      18     0.346
   -24.076      17     0.346
   -26.006      18     0.346
   -26.021       3     0.346
   -32.067      19     0.346
   -37.928      20     0.346
   -37.999      19     0.346
   -42.032      18     0.346
   -56.051      27     0.346
     0.069       5     0.347
    -7.969      19     0.347
   -42.060      18     0.347
   -52.050      18     0.347
  -138.063      55     0.347
    -5.936      19     0.348
    -6.017      20     0.348
    20.089       5     0.348
   -14.069      25     0.348
   -26.039       3     0.348
   -50.052      17     0.348
  -109.985      55     0.348
    -2.030      19     0.349
   -15.973      20     0.349
   -28.004       3     0.349
   -28.055      18     0.349
   -40.066       7     0.349
   -41.985      10     0.349
   -44.016       7     0.349
   -50.056      19     0.349
   -50.083      15     0.349
     6.005       6     0.350
    14.100       8     0.350
   -44.034       7     0.350
  -112.029      55     0.350
     0.069      19     0.351
    -5.970       8     0.351
    10.028      27     0.351
    16.019       6     0.351
   -45.980       7     0.351
   -47.987      18     0.351
   -50.052      16     0.351
  -132.080      55     0.351
   -28.070      19     0.352
   -42.058      26     0.352
    -7.987      17     0.353
    12.029       7     0.353
   -17.960       8     0.353
   -19.945      20     0.353
   -20.058      18     0.353
   -26.040      17     0.353
   -32.002      18     0.353
   -37.972      10     0.353
    -7.987      27     0.354
   -24.025      19     0.354
   -54.110      16     0.354
   -98.030      49     0.354
  -112.007      55     0.354
     2.034      18     0.355
     6.040      20     0.355
    -9.970      26     0.355
   -28.023      28     0.355
   -36.022      17     0.355
   -54.030      16     0.355
     2.022      18     0.356
   -27.978      19     0.356
   -36.030      27     0.356
   -44.024      18     0.356
   -48.005      17     0.356
   -86.033      24     0.356
    14.019       6     0.357
   -14.003      19     0.357
   -14.069      26     0.357
   -18.004      25     0.357
  -114.073      55     0.357
    -4.032      19     0.358
   -13.942       8     0.358
   -20.085      17     0.358
   -30.019      18     0.358
   -30.019      22     0.358
   -32.056      10     0.358
   -44.057      16     0.358
   -48.056      18     0.358
  -118.031      55     0.358
    -1.982      19     0.359
    -7.970      18     0.359
    -9.972      20     0.359
    12.048       8     0.359
    18.008       5     0.359
   -13.954      19     0.359
   -13.988      19     0.359
   -22.039      26     0.360
   -39.957      20     0.360
  -124.062      55     0.360
     3.954       6     0.361
    -5.936      20     0.361
   -18.036      19     0.361
   -18.042      26     0.361
   -20.036       5     0.361
   -22.055      22     0.361
   -26.021      19     0.361
   -29.954      18     0.361
   -36.008      10     0.361
   -42.050       6     0.361
   -10.019      19     0.362
   -14.069      27     0.362
   -16.022      20     0.362
   -30.019      18     0.362
   -36.015      18     0.362
   -50.011      20     0.362
   -12.019      27     0.363
   -38.018       7     0.363
   -46.009      18     0.363
   -46.024      19     0.363
   -48.008      18     0.363
   -27.970      18     0.364
   -24.005      27     0.365
   -26.002      25     0.365
   -28.089      17     0.365
   -36.006       8     0.365
   -46.039      18     0.365
   -48.005      16     0.365
   -48.073      19     0.365
   -52.046      18     0.365
   -98.113      50     0.365
   -14.069      18     0.366
   -38.001      19     0.366
  -104.016      49     0.366
     6.005       5     0.367
    -6.004      18     0.367
   -32.032      25     0.367
   -32.067      18     0.367
   -46.104      16     0.367
   -50.066      15     0.367
   -23.972      19     0.368
   -25.928      19     0.368
   -26.005      18     0.368
   -29.990      17     0.368
   -39.984      19     0.368
   -45.999       7     0.368
  -118.031      54     0.368
    -3.920       8     0.369
    18.025      27     0.369
   -18.077      18     0.369
   -20.047      18     0.369
   -22.006      19     0.369
   -22.039      18     0.369
   -24.019      18     0.369
   -50.011      19     0.369
   -10.020      27     0.370
   -22.022      28     0.370
     1.983      17     0.371
   -12.019      26     0.371
   -16.003      17     0.371
   -22.022       6     0.371
   -32.002       6     0.371
   -46.073      15     0.371
     2.036       5     0.372
    -5.937      17     0.372
    14.030       6     0.372
    18.054       5     0.372
   -10.005       7     0.372
   -27.989      18     0.372
   -30.049      27     0.372
   -40.028      26     0.372
   -22.054      18     0.373
   -36.015      19     0.373
   -14.003      25     0.374
   -21.941      28     0.374
   -24.020      22     0.374
   -26.006      22     0.374
   -28.055      22     0.374
   -33.952      25     0.374
   -37.972      19     0.374
   -50.066      16     0.374
   -52.081      16     0.374
   -80.063      24     0.374
   -90.039      24     0.374
    -6.033      19     0.375
    12.017      27     0.375
    16.071       8     0.375
   -10.036      27     0.375
   -12.037      19     0.375
   -22.039      27     0.375
   -31.984      18     0.375
   -40.028      16     0.375
   -48.028      19     0.375
   -49.974      18     0.375
   -86.033      24     0.375
  -134.026      55     0.375
    12.030       6     0.376
   -22.044      18     0.376
   -47.983      20     0.376
   -50.031      20     0.376
    -5.937      26     0.377
   -20.005      18     0.377
   -31.984      26     0.377
   -34.032      18     0.377
   -36.050      17     0.377
     0.000      18     0.378
   -26.002      18     0.378
   -32.002       5     0.378
   -42.013      19     0.378
   -44.076      18     0.378
     2.050       6     0.379
   -31.956       7     0.379
   -40.095      27     0.379
   -42.032      19     0.379
   -52.046      16     0.379
    -0.029      18     0.380
    -1.950      19     0.380
   -15.992       6     0.380
   -15.992       8     0.380
   -34.031      19     0.380
   -34.059      17     0.380
   -38.001      18     0.380
   -87.994      24     0.380
    -3.954      18     0.381
   -30.019       5     0.381
   -40.095      16     0.381
   -46.039      17     0.381
   -19.979      18     0.382
   -34.000      26     0.382
   -38.018      20     0.382
   -44.061      19     0.382
   -46.025      19     0.382
   -46.044      18     0.382
     2.050      17     0.383
    -1.953       8     0.383
    -9.987      19     0.383
   -24.037      18     0.383
   -33.977       7     0.383
    20.089       6     0.384
   -11.985      19     0.384
   -34.021      10     0.384
   -36.008       8     0.384
    16.103       5     0.385
   -15.986      25     0.385
   -17.987       5     0.385
   -34.004       7     0.385
   -40.095      26     0.385
   -45.980      19     0.385
   -48.008      19     0.385
   -48.047      20     0.385
    -8.000      19     0.386
   -15.955       5     0.386
   -16.081      17     0.386
  -114.050      54     0.386
    -4.033      17     0.387
    20.092       7     0.387
   -11.973      26     0.387
   -18.004       6     0.387
   -30.053      28     0.387
   -36.026      20     0.387
   -40.066       6     0.387
   -52.063      16     0.387
  -136.044      55     0.387
    -0.017      17     0.388
    10.062       6     0.388
    14.030       5     0.388
   -12.069      27     0.388
   -17.955      18     0.388
   -18.036      18     0.388
   -18.061      17     0.388
   -21.988      18     0.388
   -33.986       6     0.388
   -94.025      49     0.388
   -18.042       8     0.389
   -24.008      18     0.389
   -24.019       6     0.389
   -44.009      17     0.389
    -5.985      18     0.390
   -12.022      20     0.390
   -41.968      19     0.390
  -102.118      49     0.390
  -130.038      55     0.390
   -10.020      17     0.391
   -17.988      20     0.391
   -20.010       8     0.391
   -20.023      18     0.391
   -22.028      18     0.391
   -35.969       7     0.391
   -48.103      16     0.391
  -126.059      54     0.391
     8.043       5     0.392
    -3.934      19     0.392
    14.051       5     0.392
   -20.007      27     0.392
   -22.019      27     0.392
   -46.044      19     0.392
    -1.983      17     0.393
    -3.967      20     0.393
   -12.002      18     0.393
   -17.960      20     0.393
   -24.076      18     0.393
   -26.057      18     0.393
   -34.031      18     0.393
   -39.965      19     0.393
    -3.934      18     0.394
    20.022       6     0.394
   -20.036       6     0.394
   -34.021       8     0.394
   -44.009      16     0.394
  -116.033      55     0.394
    14.019       8     0.395
    19.993      27     0.395
   -15.986      19     0.395
   -16.022       5     0.395
   -24.006       8     0.395
   -24.037      25     0.395
   -26.040      18     0.395
   -50.016      18     0.395
    -8.017       7     0.396
   -21.995      20     0.396
   -37.998      27     0.396
   -12.002      27     0.397
   -15.972       5     0.397
   -24.009      28     0.397
   -28.089      18     0.397
   -29.990      18     0.397
   -48.047      19     0.397
  -100.074      49     0.397
     0.000       6     0.398
   -32.056       8     0.398
   -12.019      18     0.399
   -19.945       8     0.399
   -44.016      19     0.399
   -50.039      18     0.399
  -118.076      55     0.399
   -46.056      16     0.400
     0.051      18     0.401
    -2.050       6     0.401
    -5.985      19     0.401
   -28.004       5     0.401
    -4.001      19     0.402
    10.014      20     0.402
   -24.025      18     0.402
   -33.977       8     0.402
     4.024       5     0.403
    -6.004      26     0.403
   -16.052      18     0.403
   -13.989      27     0.404
   -15.972       6     0.404
   -44.039      19     0.404
  -120.036      55     0.404
  -136.104      55     0.404
     0.051      20     0.405
   -20.038      20     0.406
   -28.021      18     0.406
   -28.038      18     0.406
   -36.017      19     0.406
   -36.018      18     0.406
   -16.004       7     0.407
   -30.086      18     0.407
   -42.075      16     0.407
    11.999       5     0.408
   -16.052      26     0.408
   -25.989      18     0.408
   -42.046      15     0.408
   -43.997      18     0.408
   -82.026      24     0.408
  -126.022      55     0.408
    10.062       7     0.409
   -21.988      25     0.409
   -21.995       8     0.409
   -35.969      20     0.409
   -38.018       6     0.409
     3.954       5     0.410
    -8.037      26     0.410
   -14.039      27     0.410
   -20.023      25     0.411
   -38.097      17     0.411
   -84.071      24     0.411
   -15.972      25     0.412
   -18.036      25     0.412
   -32.038      17     0.412
   -43.951       7     0.412
    -5.967       7     0.413
   -14.020      18     0.413
   -17.974      27     0.413
   -23.961       8     0.413
    -3.954       6     0.414
    -4.021      17     0.414
   -33.952      26     0.414
   -34.086      17     0.414
   -43.997      19     0.414
     8.039       6     0.415
    -0.017      18     0.415
   -15.986      18     0.416
  -134.085      55     0.416
    -6.004       6     0.417
   -13.988      20     0.417
   -24.025       8     0.417
  -116.010      54     0.417
  -124.100      54     0.417
    -2.000      20     0.418
    12.030       8     0.418
   -21.976       6     0.418
   -25.974      28     0.418
   -30.053       7     0.418
   -50.083      16     0.418
   -10.020       6     0.419
   -13.972      19     0.419
   -15.975      19     0.419
   -21.941      20     0.419
   -34.017      26     0.419
   -36.017      18     0.419
   -37.982      18     0.419
   -39.965      18     0.419
   -40.049      17     0.419
  -132.066      55     0.419
   -38.064      19     0.420
    -7.970       6     0.421
   -20.047      17     0.421
   -50.034      16     0.421
  -120.075      54     0.421
   -23.990      20     0.422
   -31.984      25     0.422
     5.992       5     0.423
    -7.987      19     0.423
    -7.987      20     0.423
    18.025       7     0.423
     0.036       8     0.424
   -16.022       6     0.424
   -38.064      26     0.424
   -48.103      15     0.424
  -126.036      54     0.424
   -30.069      18     0.425
   -32.012       7     0.425
   -40.066      19     0.425
   -46.019      20     0.425
    -1.983      18     0.426
    -5.937      18     0.426
    -5.967      19     0.426
    -8.017      19     0.426
   -27.970       5     0.426
   -34.004      20     0.426
   -36.050      18     0.426
  -128.064      55     0.426
  -130.024      55     0.426
    -1.950      18     0.427
   -17.987       6     0.427
   -20.038      19     0.427
   -21.976       8     0.427
   -28.004      28     0.427
   -42.058      16     0.427
   -44.076      17     0.427
  -128.079      55     0.427
   -14.003      18     0.428
   -22.012      18     0.428
   -22.054       6     0.428
   -96.069      49     0.428
   -10.005      18     0.429
   -16.022      19     0.429
   -20.053      27     0.429
   -44.039      16     0.429
   -50.066      18     0.429
    -8.004      18     0.431
    -9.953      20     0.431
    19.993       7     0.431
   -13.942       6     0.431
   -13.972       5     0.431
   -26.010       8     0.431
   -32.074      17     0.431
   -36.117      18     0.431
   -38.018      18     0.431
   -47.991      18     0.431
     0.016      17     0.432
   -15.955       6     0.432
   -26.039      20     0.432
   -32.012       8     0.432
   -42.062      16     0.432
     7.994       7     0.433
    -4.033      18     0.433
     2.003       8     0.434
    14.068      27     0.434
    18.039       7     0.434
   -23.990      28     0.434
   -44.009      15     0.434
    10.062       8     0.435
  -122.057      54     0.435
   -20.053      25     0.436
   -30.058      18     0.436
   -42.013      18     0.436
   -98.113      49     0.436
     2.050       5     0.437
     8.011       8     0.437
    10.032       5     0.437
    16.036       7     0.437
   -13.972       6     0.437
   -22.012      17     0.437
   -29.962       7     0.437
   -31.956      20     0.437
   -32.022      18     0.437
   -32.038      18     0.437
   -37.992      20     0.437
   -37.998      26     0.437
   -50.016      16     0.437
     8.025      20     0.438
   -23.961      20     0.438
   -24.025      26     0.438
   -34.041       8     0.438
   -34.070      18     0.438
   -38.047      27     0.438
   -47.987      16     0.438
    -2.034      17     0.439
   -14.020      19     0.439
   -17.988      19     0.439
   -28.004      20     0.439
   -46.056      15     0.439
     8.039       5     0.440
   -12.069       6     0.440
   -24.060      18     0.440
   -30.067      25     0.440
   -42.050       7     0.440
    20.025       6     0.441
   -26.108      18     0.441
     8.011       6     0.442
    -7.987      26     0.442
   -32.050      18     0.442
   -42.029      18     0.442
    -9.953      19     0.443
   -11.971      18     0.443
   -29.962       8     0.443
   -34.086      18     0.443
   -38.047      26     0.443
   -41.985       7     0.443
   -10.036      18     0.444
   -16.022      27     0.444
   -26.039      28     0.444
   -29.954       6     0.444
   -33.977      20     0.444
   -35.999      26     0.444
   -36.006       7     0.444
   -38.097      18     0.444
     4.054       8     0.445
     6.058      20     0.445
    -2.050      18     0.445
   -14.069       5     0.445
   -14.069       6     0.445
   -26.039       7     0.445
   -27.997       8     0.445
   -28.004       7     0.445
   -42.046      17     0.445
   -46.024      16     0.445
    -2.000      18     0.446
    -7.970      17     0.446
    -9.970      18     0.446
    16.036      27     0.446
   -18.004      27     0.446
   -28.001      27     0.446
   -36.030      26     0.446
     6.106       8     0.447
     8.011       7     0.447
    -8.017      18     0.447
   -20.005       6     0.447
   -23.990       7     0.447
   -35.999      27     0.447
   -46.024      18     0.447
    11.979       6     0.448
   -40.001       6     0.448
   -40.065      18     0.448
    18.057       6     0.449
   -34.021       6     0.449
    18.054       6     0.450
   -18.052      17     0.450
   -44.061      18     0.450
  -114.050      55     0.450
     2.039      20     0.451
    -1.933      18     0.451
   -32.055      18     0.451
   -48.073      18     0.451
   -12.069       5     0.452
   -24.025      27     0.452
   -44.043      16     0.452
    -4.001      18     0.453
    -6.016      18     0.453
   -15.975      20     0.453
   -20.007      26     0.453
   -27.997       7     0.453
   -30.007       8     0.453
   -30.053      20     0.453
   -40.028      19     0.453
  -120.097      54     0.453
    11.979       5     0.454
   -24.060      17     0.454
   -38.064      18     0.454
   -42.075      19     0.454
     0.000       5     0.455
    14.068       7     0.455
   -17.987      27     0.455
   -26.005       5     0.455
     6.106       6     0.456
   -15.955      27     0.456
   -25.993       8     0.456
   -30.019      26     0.456
     4.007      20     0.457
   -39.998      17     0.457
   -48.053      16     0.459
    -3.966      18     0.460
   -10.020       5     0.460
   -17.941      19     0.460
   -20.010      20     0.460
   -34.066      27     0.460
   -38.064      27     0.460
    -2.050       5     0.461
    -7.970       5     0.461
   -38.018      19     0.461
     0.000      17     0.462
    -6.004      17     0.462
   -10.005      19     0.462
   -11.975       6     0.462
   -20.010       6     0.462
   -28.010      18     0.462
   -36.006      20     0.462
   -48.103      18     0.462
  -120.075      55     0.462
    16.005       6     0.463
   -13.972      27     0.463
   -36.008      19     0.463
   -38.002      17     0.463
   -44.026      16     0.463
    -6.004       5     0.464
   -12.003      20     0.464
   -21.941      19     0.464
   -27.958       8     0.464
   -35.969       6     0.464
   -46.006      16     0.464
   -48.036      16     0.464
   -25.928       8     0.465
   -26.010       7     0.465
   -34.035      26     0.465
   -42.029      17     0.465
   -17.955       6     0.466
     6.022       7     0.467
    -8.000      18     0.467
   -13.954       7     0.467
   -40.031      18     0.467
   -45.999      19     0.467
     5.989       6     0.468
    -4.001       7     0.468
   -13.989       5     0.468
   -17.955      26     0.468
   -31.956      19     0.468
    -5.967      18     0.469
   -31.992       8     0.469
   -40.028      18     0.470
   -45.999      20     0.470
     4.054       6     0.471
   -17.983      17     0.471
   -26.010      20     0.471
    -3.954       5     0.472
   -16.052      25     0.473
   -32.035      26     0.473
   -46.073      16     0.473
   -11.971      19     0.474
   -32.012      20     0.474
   -44.034      20     0.474
   -50.083      18     0.474
  -122.079      55     0.475
   -13.989       6     0.476
   -21.941       7     0.476
   -27.978       8     0.476
   -46.025      18     0.476
   -34.019      18     0.477
   -34.035      18     0.477
  -134.062      55     0.477
    -1.950       7     0.478
   -23.990      19     0.478
   -30.027       8     0.478
    -2.050      17     0.479
    -7.987      18     0.479
    16.002       5     0.479
   -12.003      19     0.479
   -29.954       5     0.479
   -24.019       5     0.480
   -29.962      20     0.480
  -132.043      55     0.480
    -3.954      17     0.481
   -16.052       6     0.481
     4.055       7     0.482
    -3.983      18     0.482
    16.071       7     0.482
   -12.019       5     0.482
   -23.961       7     0.482
   -30.019      25     0.482
   -39.998      18     0.482
   -40.065      17     0.482
   -42.046      18     0.482
  -122.034      54     0.482
     2.003       6     0.483
   -13.991      20     0.483
   -30.026      17     0.483
   -46.056      18     0.483
  -126.036      55     0.483
   -26.108      17     0.484
   -28.004      19     0.484
   -30.053      19     0.484
   -32.050      25     0.484
   -44.009      18     0.484
    -6.033      18     0.485
   -26.039      19     0.485
   -27.997      20     0.485
    -9.925       6     0.486
   -34.070      17     0.486
    -0.046       7     0.487
   -35.969      19     0.487
   -36.117      17     0.487
     2.005       7     0.488
   -46.090      18     0.488
  -118.054      54     0.488
    12.017       7     0.490
   -34.041       7     0.490
    10.011       6     0.491
    16.002       6     0.491
   -12.019       6     0.491
   -19.991      19     0.492
   -22.054       5     0.492
   -40.021       7     0.492
   -44.042      18     0.492
   -20.036      27     0.493
   -26.036      27     0.493
   -38.018      17     0.493
    14.100       6     0.494
   -14.003       6     0.494
   -15.957      20     0.494
   -42.075      18     0.494
   -34.041      20     0.495
   -13.991      19     0.496
   -15.972      26     0.496
   -25.989      26     0.496
   -35.999      18     0.496
     0.036       6     0.497
   -21.976      20     0.497
   -34.021      19     0.497
   -17.960       6     0.498
   -21.995       7     0.498
   -28.062      17     0.498
   -36.066      18     0.498
   -48.053      18     0.498
   -32.022      17     0.499
   -41.995      18     0.499
    -8.021       6     0.500
   -12.037      18     0.500
   -43.951      19     0.500
   -10.036      26     0.501
   -32.021       6     0.501
   -32.032      26     0.501
   -34.004      19     0.501
   -25.989      27     0.502
   -43.951      20     0.502
     5.989       5     0.503
    -1.953       6     0.503
   -27.970      26     0.503
   -30.058      17     0.504
   -34.035      27     0.504
    10.011       5     0.506
    14.019       7     0.506
   -28.010      17     0.506
    -5.970       6     0.507
   -12.037       6     0.507
   -42.062      18     0.507
   -19.945       7     0.508
   -20.005       5     0.508
   -20.016      17     0.508
   -32.050      26     0.508
   -36.038      17     0.508
   -15.957      19     0.509
   -16.005      27     0.509
   -28.038      26     0.509
    -3.920       6     0.510
   -17.941      20     0.510
   -20.038       7     0.510
  -124.039      55     0.510
   -14.023      26     0.511
   -22.041      19     0.511
   -29.972       5     0.511
   -12.002       5     0.512
   -12.002       6     0.512
     4.022       6     0.513
   -20.005      26     0.513
   -32.050      26     0.513
   -44.039      18     0.513
   -48.036      18     0.513
   -28.038      27     0.514
  -132.103      55     0.514
    -9.970       5     0.515
    -9.987      18     0.515
    20.025       7     0.515
   -38.030      18     0.515
   -22.019      25     0.516
  -124.077      54     0.516
    18.037       5     0.518
   -18.042       7     0.518
   -38.047      18     0.519
  -124.077      55     0.519
   -26.039       5     0.520
   -27.989       6     0.520
   -30.086      26     0.520
   -40.078      18     0.520
   -22.022      27     0.521
   -23.987      27     0.521
   -24.025      20     0.521
   -31.992       7     0.521
   -20.032      17     0.522
   -24.006      19     0.522
   -32.050      27     0.522
   -40.001       7     0.522
   -42.050      19     0.522
   -11.988       7     0.523
   -27.989       5     0.523
   -32.056      19     0.523
  -116.010      55     0.523
    12.030       7     0.524
   -26.005      26     0.524
   -36.096      27     0.524
   -41.985      20     0.524
    18.037       6     0.525
   -17.955       5     0.525
   -18.007      20     0.525
   -25.993      19     0.525
   -31.992      20     0.525
    14.013       5     0.526
    20.010       5     0.526
    14.013       6     0.527
   -40.095      18     0.528
  -126.082      55     0.528
   -15.992       7     0.529
   -30.086      27     0.529
   -46.006      18     0.530
     8.023       6     0.531
   -36.017      26     0.531
   -28.019      25     0.532
   -24.050      17     0.533
   -18.007      19     0.534
   -19.972      20     0.534
   -34.066      26     0.534
    -9.970       6     0.535
    10.028       7     0.535
   -15.973       6     0.535
   -22.054      26     0.535
   -22.064      17     0.535
   -26.014      17     0.535
   -46.073      18     0.535
    10.062       7     0.536
    12.048       6     0.536
   -34.004       6     0.536
  -130.061      55     0.536
   -44.026      18     0.537
     6.027       7     0.538
   -30.027       7     0.538
  -122.034      55     0.538
  -130.084      55     0.538
    20.010       6     0.539
   -13.942       7     0.539
   -20.053      26     0.539
   -24.019      26     0.539
   -25.928      20     0.539
   -30.027      20     0.539
     0.036       7     0.540
   -16.052       5     0.540
   -30.067      26     0.540
     2.003       7     0.541
    18.057       7     0.541
   -22.019      26     0.541
   -36.096      26     0.541
    -1.953       7     0.542
   -19.991      20     0.542
   -24.005      25     0.542
   -40.021      20     0.542
   -19.972      19     0.543
     2.034       6     0.544
     8.011       7     0.544
   -27.978      20     0.544
  -128.041      55     0.544
    -7.970      26     0.545
   -10.036       6     0.545
     4.054       7     0.546
   -25.970      25     0.546
   -30.007      19     0.546
     4.022       5     0.547
     6.106       7     0.548
     9.996       6     0.548
   -10.003      26     0.548
   -10.036       5     0.548
   -30.001      26     0.548
     8.023       5     0.549
    19.993       5     0.549
   -11.975       7     0.549
    -3.920       7     0.550
   -38.037       7     0.550
   -24.005      26     0.551
   -42.050      20     0.551
  -122.057      55     0.551
   -12.002      26     0.552
   -22.055      27     0.552
   -27.958      19     0.552
    -5.970       7     0.554
   -27.978       7     0.554
  -128.102      55     0.554
    -9.987       6     0.555
   -14.003       5     0.555
   -22.080      17     0.555
    -8.021       7     0.556
    -9.925       7     0.556
   -17.988       7     0.556
   -27.970      25     0.556
     8.029       6     0.558
    12.046       6     0.558
   -18.022      25     0.558
   -37.972      20     0.559
   -10.001       7     0.560
   -26.002       6     0.560
   -22.022      19     0.561
  -124.100      55     0.561
    12.046       5     0.562
    16.005       7     0.562
   -25.928       7     0.562
   -14.007       6     0.563
   -26.002       5     0.563
   -42.058      18     0.563
     6.056       6     0.564
   -18.004      26     0.564
   -24.025       7     0.564
   -28.070       5     0.564
   -29.972       6     0.564
   -17.955      25     0.565
   -32.056       6     0.565
   -44.043      18     0.565
   -16.072      26     0.566
   -18.022      26     0.567
   -36.008      20     0.567
  -120.097      55     0.567
     6.040       6     0.568
   -23.990       5     0.568
   -24.044      17     0.569
   -32.018      27     0.569
    -7.987       6     0.570
   -21.976       7     0.570
   -28.019      26     0.570
    -8.000       6     0.571
   -26.030      17     0.572
     2.034       5     0.573
   -20.010       7     0.573
   -25.970      26     0.573
    -0.017       6     0.575
    -7.987       5     0.576
    14.100       7     0.578
   -12.037       5     0.578
    15.986       5     0.579
   -17.960       7     0.580
     4.072       6     0.581
   -31.956       6     0.581
    15.986       6     0.582
   -40.001      19     0.582
    -8.004       6     0.583
    -8.035       7     0.583
   -13.989      26     0.583
     8.060       7     0.584
     9.995       6     0.584
    -8.004       5     0.584
     6.056       5     0.585
   -34.053      17     0.585
   -37.972       7     0.585
  -126.059      55     0.585
   -30.049      26     0.586
    -5.937       6     0.587
   -22.022      20     0.587
   -38.037       6     0.587
  -118.054      55     0.587
    -1.983       6     0.588
    12.048       7     0.588
   -15.973       7     0.588
   -22.041      20     0.588
   -24.037       6     0.588
   -30.001      25     0.588
   -35.988      19     0.588
   -11.957       6     0.589
   -15.955      26     0.589
   -24.037       5     0.589
   -28.078      17     0.589
   -34.031      26     0.589
   -34.021      20     0.590
   -18.054      27     0.591
   -28.036      26     0.591
     2.021       6     0.592
     9.995       5     0.592
    18.021       5     0.592
     8.029       7     0.593
     9.996       7     0.593
    -4.033       6     0.593
     6.040       7     0.594
     4.005       6     0.595
    -6.033       6     0.595
   -21.941       5     0.596
   -34.048      27     0.596
     4.072       7     0.597
    -5.937       5     0.597
   -26.005      25     0.597
    -0.017       5     0.598
   -14.007       7     0.598
     2.021       7     0.599
   -33.940      19     0.599
    18.025       5     0.601
   -32.056      20     0.602
   -32.090      17     0.602
     8.028       6     0.603
    -9.990       6     0.603
     4.038       7     0.604
    -0.030       6     0.605
   -28.070       6     0.605
    -1.983       5     0.607
    -4.033       5     0.607
    -7.969       5     0.607
    -9.987       5     0.607
   -20.038       5     0.607
   -26.021       5     0.607
    -8.017       6     0.608
    14.018       5     0.608
    18.021       6     0.608
   -30.042      17     0.608
    -0.030       7     0.609
    14.018       6     0.609
   -21.988       6     0.609
   -36.017      27     0.609
   -10.019       5     0.610
   -30.007       6     0.610
   -34.048      26     0.610
    -3.983       6     0.611
   -10.005       6     0.611
   -11.957       7     0.611
   -20.005      25     0.611
   -21.988       5     0.611
    -1.934       6     0.612
   -24.006      20     0.612
    -5.967       6     0.613
    -6.002       5     0.613
   -11.985       5     0.613
   -16.022       5     0.613
   -17.988       5     0.613
     8.028       5     0.614
    -8.002       6     0.614
   -13.972       5     0.614
     4.005       5     0.615
    -5.985       7     0.615
    -6.016       6     0.615
   -30.007      20     0.615
     6.039       6     0.616
    -1.934       7     0.616
    -4.001       6     0.616
    19.993       6     0.616
     1.955       6     0.617
   -19.987      25     0.617
   -19.987      26     0.617
   -30.053       6     0.617
    -3.985       6     0.618
   -11.971       6     0.618
   -16.022       7     0.618
    -5.952       6     0.619
    -8.000       5     0.619
    -9.990       7     0.619
   -40.001      20     0.620
    -4.014       5     0.621
   -20.023       6     0.621
   -32.037      19     0.622
    -3.985       7     0.623
    -6.016       5     0.623
   -14.020       6     0.623
   -32.037      20     0.623
    -8.002       7     0.624
   -11.990      26     0.624
   -20.023      27     0.624
   -25.993      20     0.624
   -32.018      26     0.624
    -1.950       6     0.625
   -20.023       5     0.625
   -22.054      25     0.625
   -24.019      25     0.625
    -1.933       6     0.626
    -5.952       7     0.626
    12.029       5     0.626
    12.029       6     0.626
   -27.958      20     0.626
     3.988       6     0.627
    -3.966       6     0.627
   -15.986       6     0.627
   -18.036       6     0.627
     0.051       6     0.630
     2.022       6     0.630
    -0.029       6     0.630
   -24.020      27     0.630
     6.039       5     0.631
    -1.964       5     0.632
   -10.020      26     0.633
   -18.036       5     0.633
    -0.046       6     0.634
   -23.972       5     0.634
    -2.000       6     0.635
   -15.986       5     0.637
   -27.958       6     0.637
   -29.988      19     0.637
     1.955       5     0.638
     6.009       7     0.638
    -6.033       5     0.638
   -24.009      19     0.638
    16.036       5     0.639
   -14.020       5     0.639
   -24.009      20     0.639
   -25.974      20     0.639
   -29.969      27     0.639
    -3.966       5     0.640
    16.053       5     0.641
     2.005       6     0.642
    -5.985       5     0.642
   -10.005       5     0.642
   -11.971       5     0.642
   -25.974      19     0.642
    10.062       6     0.643
   -26.021       6     0.643
   -28.036      25     0.643
   -29.988      20     0.643
    10.062       5     0.644
   -28.023      19     0.644
     0.003       5     0.645
     3.988       5     0.645
    -3.934       5     0.645
    -8.035       5     0.645
   -28.023      20     0.645
   -35.988       6     0.646
   -35.988       7     0.646
    -8.017       5     0.647
   -33.940      20     0.647
   -38.037      19     0.647
   -22.036      25     0.648
   -22.036      26     0.648
     0.051       5     0.649
     4.055       6     0.649
     8.011       6     0.649
    -3.983       5     0.650
    -2.000       5     0.651
     1.987       7     0.652
     6.022       6     0.652
     8.011       5     0.652
   -10.001       5     0.652
   -36.008       7     0.652
     2.022       5     0.653
   -28.004       6     0.653
    -2.030       5     0.654
    -5.967       5     0.654
   -25.993       6     0.654
   -38.037      20     0.654
   -22.006       5     0.655
   -25.988      26     0.655
    -1.933       5     0.656
    -4.001       5     0.656
   -35.988      20     0.656
    -0.029       5     0.657
     2.054       5     0.658
     6.022       5     0.658
   -11.988       5     0.658
   -24.001      26     0.658
    16.053       6     0.659
   -13.972       7     0.659
   -24.001      25     0.659
     4.055       5     0.660
    -0.046       5     0.660
    14.068       5     0.660
    -1.950       5     0.661
   -25.988      25     0.661
     2.005       5     0.662
   -23.972       6     0.664
     0.020       5     0.667
   -13.954       5     0.667
   -28.001      26     0.667
   -19.957       5     0.668
     3.958       5     0.671
   -24.006       6     0.671
    14.001       5     0.672
   -16.004       5     0.672
   -18.054       5     0.672
   -32.067      26     0.672
   -33.940       6     0.673
   -33.940       7     0.673
    18.025       6     0.674
   -11.988       6     0.675
    -3.934       7     0.677
   -32.000      26     0.677
     1.987       5     0.679
   -10.001       6     0.680
   -26.039       6     0.680
     6.009       5     0.681
   -22.006       6     0.681
    12.017       5     0.682
   -22.055      26     0.682
   -13.954       6     0.683
     8.060       5     0.685
    -2.030       7     0.686
   -12.069      26     0.686
     0.020       7     0.688
     4.038       5     0.688
   -22.041       6     0.688
    10.028       5     0.689
    12.096       5     0.690
   -16.004       6     0.690
   -19.957       6     0.690
   -34.021       7     0.691
     3.958       7     0.692
   -18.054       6     0.692
    -8.035       6     0.694
    14.001       6     0.694
   -32.037       7     0.695
   -32.037       6     0.696
   -19.956      27     0.697
     6.027       5     0.700
     7.994       5     0.700
   -19.991       6     0.700
    10.045       5     0.701
   -11.985       7     0.702
   -23.990       6     0.702
   -21.988      27     0.703
   -17.974      26     0.710
   -29.988       7     0.712
   -34.031      27     0.712
    -5.985       6     0.713
   -29.988       6     0.713
   -17.941       6     0.715
    12.096       6     0.716
   -32.056       7     0.717
   -21.941       6     0.720
   -28.023       7     0.720
    20.043       6     0.721
   -28.023       6     0.721
    16.036       6     0.724
   -26.006      27     0.724
   -15.975       6     0.726
    -3.934       6     0.727
    17.991       6     0.727
    20.060       7     0.728
   -13.972      26     0.731
   -25.974       7     0.731
    10.045       6     0.732
    20.043       7     0.734
   -20.038       6     0.734
   -25.974       6     0.734
   -10.019       7     0.735
   -30.007       7     0.735
    16.023       6     0.736
   -22.005      27     0.737
    -2.030       6     0.738
     7.994       6     0.739
     2.054       7     0.740
   -24.009       7     0.741
   -13.988       6     0.742
   -28.067      27     0.742
    14.033       6     0.743
    12.066       6     0.744
   -17.988       6     0.744
   -24.009       6     0.745
   -26.036      26     0.745
     6.027       6     0.746
   -32.067      27     0.746
    10.014       6     0.747
    20.060       6     0.747
     0.020       6     0.748
     1.987       6     0.748
     4.038       6     0.748
    17.991       7     0.748
    18.008       7     0.748
   -27.958       7     0.748
     8.025       6     0.749
   -15.975       7     0.751
   -14.039      26     0.752
     6.058       6     0.753
   -13.988       7     0.753
   -24.020      26     0.753
   -17.941       7     0.754
   -12.022       6     0.755
   -19.991       7     0.755
     4.007       6     0.756
   -25.993       7     0.757
     4.007       7     0.758
   -22.041       7     0.758
   -24.006       7     0.758
   -29.969      26     0.758
   -22.022       7     0.759
    16.103       7     0.760
   -12.022       7     0.760
     2.039       6     0.761
     2.039       7     0.761
     6.058       7     0.761
    16.023       7     0.761
    18.008       6     0.761
   -22.022       6     0.761
     8.025       7     0.762
    14.068       6     0.763
    -9.972       6     0.765
     0.051       7     0.766
    10.014       7     0.766
    12.066       7     0.766
    14.033       7     0.766
   -16.022       6     0.766
    -9.972       7     0.767
     0.051       6     0.768
   -26.006      26     0.769
    -2.000       7     0.770
    14.051       7     0.770
   -19.972       7     0.771
   -28.055      27     0.771
    -2.000       6     0.773
    -7.921       6     0.774
    -7.921       7     0.774
   -19.972       6     0.774
   -30.019      26     0.774
    -3.967       7     0.775
    16.103       6     0.777
   -30.019      27     0.777
    -3.967       6     0.778
    -6.017       7     0.778
    -6.017       6     0.779
   -32.000      27     0.781
   -28.055      26     0.782
    11.999       7     0.783
   -18.007       7     0.788
    14.051       6     0.790
   -18.007       6     0.791
   -23.987      26     0.795
   -13.972       6     0.796
    10.032       7     0.799
    12.017       6     0.804
    11.999       6     0.807
     8.043       7     0.811
   -15.957       7     0.814
   -15.957       6     0.817
   -16.022      26     0.818
   -30.036      26     0.822
    10.032       6     0.825
   -16.005      26     0.829
   -28.067      26     0.829
   -11.985       6     0.830
   -13.991       7     0.830
     5.992       7     0.831
    -7.969       7     0.831
    10.028       6     0.835
   -13.991       6     0.835
     8.043       6     0.839
   -30.036      27     0.839
     0.003       7     0.840
   -24.037      27     0.841
   -26.019      27     0.843
   -24.054      27     0.848
     4.024       7     0.850
   -12.003       7     0.850
    -6.002       7     0.853
   -22.022      26     0.853
     8.060       6     0.856
   -12.003       6     0.858
     5.992       6     0.861
   -10.019       6     0.861
    -4.014       7     0.862
    -1.964       7     0.865
   -17.987      26     0.867
     2.036       7     0.870
    -9.953       7     0.873
   -20.023      26     0.875
     6.009       6     0.879
     4.024       6     0.880
   -20.036      26     0.880
   -26.086      27     0.882
   -27.988      27     0.882
    -9.953       6     0.883
     0.069       7     0.885
    -7.987       7     0.888
    -7.969       6     0.889
    -1.982       7     0.895
     2.036       6     0.897
    -5.936       7     0.897
    -7.987       6     0.900
     3.958       6     0.901
    -4.032       7     0.903
   -27.988      26     0.906
    -6.002       6     0.908
     0.069       6     0.909
    -5.936       6     0.912
     2.054       6     0.915
    -1.982       6     0.916
    -4.032       6     0.920
   -26.019      26     0.920
    -4.014       6     0.921
     0.003       6     0.925
   -21.988      26     0.927
    -1.964       6     0.928
   -26.086      26     0.932
   -24.037      26     0.938
   -18.054      26     0.950
   -24.054      26     0.963
   -19.956      26     0.982
   -22.005      26     1.000
