   104.262    31.926    33.161    54.000     0.095    1806       1     0.0    40.0
   104.247    31.913    33.161    54.000     0.090     979       1     2.0    40.0
   104.233    31.900    33.161    54.000     0.109    2027       1     4.0    40.0
   104.218    31.887    33.161    54.000     0.095    2027       1     6.0    40.0
   104.203    31.874    33.161    54.000     0.062    2027       1     8.0    40.0
   104.189    31.861    33.161    54.000     0.048     967       1    10.0    40.0
   104.174    31.848    33.161    54.000     0.068     968       1    12.0    40.0
   104.159    31.835    33.161    54.000     0.064     966       1    14.0    40.0
   104.145    31.822    33.161    54.000     0.066     992       1    16.0    40.0
   104.130    31.809    33.161    54.000     0.051    1072       1    18.0    40.0
   104.115    31.796    33.161    54.000     0.116    1075       1    20.0    40.0
   104.101    31.783    33.161    54.000     0.107    1073       1    22.0    40.0
   104.086    31.770    33.161    54.000     0.081    1072       1    24.0    40.0
   104.071    31.757    33.161    54.000     0.134    1365       1    26.0    40.0
   104.271    31.919    31.543    54.000     0.120    2032       1     0.0    38.0
   104.256    31.906    31.543    54.000     0.107     873       1     2.0    38.0
   104.242    31.893    31.543    54.000     0.137     902       1     4.0    38.0
   104.227    31.880    31.543    54.000     0.167     901       1     6.0    38.0
   104.212    31.867    31.543    54.000     0.200     901       1     8.0    38.0
   104.198    31.854    31.543    54.000     0.136     903       1    10.0    38.0
   104.183    31.841    31.543    54.000     0.064     926       1    12.0    38.0
   104.168    31.828    31.543    54.000     0.142     927       1    14.0    38.0
   104.154    31.815    31.543    54.000     0.078     927       1    16.0    38.0
   104.139    31.802    31.543    54.000     0.043    1518       1    18.0    38.0
   104.124    31.789    31.543    54.000     0.038    1047       1    20.0    38.0
   104.110    31.776    31.543    54.000     0.071    1761       1    22.0    38.0
   104.095    31.763    31.543    54.000     0.079    1759       1    24.0    38.0
   104.080    31.750    31.543    54.000     0.053     611       1    26.0    38.0
   104.280    31.911    29.925    54.000     0.181    1084       1     0.0    36.0
   104.265    31.898    29.925    54.000     0.112    1533       1     2.0    36.0
   104.251    31.885    29.925    54.000     0.195     506       1     4.0    36.0
   104.236    31.872    29.925    54.000     0.122    1533       1     6.0    36.0
   104.221    31.859    29.925    54.000     0.154     903       1     8.0    36.0
   104.207    31.846    29.925    54.000     0.155     902       1    10.0    36.0
   104.192    31.833    29.925    54.000     0.104     901       1    12.0    36.0
   104.177    31.820    29.925    54.000     0.060     982       1    14.0    36.0
   104.163    31.807    29.925    54.000     0.030     930       1    16.0    36.0
   104.148    31.794    29.925    54.000     0.030    1728       1    18.0    36.0
   104.133    31.781    29.925    54.000     0.046    1041       1    20.0    36.0
   104.119    31.768    29.925    54.000     0.068    1731       1    22.0    36.0
   104.104    31.755    29.925    54.000     0.121    1186       1    24.0    36.0
   104.089    31.742    29.925    54.000     0.218    1044       1    26.0    36.0
   104.289    31.904    28.307    54.000     0.150    1086       1     0.0    34.0
   104.274    31.891    28.307    54.000     0.112    1082       1     2.0    34.0
   104.260    31.878    28.307    54.000     0.100    1150       1     4.0    34.0
   104.245    31.865    28.307    54.000     0.063    1151       1     6.0    34.0
   104.230    31.852    28.307    54.000     0.029    1150       1     8.0    34.0
   104.216    31.839    28.307    54.000     0.040    1012       1    10.0    34.0
   104.201    31.826    28.307    54.000     0.088    1013       1    12.0    34.0
   104.186    31.813    28.307    54.000     0.070    1013       1    14.0    34.0
   104.172    31.800    28.307    54.000     0.023     975       1    16.0    34.0
   104.157    31.787    28.307    54.000     0.027    1346       1    18.0    34.0
   104.142    31.774    28.307    54.000     0.023     972       1    20.0    34.0
   104.128    31.761    28.307    54.000     0.030    1114       1    22.0    34.0
   104.113    31.748    28.307    54.000     0.049    1048       1    24.0    34.0
   104.098    31.735    28.307    54.000     0.067    1115       1    26.0    34.0
   104.298    31.896    26.689    54.000     0.102     960       1     0.0    32.0
   104.283    31.884    26.689    54.000     0.078     992       1     2.0    32.0
   104.269    31.871    26.689    54.000     0.072     310       1     4.0    32.0
   104.254    31.858    26.689    54.000     0.052    1846       1     6.0    32.0
   104.239    31.845    26.689    54.000     0.072     915       1     8.0    32.0
   104.224    31.832    26.689    54.000     0.056     915       1    10.0    32.0
   104.210    31.819    26.689    54.000     0.041     914       1    12.0    32.0
   104.195    31.806    26.689    54.000     0.051     977       1    14.0    32.0
   104.180    31.793    26.689    54.000     0.047    1437       1    16.0    32.0
   104.166    31.780    26.689    54.000     0.034    1052       1    18.0    32.0
   104.151    31.767    26.689    54.000     0.070    1085       1    20.0    32.0
   104.137    31.754    26.689    54.000     0.156    1085       1    22.0    32.0
   104.122    31.741    26.689    54.000     0.381    1085       1    24.0    32.0
   104.107    31.728    26.689    54.000     0.353    1085       1    26.0    32.0
   104.307    31.889    25.071    54.000     0.168    1304       1     0.0    30.0
   104.292    31.876    25.071    54.000     0.133     461       1     2.0    30.0
   104.277    31.863    25.071    54.000     0.088     460       1     4.0    30.0
   104.263    31.850    25.071    54.000     0.115     920       1     6.0    30.0
   104.248    31.837    25.071    54.000     0.106     919       1     8.0    30.0
   104.233    31.824    25.071    54.000     0.068     919       1    10.0    30.0
   104.219    31.811    25.071    54.000     0.075     912       1    12.0    30.0
   104.204    31.798    25.071    54.000     0.159     912       1    14.0    30.0
   104.189    31.785    25.071    54.000     0.146     911       1    16.0    30.0
   104.175    31.772    25.071    54.000     0.112    1083       1    18.0    30.0
   104.160    31.759    25.071    54.000     0.344    1085       1    20.0    30.0
   104.145    31.746    25.071    54.000     0.525    1085       1    22.0    30.0
   104.131    31.733    25.071    54.000     0.663    1086       1    24.0    30.0
   104.116    31.720    25.071    54.000     0.495    1085       1    26.0    30.0
   104.316    31.882    23.452    54.000     0.163    1096       1     0.0    28.0
   104.301    31.869    23.452    54.000     0.104    1331       1     2.0    28.0
   104.286    31.856    23.452    54.000     0.096    1158       1     4.0    28.0
   104.272    31.843    23.452    54.000     0.227     493       1     6.0    28.0
   104.257    31.830    23.452    54.000     0.156     493       1     8.0    28.0
   104.242    31.817    23.452    54.000     0.107     492       1    10.0    28.0
   104.228    31.804    23.452    54.000     0.073    1122       1    12.0    28.0
   104.213    31.791    23.452    54.000     0.129    1021       1    14.0    28.0
   104.198    31.778    23.452    54.000     0.116    1083       1    16.0    28.0
   104.184    31.765    23.452    54.000     0.084    1083       1    18.0    28.0
   104.169    31.752    23.452    54.000     0.091    1085       1    20.0    28.0
   104.154    31.739    23.452    54.000     0.184    1053       1    22.0    28.0
   104.140    31.726    23.452    54.000     0.181    1053       1    24.0    28.0
   104.125    31.713    23.452    54.000     0.136    1053       1    26.0    28.0
   104.325    31.874    21.834    54.000     0.252    1098       1     0.0    26.0
   104.310    31.861    21.834    54.000     0.096    1098       1     2.0    26.0
   104.295    31.848    21.834    54.000     0.086    1932       1     4.0    26.0
   104.281    31.835    21.834    54.000     0.084     203       1     6.0    26.0
   104.266    31.823    21.834    54.000     0.129    1252       1     8.0    26.0
   104.251    31.810    21.834    54.000     0.097    1083       1    10.0    26.0
   104.237    31.797    21.834    54.000     0.155     854       1    12.0    26.0
   104.222    31.784    21.834    54.000     0.191     853       1    14.0    26.0
   104.207    31.771    21.834    54.000     0.191     853       1    16.0    26.0
   104.193    31.758    21.834    54.000     0.147     853       1    18.0    26.0
   104.178    31.745    21.834    54.000     0.190    1253       1    20.0    26.0
   104.163    31.732    21.834    54.000     0.272    1252       1    22.0    26.0
   104.149    31.719    21.834    54.000     0.151    1252       1    24.0    26.0
   104.134    31.706    21.834    54.000     0.061     725       1    26.0    26.0
   104.334    31.867    20.216    54.000     0.071    1284       1     0.0    24.0
   104.319    31.854    20.216    54.000     0.084    1286       1     2.0    24.0
   104.304    31.841    20.216    54.000     0.061     171       1     4.0    24.0
   104.290    31.828    20.216    54.000     0.041     734       1     6.0    24.0
   104.275    31.815    20.216    54.000     0.050    1121       1     8.0    24.0
   104.260    31.802    20.216    54.000     0.047    1119       1    10.0    24.0
   104.246    31.789    20.216    54.000     0.072    1120       1    12.0    24.0
   104.231    31.776    20.216    54.000     0.085    1120       1    14.0    24.0
   104.216    31.763    20.216    54.000     0.098    1119       1    16.0    24.0
   104.202    31.750    20.216    54.000     0.066    1118       1    18.0    24.0
   104.187    31.737    20.216    54.000     0.071    1244       1    20.0    24.0
   104.172    31.724    20.216    54.000     0.172    1069       1    22.0    24.0
   104.158    31.711    20.216    54.000     0.275    1068       1    24.0    24.0
   104.143    31.698    20.216    54.000     0.251    1068       1    26.0    24.0
   104.343    31.860    18.598    54.000     0.264    1173       1     0.0    22.0
   104.328    31.847    18.598    54.000     0.182    1316       1     2.0    22.0
   104.313    31.834    18.598    54.000     0.137    1314       1     4.0    22.0
   104.298    31.821    18.598    54.000     0.144    1000       1     6.0    22.0
   104.284    31.808    18.598    54.000     0.198     999       1     8.0    22.0
   104.269    31.795    18.598    54.000     0.140     999       1    10.0    22.0
   104.254    31.782    18.598    54.000     0.085     999       1    12.0    22.0
   104.240    31.769    18.598    54.000     0.063    1099       1    14.0    22.0
   104.225    31.756    18.598    54.000     0.051    1239       1    16.0    22.0
   104.210    31.743    18.598    54.000     0.063     196       1    18.0    22.0
   104.196    31.730    18.598    54.000     0.061     197       1    20.0    22.0
   104.181    31.717    18.598    54.000     0.086    1102       1    22.0    22.0
   104.167    31.704    18.598    54.000     0.093    1102       1    24.0    22.0
   104.152    31.691    18.598    54.000     0.064    1103       1    26.0    22.0
   104.351    31.852    16.980    54.000     0.110    1280       1     0.0    20.0
   104.337    31.839    16.980    54.000     0.138    1134       1     2.0    20.0
   104.322    31.826    16.980    54.000     0.262    1132       1     4.0    20.0
   104.307    31.813    16.980    54.000     0.291    1133       1     6.0    20.0
   104.293    31.800    16.980    54.000     0.255    1131       1     8.0    20.0
   104.278    31.787    16.980    54.000     0.291    1133       1    10.0    20.0
   104.263    31.774    16.980    54.000     0.391    1132       1    12.0    20.0
   104.249    31.761    16.980    54.000     0.333    1131       1    14.0    20.0
   104.234    31.749    16.980    54.000     0.201    1131       1    16.0    20.0
   104.219    31.736    16.980    54.000     0.234    1132       1    18.0    20.0
   104.205    31.723    16.980    54.000     0.173    1134       1    20.0    20.0
   104.190    31.710    16.980    54.000     0.219    1134       1    22.0    20.0
   104.175    31.697    16.980    54.000     0.179    1136       1    24.0    20.0
   104.161    31.684    16.980    54.000     0.060    1136       1    26.0    20.0
   104.360    31.845    15.362    54.000     0.071    1679       1     0.0    18.0
   104.346    31.832    15.362    54.000     0.070    1916       1     2.0    18.0
   104.331    31.819    15.362    54.000     0.135    1913       1     4.0    18.0
   104.316    31.806    15.362    54.000     0.106    1913       1     6.0    18.0
   104.302    31.793    15.362    54.000     0.082    1913       1     8.0    18.0
   104.287    31.780    15.362    54.000     0.048    1064       1    10.0    18.0
   104.272    31.767    15.362    54.000     0.072    1103       1    12.0    18.0
   104.258    31.754    15.362    54.000     0.182    1102       1    14.0    18.0
   104.243    31.741    15.362    54.000     0.147    1101       1    16.0    18.0
   104.228    31.728    15.362    54.000     0.089    1102       1    18.0    18.0
   104.214    31.715    15.362    54.000     0.066    1723       1    20.0    18.0
   104.199    31.702    15.362    54.000     0.040    1561       1    22.0    18.0
   104.184    31.689    15.362    54.000     0.070    1650       1    24.0    18.0
   104.170    31.676    15.362    54.000     0.067     821       1    26.0    18.0
   104.369    31.838    13.744    54.000     0.071    1115       1     0.0    16.0
   104.355    31.825    13.744    54.000     0.062    1183       1     2.0    16.0
   104.340    31.812    13.744    54.000     0.065     803       1     4.0    16.0
   104.325    31.799    13.744    54.000     0.077     801       1     6.0    16.0
   104.311    31.786    13.744    54.000     0.068     802       1     8.0    16.0
   104.296    31.773    13.744    54.000     0.091     940       1    10.0    16.0
   104.281    31.760    13.744    54.000     0.100     976       1    12.0    16.0
   104.267    31.747    13.744    54.000     0.098     975       1    14.0    16.0
   104.252    31.734    13.744    54.000     0.090     871       1    16.0    16.0
   104.237    31.721    13.744    54.000     0.049    1004       1    18.0    16.0
   104.223    31.708    13.744    54.000     0.053     135       1    20.0    16.0
   104.208    31.695    13.744    54.000     0.065     135       1    22.0    16.0
   104.193    31.682    13.744    54.000     0.097     137       1    24.0    16.0
   104.179    31.669    13.744    54.000     0.085    1007       1    26.0    16.0
   104.378    31.830    12.126    54.000     0.044    1113       1     0.0    14.0
   104.364    31.817    12.126    54.000     0.034    1113       1     2.0    14.0
   104.349    31.804    12.126    54.000     0.047    1116       1     4.0    14.0
   104.334    31.791    12.126    54.000     0.065    1116       1     6.0    14.0
   104.320    31.778    12.126    54.000     0.087    1115       1     8.0    14.0
   104.305    31.765    12.126    54.000     0.102    1114       1    10.0    14.0
   104.290    31.752    12.126    54.000     0.089    1116       1    12.0    14.0
   104.275    31.739    12.126    54.000     0.076     836       1    14.0    14.0
   104.261    31.726    12.126    54.000     0.093     872       1    16.0    14.0
   104.246    31.713    12.126    54.000     0.098     870       1    18.0    14.0
   104.232    31.700    12.126    54.000     0.118     871       1    20.0    14.0
   104.217    31.688    12.126    54.000     0.072     212       1    22.0    14.0
   104.202    31.675    12.126    54.000     0.089     179       1    24.0    14.0
   104.188    31.662    12.126    54.000     0.068     180       1    26.0    14.0
   104.387    31.823    10.508    54.000     0.105    1364       1     0.0    12.0
   104.372    31.810    10.508    54.000     0.109    1222       1     2.0    12.0
   104.358    31.797    10.508    54.000     0.136    1219       1     4.0    12.0
   104.343    31.784    10.508    54.000     0.112    1217       1     6.0    12.0
   104.328    31.771    10.508    54.000     0.089    1016       1     8.0    12.0
   104.314    31.758    10.508    54.000     0.073    1045       1    10.0    12.0
   104.299    31.745    10.508    54.000     0.108    1043       1    12.0    12.0
   104.284    31.732    10.508    54.000     0.137    1042       1    14.0    12.0
   104.270    31.719    10.508    54.000     0.136    1044       1    16.0    12.0
   104.255    31.706    10.508    54.000     0.119    1046       1    18.0    12.0
   104.240    31.693    10.508    54.000     0.078    1044       1    20.0    12.0
   104.226    31.680    10.508    54.000     0.056     901       1    22.0    12.0
   104.211    31.667    10.508    54.000     0.081    1107       1    24.0    12.0
   104.197    31.654    10.508    54.000     0.093     899       1    26.0    12.0
   104.396    31.815     8.890    54.000     0.035    1162       1     0.0    10.0
   104.381    31.802     8.890    54.000     0.080    1189       1     2.0    10.0
   104.367    31.789     8.890    54.000     0.163    1301       1     4.0    10.0
   104.352    31.777     8.890    54.000     0.186    1191       1     6.0    10.0
   104.337    31.764     8.890    54.000     0.135    1301       1     8.0    10.0
   104.323    31.751     8.890    54.000     0.318    1046       1    10.0    10.0
   104.308    31.738     8.890    54.000     0.292    1045       1    12.0    10.0
   104.293    31.725     8.890    54.000     0.266    1046       1    14.0    10.0
   104.279    31.712     8.890    54.000     0.186    1046       1    16.0    10.0
   104.264    31.699     8.890    54.000     0.057     984       1    18.0    10.0
   104.249    31.686     8.890    54.000     0.055     119       1    20.0    10.0
   104.235    31.673     8.890    54.000     0.068     118       1    22.0    10.0
   104.220    31.660     8.890    54.000     0.075     719       1    24.0    10.0
   104.205    31.647     8.890    54.000     0.112    1023       1    26.0    10.0
   104.405    31.808     7.272    54.000     0.053    1746       1     0.0     8.0
   104.390    31.795     7.272    54.000     0.063    1821       1     2.0     8.0
   104.376    31.782     7.272    54.000     0.075    1819       1     4.0     8.0
   104.361    31.769     7.272    54.000     0.075    1195       1     6.0     8.0
   104.346    31.756     7.272    54.000     0.116    1193       1     8.0     8.0
   104.332    31.743     7.272    54.000     0.221    1193       1    10.0     8.0
   104.317    31.730     7.272    54.000     0.276    1195       1    12.0     8.0
   104.302    31.717     7.272    54.000     0.198    1196       1    14.0     8.0
   104.288    31.704     7.272    54.000     0.147    1125       1    16.0     8.0
   104.273    31.691     7.272    54.000     0.178     988       1    18.0     8.0
   104.258    31.678     7.272    54.000     0.243    1022       1    20.0     8.0
   104.244    31.665     7.272    54.000     0.147    1021       1    22.0     8.0
   104.229    31.652     7.272    54.000     0.076     838       1    24.0     8.0
   104.214    31.639     7.272    54.000     0.075     840       1    26.0     8.0
   104.414    31.801     5.654    54.000     0.045    1237       1     0.0     6.0
   104.399    31.788     5.654    54.000     0.084    1235       1     2.0     6.0
   104.385    31.775     5.654    54.000     0.158    1236       1     4.0     6.0
   104.370    31.762     5.654    54.000     0.137    1236       1     6.0     6.0
   104.355    31.749     5.654    54.000     0.174    1234       1     8.0     6.0
   104.341    31.736     5.654    54.000     0.135    1376       1    10.0     6.0
   104.326    31.723     5.654    54.000     0.109    1058       1    12.0     6.0
   104.311    31.710     5.654    54.000     0.269    1057       1    14.0     6.0
   104.297    31.697     5.654    54.000     0.420    1056       1    16.0     6.0
   104.282    31.684     5.654    54.000     0.325    1054       1    18.0     6.0
   104.267    31.671     5.654    54.000     0.216    1055       1    20.0     6.0
   104.253    31.658     5.654    54.000     0.139     881       1    22.0     6.0
   104.238    31.645     5.654    54.000     0.105     882       1    24.0     6.0
   104.223    31.632     5.654    54.000     0.107     912       1    26.0     6.0
   104.423    31.793     4.036    54.000     0.055    2092       1     0.0     4.0
   104.408    31.780     4.036    54.000     0.130    1205       1     2.0     4.0
   104.393    31.767     4.036    54.000     0.180    1205       1     4.0     4.0
   104.379    31.754     4.036    54.000     0.149    1205       1     6.0     4.0
   104.364    31.741     4.036    54.000     0.269    1031       1     8.0     4.0
   104.349    31.728     4.036    54.000     0.338    1033       1    10.0     4.0
   104.335    31.716     4.036    54.000     0.337    1031       1    12.0     4.0
   104.320    31.703     4.036    54.000     0.414    1031       1    14.0     4.0
   104.305    31.690     4.036    54.000     0.138    1031       1    16.0     4.0
   104.291    31.677     4.036    54.000     0.083    1003       1    18.0     4.0
   104.276    31.664     4.036    54.000     0.085     849       1    20.0     4.0
   104.261    31.651     4.036    54.000     0.055     852       1    22.0     4.0
   104.247    31.638     4.036    54.000     0.048    1702       1    24.0     4.0
   104.232    31.625     4.036    54.000     0.044    1008       1    26.0     4.0
   104.432    31.786     2.418    54.000     0.034    1879       1     0.0     2.0
   104.417    31.773     2.418    54.000     0.036     900       1     2.0     2.0
   104.402    31.760     2.418    54.000     0.055    1395       1     4.0     2.0
   104.388    31.747     2.418    54.000     0.119    1249       1     6.0     2.0
   104.373    31.734     2.418    54.000     0.186    1363       1     8.0     2.0
   104.358    31.721     2.418    54.000     0.114    1362       1    10.0     2.0
   104.344    31.708     2.418    54.000     0.203    1073       1    12.0     2.0
   104.329    31.695     2.418    54.000     0.414    1075       1    14.0     2.0
   104.314    31.682     2.418    54.000     0.400    1073       1    16.0     2.0
   104.300    31.669     2.418    54.000     0.317    1071       1    18.0     2.0
   104.285    31.656     2.418    54.000     0.252    1041       1    20.0     2.0
   104.270    31.643     2.418    54.000     0.150    1009       1    22.0     2.0
   104.256    31.630     2.418    54.000     0.140     746       1    24.0     2.0
   104.241    31.617     2.418    54.000     0.122     901       1    26.0     2.0
   104.441    31.779     0.800    54.000     0.046     471       1     0.0     0.0
   104.426    31.766     0.800    54.000     0.071    1566       1     2.0     0.0
   104.411    31.753     0.800    54.000     0.099     774       1     4.0     0.0
   104.397    31.740     0.800    54.000     0.119     774       1     6.0     0.0
   104.382    31.727     0.800    54.000     0.092    1253       1     8.0     0.0
   104.367    31.714     0.800    54.000     0.085    1255       1    10.0     0.0
   104.353    31.701     0.800    54.000     0.121    1042       1    12.0     0.0
   104.338    31.688     0.800    54.000     0.231    1043       1    14.0     0.0
   104.323    31.675     0.800    54.000     0.287    1045       1    16.0     0.0
   104.309    31.662     0.800    54.000     0.237    1045       1    18.0     0.0
   104.294    31.649     0.800    54.000     0.215    1043       1    20.0     0.0
   104.279    31.636     0.800    54.000     0.125     901       1    22.0     0.0
   104.265    31.623     0.800    54.000     0.146     901       1    24.0     0.0
   104.250    31.610     0.800    54.000     0.167     900       1    26.0     0.0
