   -43.574      22     0.300
  -122.296      60     0.300
   -84.042      45     0.301
   -37.382      20     0.302
   -44.430      21     0.302
   -35.675      23     0.304
   -50.342      17     0.304
   -42.426      68     0.305
   -44.938      26     0.307
  -112.053      52     0.311
     6.073       5     0.312
   -33.518      18     0.313
   -52.306      17     0.313
   -37.572      19     0.314
     2.329       7     0.315
   -37.595      18     0.315
   -14.195      25     0.317
   -15.509      29     0.317
   -41.609      17     0.318
  -120.218      53     0.318
   -28.247      22     0.319
   -33.710      23     0.319
   -44.324      17     0.321
   -35.630      21     0.326
  -118.654      57     0.326
   -15.509      28     0.327
   -39.347      20     0.330
   -43.574      18     0.332
   -39.537      19     0.334
     0.362       7     0.335
    19.935       7     0.335
   -24.031      31     0.338
   -42.042      25     0.339
   -31.445      28     0.340
   -40.401      68     0.340
   -41.609      21     0.340
  -116.054      54     0.345
    11.662       8     0.346
    11.865       8     0.346
    13.629       8     0.347
   -39.774      18     0.347
    11.865       7     0.348
   -88.030      45     0.348
   -35.761      18     0.353
   -41.587      19     0.353
   -86.067      45     0.355
   -42.426      67     0.360
   -37.726      18     0.363
     9.980       7     0.364
   -35.868      18     0.364
   -46.372      19     0.364
  -120.122      54     0.365
   -44.538      17     0.367
   -39.644      17     0.369
   -50.407      23     0.375
     8.013       5     0.378
   -44.324      19     0.381
   -43.574      17     0.382
   -37.617      17     0.384
    12.009       5     0.390
   -39.644      19     0.390
   -46.394      21     0.419
   -44.538      18     0.420
   -38.163      25     0.421
   -50.385      21     0.424
   -40.401      67     0.430
   -48.443      23     0.437
   -43.551      19     0.440
   -44.324      21     0.440
   -50.364      21     0.443
    12.009       7     0.450
   -48.421      21     0.465
     9.980       5     0.477
    16.028       7     0.489
   -43.574      19     0.489
   -41.502      19     0.492
    15.916       7     0.510
  -118.078      54     0.513
   -43.574      21     0.530
    17.968       7     0.535
   -41.609      19     0.541
    13.949       7     0.542
   -40.127      25     0.597
    13.976       7     0.614
   -43.529      19     0.617
   -41.824      18     0.640
   -37.833      18     0.677
   -48.399      21     0.759
   -46.372      21     0.760
   -39.860      18     0.791
