   103.535    31.374    23.947    34.000     0.043      14      34     0.0    40.0
   103.521    31.360    23.947    34.000     0.015      13      34     2.0    40.0
   103.507    31.347    23.947    34.000     0.012      18      15     4.0    40.0
   103.492    31.334    23.947    34.000     0.011      18      13     6.0    40.0
   103.478    31.321    23.947    34.000     0.019      20      10     8.0    40.0
   103.464    31.308    23.947    34.000     0.007      18      33    10.0    40.0
   103.449    31.295    23.947    34.000     0.006      17      10    12.0    40.0
   103.435    31.281    23.947    34.000     0.009      19      33    14.0    40.0
   103.421    31.268    23.947    34.000     0.003      20      34    16.0    40.0
   103.406    31.255    23.947    34.000     0.003      19      35    18.0    40.0
   103.392    31.242    23.947    34.000     0.002      19      36    20.0    40.0
   103.378    31.229    23.947    34.000     0.002      17      34    22.0    40.0
   103.363    31.216    23.947    34.000     0.005      19      36    24.0    40.0
   103.349    31.202    23.947    34.000     0.013      17      34    26.0    40.0
   103.335    31.189    23.947    34.000     0.013      12      29    28.0    40.0
   103.320    31.176    23.947    34.000     0.020      13      33    30.0    40.0
   103.306    31.163    23.947    34.000     0.014      12      36    32.0    40.0
   103.292    31.150    23.947    34.000     0.008      16      36    34.0    40.0
   103.277    31.136    23.947    34.000     0.006      15      35    36.0    40.0
   103.263    31.123    23.947    34.000     0.008      14      34    38.0    40.0
   103.249    31.110    23.947    34.000     0.006      14      28    40.0    40.0
   103.235    31.097    23.947    34.000     0.002      15      36    42.0    40.0
   103.220    31.084    23.947    34.000     0.005      20      36    44.0    40.0
   103.206    31.070    23.947    34.000     0.018      19      36    46.0    40.0
   103.192    31.057    23.947    34.000     0.016       6       8    48.0    40.0
   103.178    31.044    23.947    34.000     0.035       5      10    50.0    40.0
   103.163    31.031    23.947    34.000     0.022       5      14    52.0    40.0
   103.149    31.018    23.947    34.000     0.017       3      17    54.0    40.0
   103.135    31.004    23.947    34.000     0.015       2      17    56.0    40.0
   103.120    30.991    23.947    34.000     0.015       3      27    58.0    40.0
   103.106    30.978    23.947    34.000     0.009       3      27    60.0    40.0
   103.092    30.965    23.947    34.000     0.004       2      27    62.0    40.0
   103.078    30.951    23.947    34.000     0.005      19      37    64.0    40.0
   103.548    31.363    22.829    34.000     0.013      10       7     0.0    38.0
   103.534    31.350    22.829    34.000     0.010      20      36     2.0    38.0
   103.519    31.337    22.829    34.000     0.002      12      35     4.0    38.0
   103.505    31.324    22.829    34.000     0.002       8      34     6.0    38.0
   103.491    31.311    22.829    34.000     0.005       8      35     8.0    38.0
   103.476    31.298    22.829    34.000     0.016       2      23    10.0    38.0
   103.462    31.284    22.829    34.000     0.014       3      29    12.0    38.0
   103.448    31.271    22.829    34.000     0.023       4      28    14.0    38.0
   103.433    31.258    22.829    34.000     0.009       4      19    16.0    38.0
   103.419    31.245    22.829    34.000     0.006       2      21    18.0    38.0
   103.405    31.232    22.829    34.000     0.006       2      14    20.0    38.0
   103.390    31.218    22.829    34.000     0.002       1       2    22.0    38.0
   103.376    31.205    22.829    34.000     0.008      20      26    24.0    38.0
   103.362    31.192    22.829    34.000     0.006      20      24    26.0    38.0
   103.347    31.179    22.829    34.000     0.004       2       1    28.0    38.0
   103.333    31.166    22.829    34.000     0.010      13      27    30.0    38.0
   103.319    31.153    22.829    34.000     0.018      12      26    32.0    38.0
   103.305    31.139    22.829    34.000     0.009      19      37    34.0    38.0
   103.290    31.126    22.829    34.000     0.009      19      37    36.0    38.0
   103.276    31.113    22.829    34.000     0.006      19      34    38.0    38.0
   103.262    31.100    22.829    34.000     0.003      18      32    40.0    38.0
   103.247    31.087    22.829    34.000     0.003      10       1    42.0    38.0
   103.233    31.073    22.829    34.000     0.004      11       1    44.0    38.0
   103.219    31.060    22.829    34.000     0.011      10       1    46.0    38.0
   103.204    31.047    22.829    34.000     0.009       9       1    48.0    38.0
   103.190    31.034    22.829    34.000     0.013       9       2    50.0    38.0
   103.176    31.021    22.829    34.000     0.020      10       2    52.0    38.0
   103.162    31.007    22.829    34.000     0.014       3      29    54.0    38.0
   103.147    30.994    22.829    34.000     0.031       3      24    56.0    38.0
   103.133    30.981    22.829    34.000     0.038       6      21    58.0    38.0
   103.119    30.968    22.829    34.000     0.051       6      23    60.0    38.0
   103.105    30.954    22.829    34.000     0.040       3      30    62.0    38.0
   103.090    30.941    22.829    34.000     0.024       3      28    64.0    38.0
   103.561    31.353    21.710    34.000     0.003      12       7     0.0    36.0
   103.547    31.340    21.710    34.000     0.002      10       1     2.0    36.0
   103.532    31.327    21.710    34.000     0.003       1      17     4.0    36.0
   103.518    31.314    21.710    34.000     0.009       1       3     6.0    36.0
   103.503    31.301    21.710    34.000     0.030       1       3     8.0    36.0
   103.489    31.287    21.710    34.000     0.026      10      37    10.0    36.0
   103.475    31.274    21.710    34.000     0.046       7      34    12.0    36.0
   103.460    31.261    21.710    34.000     0.034       5      29    14.0    36.0
   103.446    31.248    21.710    34.000     0.026       4      24    16.0    36.0
   103.432    31.235    21.710    34.000     0.010       4      21    18.0    36.0
   103.417    31.221    21.710    34.000     0.015       1      21    20.0    36.0
   103.403    31.208    21.710    34.000     0.013       1      17    22.0    36.0
   103.389    31.195    21.710    34.000     0.023      20      29    24.0    36.0
   103.374    31.182    21.710    34.000     0.020      20      29    26.0    36.0
   103.360    31.169    21.710    34.000     0.016      20      29    28.0    36.0
   103.346    31.156    21.710    34.000     0.017      20      32    30.0    36.0
   103.332    31.142    21.710    34.000     0.011      18      31    32.0    36.0
   103.317    31.129    21.710    34.000     0.016      19      33    34.0    36.0
   103.303    31.116    21.710    34.000     0.030      20      34    36.0    36.0
   103.289    31.103    21.710    34.000     0.046      19      32    38.0    36.0
   103.274    31.090    21.710    34.000     0.036      20      32    40.0    36.0
   103.260    31.076    21.710    34.000     0.020      20      32    42.0    36.0
   103.246    31.063    21.710    34.000     0.005      18      32    44.0    36.0
   103.231    31.050    21.710    34.000     0.009      20      18    46.0    36.0
   103.217    31.037    21.710    34.000     0.017      20      17    48.0    36.0
   103.203    31.024    21.710    34.000     0.014      19      21    50.0    36.0
   103.189    31.010    21.710    34.000     0.015      20      18    52.0    36.0
   103.174    30.997    21.710    34.000     0.019      15       3    54.0    36.0
   103.160    30.984    21.710    34.000     0.010      14       3    56.0    36.0
   103.146    30.971    21.710    34.000     0.012       9       6    58.0    36.0
   103.132    30.958    21.710    34.000     0.011       1      35    60.0    36.0
   103.117    30.944    21.710    34.000     0.008      16       1    62.0    36.0
   103.103    30.931    21.710    34.000     0.006       5      37    64.0    36.0
   103.574    31.343    20.592    34.000     0.006      20      10     0.0    34.0
   103.559    31.330    20.592    34.000     0.003      19       3     2.0    34.0
   103.545    31.317    20.592    34.000     0.001      20      21     4.0    34.0
   103.531    31.303    20.592    34.000     0.008      19      36     6.0    34.0
   103.516    31.290    20.592    34.000     0.013      17      36     8.0    34.0
   103.502    31.277    20.592    34.000     0.009      17      34    10.0    34.0
   103.487    31.264    20.592    34.000     0.016      12      37    12.0    34.0
   103.473    31.251    20.592    34.000     0.022       9      27    14.0    34.0
   103.459    31.238    20.592    34.000     0.035       9      37    16.0    34.0
   103.444    31.224    20.592    34.000     0.053       8      37    18.0    34.0
   103.430    31.211    20.592    34.000     0.015       7      37    20.0    34.0
   103.416    31.198    20.592    34.000     0.016      18      11    22.0    34.0
   103.401    31.185    20.592    34.000     0.009      19      16    24.0    34.0
   103.387    31.172    20.592    34.000     0.006      20      30    26.0    34.0
   103.373    31.159    20.592    34.000     0.014       2      37    28.0    34.0
   103.359    31.145    20.592    34.000     0.015      20      24    30.0    34.0
   103.344    31.132    20.592    34.000     0.003      20      33    32.0    34.0
   103.330    31.119    20.592    34.000     0.003      17      33    34.0    34.0
   103.316    31.106    20.592    34.000     0.002      18      34    36.0    34.0
   103.301    31.093    20.592    34.000     0.008      16      34    38.0    34.0
   103.287    31.079    20.592    34.000     0.009      17      34    40.0    34.0
   103.273    31.066    20.592    34.000     0.009      16      31    42.0    34.0
   103.258    31.053    20.592    34.000     0.010      13      33    44.0    34.0
   103.244    31.040    20.592    34.000     0.021      12      33    46.0    34.0
   103.230    31.027    20.592    34.000     0.007      18       2    48.0    34.0
   103.216    31.013    20.592    34.000     0.011      19       3    50.0    34.0
   103.201    31.000    20.592    34.000     0.030      16       2    52.0    34.0
   103.187    30.987    20.592    34.000     0.055      15       3    54.0    34.0
   103.173    30.974    20.592    34.000     0.024      16       3    56.0    34.0
   103.159    30.961    20.592    34.000     0.029      13       4    58.0    34.0
   103.144    30.947    20.592    34.000     0.016       1      37    60.0    34.0
   103.130    30.934    20.592    34.000     0.025       2      37    62.0    34.0
   103.116    30.921    20.592    34.000     0.028       2      37    64.0    34.0
   103.586    31.333    19.474    34.000     0.011      19       4     0.0    32.0
   103.572    31.320    19.474    34.000     0.009      19      20     2.0    32.0
   103.558    31.306    19.474    34.000     0.015      19      29     4.0    32.0
   103.543    31.293    19.474    34.000     0.006      20      25     6.0    32.0
   103.529    31.280    19.474    34.000     0.002      14       3     8.0    32.0
   103.515    31.267    19.474    34.000     0.001      12      16    10.0    32.0
   103.500    31.254    19.474    34.000     0.004      14      30    12.0    32.0
   103.486    31.241    19.474    34.000     0.019      13      28    14.0    32.0
   103.472    31.227    19.474    34.000     0.043      11      27    16.0    32.0
   103.457    31.214    19.474    34.000     0.065      13      24    18.0    32.0
   103.443    31.201    19.474    34.000     0.040      13      25    20.0    32.0
   103.429    31.188    19.474    34.000     0.016      14      25    22.0    32.0
   103.414    31.175    19.474    34.000     0.001       1      31    24.0    32.0
   103.400    31.162    19.474    34.000     0.002       3      28    26.0    32.0
   103.386    31.148    19.474    34.000     0.009       2      28    28.0    32.0
   103.371    31.135    19.474    34.000     0.004      18      36    30.0    32.0
   103.357    31.122    19.474    34.000     0.004      20      36    32.0    32.0
   103.343    31.109    19.474    34.000     0.003      20      19    34.0    32.0
   103.328    31.096    19.474    34.000     0.003       3       5    36.0    32.0
   103.314    31.082    19.474    34.000     0.009       1       8    38.0    32.0
   103.300    31.069    19.474    34.000     0.006      14      37    40.0    32.0
   103.285    31.056    19.474    34.000     0.003      12      37    42.0    32.0
   103.271    31.043    19.474    34.000     0.002      10      37    44.0    32.0
   103.257    31.030    19.474    34.000     0.005      13      11    46.0    32.0
   103.243    31.016    19.474    34.000     0.006      12      14    48.0    32.0
   103.228    31.003    19.474    34.000     0.008      13      27    50.0    32.0
   103.214    30.990    19.474    34.000     0.005      13      24    52.0    32.0
   103.200    30.977    19.474    34.000     0.005      14      32    54.0    32.0
   103.186    30.964    19.474    34.000     0.005      16      29    56.0    32.0
   103.171    30.950    19.474    34.000     0.004      15      11    58.0    32.0
   103.157    30.937    19.474    34.000     0.002       1      37    60.0    32.0
   103.143    30.924    19.474    34.000     0.001      20      11    62.0    32.0
   103.129    30.911    19.474    34.000     0.002      20      12    64.0    32.0
   103.599    31.323    18.355    34.000     0.008      18       5     0.0    30.0
   103.585    31.309    18.355    34.000     0.007      19       5     2.0    30.0
   103.570    31.296    18.355    34.000     0.005      20       3     4.0    30.0
   103.556    31.283    18.355    34.000     0.007      18       5     6.0    30.0
   103.542    31.270    18.355    34.000     0.007      19       4     8.0    30.0
   103.527    31.257    18.355    34.000     0.009      19      17    10.0    30.0
   103.513    31.244    18.355    34.000     0.013      19      18    12.0    30.0
   103.499    31.230    18.355    34.000     0.006      20      22    14.0    30.0
   103.484    31.217    18.355    34.000     0.003      14      25    16.0    30.0
   103.470    31.204    18.355    34.000     0.012      12      30    18.0    30.0
   103.456    31.191    18.355    34.000     0.015      12      29    20.0    30.0
   103.441    31.178    18.355    34.000     0.038       9      28    22.0    30.0
   103.427    31.164    18.355    34.000     0.020       9      30    24.0    30.0
   103.413    31.151    18.355    34.000     0.009       6      29    26.0    30.0
   103.398    31.138    18.355    34.000     0.008       1      27    28.0    30.0
   103.384    31.125    18.355    34.000     0.022       1      24    30.0    30.0
   103.370    31.112    18.355    34.000     0.019       1      23    32.0    30.0
   103.355    31.099    18.355    34.000     0.004       1      12    34.0    30.0
   103.341    31.085    18.355    34.000     0.007       1      10    36.0    30.0
   103.327    31.072    18.355    34.000     0.004      20      30    38.0    30.0
   103.312    31.059    18.355    34.000     0.006      19       6    40.0    30.0
   103.298    31.046    18.355    34.000     0.004      19       6    42.0    30.0
   103.284    31.033    18.355    34.000     0.004      19       3    44.0    30.0
   103.270    31.019    18.355    34.000     0.003      15       6    46.0    30.0
   103.255    31.006    18.355    34.000     0.004      15       7    48.0    30.0
   103.241    30.993    18.355    34.000     0.006       8      37    50.0    30.0
   103.227    30.980    18.355    34.000     0.003       8      29    52.0    30.0
   103.213    30.967    18.355    34.000     0.007      14      37    54.0    30.0
   103.198    30.953    18.355    34.000     0.009      12      37    56.0    30.0
   103.184    30.940    18.355    34.000     0.007      20      12    58.0    30.0
   103.170    30.927    18.355    34.000     0.028      20       9    60.0    30.0
   103.156    30.914    18.355    34.000     0.023      20      13    62.0    30.0
   103.141    30.901    18.355    34.000     0.022      20      12    64.0    30.0
   103.612    31.312    17.237    34.000     0.004       5      28     0.0    28.0
   103.597    31.299    17.237    34.000     0.003       8      19     2.0    28.0
   103.583    31.286    17.237    34.000     0.008       3       1     4.0    28.0
   103.569    31.273    17.237    34.000     0.013       5       2     6.0    28.0
   103.554    31.260    17.237    34.000     0.007       2       1     8.0    28.0
   103.540    31.246    17.237    34.000     0.016      20      21    10.0    28.0
   103.526    31.233    17.237    34.000     0.010      20       9    12.0    28.0
   103.511    31.220    17.237    34.000     0.010      20      26    14.0    28.0
   103.497    31.207    17.237    34.000     0.002      20      28    16.0    28.0
   103.483    31.194    17.237    34.000     0.015       5      32    18.0    28.0
   103.468    31.181    17.237    34.000     0.018       4      32    20.0    28.0
   103.454    31.167    17.237    34.000     0.039       7      19    22.0    28.0
   103.440    31.154    17.237    34.000     0.031       8      24    24.0    28.0
   103.425    31.141    17.237    34.000     0.028       7      24    26.0    28.0
   103.411    31.128    17.237    34.000     0.025       7      28    28.0    28.0
   103.397    31.115    17.237    34.000     0.016       3      14    30.0    28.0
   103.382    31.102    17.237    34.000     0.020       1      24    32.0    28.0
   103.368    31.088    17.237    34.000     0.023       1      20    34.0    28.0
   103.354    31.075    17.237    34.000     0.006       1      14    36.0    28.0
   103.339    31.062    17.237    34.000     0.002      13       1    38.0    28.0
   103.325    31.049    17.237    34.000     0.001      20       2    40.0    28.0
   103.311    31.036    17.237    34.000     0.002      19       2    42.0    28.0
   103.297    31.022    17.237    34.000     0.001      20       2    44.0    28.0
   103.282    31.009    17.237    34.000     0.002      11      37    46.0    28.0
   103.268    30.996    17.237    34.000     0.005      12      37    48.0    28.0
   103.254    30.983    17.237    34.000     0.008      11      37    50.0    28.0
   103.240    30.970    17.237    34.000     0.019      12      37    52.0    28.0
   103.225    30.956    17.237    34.000     0.031      15      37    54.0    28.0
   103.211    30.943    17.237    34.000     0.022      15      37    56.0    28.0
   103.197    30.930    17.237    34.000     0.008      14      37    58.0    28.0
   103.182    30.917    17.237    34.000     0.002      20      15    60.0    28.0
   103.168    30.904    17.237    34.000     0.011      20       6    62.0    28.0
   103.154    30.890    17.237    34.000     0.034      19       6    64.0    28.0
   103.624    31.302    16.118    34.000     0.007       2      14     0.0    26.0
   103.610    31.289    16.118    34.000     0.004       3      12     2.0    26.0
   103.596    31.276    16.118    34.000     0.004       2      11     4.0    26.0
   103.581    31.263    16.118    34.000     0.003       2      10     6.0    26.0
   103.567    31.249    16.118    34.000     0.003       6       1     8.0    26.0
   103.553    31.236    16.118    34.000     0.009       3       1    10.0    26.0
   103.538    31.223    16.118    34.000     0.004       7       2    12.0    26.0
   103.524    31.210    16.118    34.000     0.002       6       1    14.0    26.0
   103.510    31.197    16.118    34.000     0.002       1      16    16.0    26.0
   103.495    31.184    16.118    34.000     0.001       9      35    18.0    26.0
   103.481    31.170    16.118    34.000     0.005       9      35    20.0    26.0
   103.467    31.157    16.118    34.000     0.015      11      35    22.0    26.0
   103.452    31.144    16.118    34.000     0.040      11      35    24.0    26.0
   103.438    31.131    16.118    34.000     0.036      10      35    26.0    26.0
   103.424    31.118    16.118    34.000     0.030      10      35    28.0    26.0
   103.409    31.105    16.118    34.000     0.041       7      35    30.0    26.0
   103.395    31.091    16.118    34.000     0.019       7      35    32.0    26.0
   103.381    31.078    16.118    34.000     0.005       9      35    34.0    26.0
   103.366    31.065    16.118    34.000     0.007      12      32    36.0    26.0
   103.352    31.052    16.118    34.000     0.005       9      35    38.0    26.0
   103.338    31.039    16.118    34.000     0.011      10      34    40.0    26.0
   103.324    31.025    16.118    34.000     0.007      11      32    42.0    26.0
   103.309    31.012    16.118    34.000     0.003       3       1    44.0    26.0
   103.295    30.999    16.118    34.000     0.016      17      37    46.0    26.0
   103.281    30.986    16.118    34.000     0.014      15      37    48.0    26.0
   103.266    30.973    16.118    34.000     0.004      14      37    50.0    26.0
   103.252    30.959    16.118    34.000     0.002      13      37    52.0    26.0
   103.238    30.946    16.118    34.000     0.005      14      37    54.0    26.0
   103.224    30.933    16.118    34.000     0.002      14      37    56.0    26.0
   103.209    30.920    16.118    34.000     0.003      14      37    58.0    26.0
   103.195    30.907    16.118    34.000     0.008      14      30    60.0    26.0
   103.181    30.893    16.118    34.000     0.009      14      27    62.0    26.0
   103.167    30.880    16.118    34.000     0.007      18       6    64.0    26.0
   103.637    31.292    15.000    34.000     0.018       4      10     0.0    24.0
   103.623    31.279    15.000    34.000     0.012       1       7     2.0    24.0
   103.608    31.266    15.000    34.000     0.016       1      12     4.0    24.0
   103.594    31.252    15.000    34.000     0.004       1      15     6.0    24.0
   103.580    31.239    15.000    34.000     0.003      11       1     8.0    24.0
   103.565    31.226    15.000    34.000     0.002      12       1    10.0    24.0
   103.551    31.213    15.000    34.000     0.002      11       1    12.0    24.0
   103.537    31.200    15.000    34.000     0.005       8       2    14.0    24.0
   103.522    31.187    15.000    34.000     0.013       7       3    16.0    24.0
   103.508    31.173    15.000    34.000     0.012       8       3    18.0    24.0
   103.494    31.160    15.000    34.000     0.007       6       2    20.0    24.0
   103.479    31.147    15.000    34.000     0.005       9       4    22.0    24.0
   103.465    31.134    15.000    34.000     0.002       8       2    24.0    24.0
   103.451    31.121    15.000    34.000     0.005      13      12    26.0    24.0
   103.436    31.107    15.000    34.000     0.024      10      35    28.0    24.0
   103.422    31.094    15.000    34.000     0.066      10      32    30.0    24.0
   103.408    31.081    15.000    34.000     0.088      11      28    32.0    24.0
   103.393    31.068    15.000    34.000     0.042      10      29    34.0    24.0
   103.379    31.055    15.000    34.000     0.016       7      20    36.0    24.0
   103.365    31.042    15.000    34.000     0.016       7      17    38.0    24.0
   103.351    31.028    15.000    34.000     0.010       6      20    40.0    24.0
   103.336    31.015    15.000    34.000     0.006      14       5    42.0    24.0
   103.322    31.002    15.000    34.000     0.007      12       6    44.0    24.0
   103.308    30.989    15.000    34.000     0.002      11       5    46.0    24.0
   103.293    30.976    15.000    34.000     0.003      18      19    48.0    24.0
   103.279    30.962    15.000    34.000     0.002      19      23    50.0    24.0
   103.265    30.949    15.000    34.000     0.005       5       1    52.0    24.0
   103.251    30.936    15.000    34.000     0.002       7       2    54.0    24.0
   103.236    30.923    15.000    34.000     0.002      12       2    56.0    24.0
   103.222    30.910    15.000    34.000     0.003      12       3    58.0    24.0
   103.208    30.896    15.000    34.000     0.005       1       8    60.0    24.0
   103.194    30.883    15.000    34.000     0.007      11      33    62.0    24.0
   103.179    30.870    15.000    34.000     0.010      10      33    64.0    24.0
   103.650    31.282    13.882    34.000     0.008      19      33     0.0    22.0
   103.635    31.268    13.882    34.000     0.002      20      37     2.0    22.0
   103.621    31.255    13.882    34.000     0.000       5       1     4.0    22.0
   103.607    31.242    13.882    34.000     0.001       2      26     6.0    22.0
   103.592    31.229    13.882    34.000     0.001      10      23     8.0    22.0
   103.578    31.216    13.882    34.000     0.003      16       1    10.0    22.0
   103.564    31.203    13.882    34.000     0.001       6      33    12.0    22.0
   103.549    31.189    13.882    34.000     0.002       9       1    14.0    22.0
   103.535    31.176    13.882    34.000     0.017       9       1    16.0    22.0
   103.521    31.163    13.882    34.000     0.023      10       1    18.0    22.0
   103.506    31.150    13.882    34.000     0.027      11       1    20.0    22.0
   103.492    31.137    13.882    34.000     0.020      11       1    22.0    22.0
   103.478    31.124    13.882    34.000     0.013      13       1    24.0    22.0
   103.463    31.110    13.882    34.000     0.004      20      11    26.0    22.0
   103.449    31.097    13.882    34.000     0.011      15      24    28.0    22.0
   103.435    31.084    13.882    34.000     0.014      10      31    30.0    22.0
   103.420    31.071    13.882    34.000     0.024      11      34    32.0    22.0
   103.406    31.058    13.882    34.000     0.007      12      17    34.0    22.0
   103.392    31.045    13.882    34.000     0.004       6      32    36.0    22.0
   103.378    31.031    13.882    34.000     0.011       3      32    38.0    22.0
   103.363    31.018    13.882    34.000     0.015       5      33    40.0    22.0
   103.349    31.005    13.882    34.000     0.011       4      37    42.0    22.0
   103.335    30.992    13.882    34.000     0.014      19       2    44.0    22.0
   103.320    30.979    13.882    34.000     0.015      20       2    46.0    22.0
   103.306    30.965    13.882    34.000     0.010      18       1    48.0    22.0
   103.292    30.952    13.882    34.000     0.005      18      19    50.0    22.0
   103.278    30.939    13.882    34.000     0.004      17       2    52.0    22.0
   103.263    30.926    13.882    34.000     0.002      18       2    54.0    22.0
   103.249    30.913    13.882    34.000     0.002      12       5    56.0    22.0
   103.235    30.899    13.882    34.000     0.002       4      17    58.0    22.0
   103.221    30.886    13.882    34.000     0.006      15       1    60.0    22.0
   103.206    30.873    13.882    34.000     0.005       5      11    62.0    22.0
   103.192    30.860    13.882    34.000     0.005       6      16    64.0    22.0
   103.663    31.271    12.763    34.000     0.006      20      35     0.0    20.0
   103.648    31.258    12.763    34.000     0.010      20      34     2.0    20.0
   103.634    31.245    12.763    34.000     0.004      19      34     4.0    20.0
   103.619    31.232    12.763    34.000     0.004      20      34     6.0    20.0
   103.605    31.219    12.763    34.000     0.004      12      29     8.0    20.0
   103.591    31.206    12.763    34.000     0.004      15      32    10.0    20.0
   103.576    31.192    12.763    34.000     0.003      17      34    12.0    20.0
   103.562    31.179    12.763    34.000     0.003      20      33    14.0    20.0
   103.548    31.166    12.763    34.000     0.006      20      34    16.0    20.0
   103.533    31.153    12.763    34.000     0.005      20      34    18.0    20.0
   103.519    31.140    12.763    34.000     0.003       2      31    20.0    20.0
   103.505    31.127    12.763    34.000     0.004      20      11    22.0    20.0
   103.490    31.113    12.763    34.000     0.006      20      13    24.0    20.0
   103.476    31.100    12.763    34.000     0.005       2      12    26.0    20.0
   103.462    31.087    12.763    34.000     0.011      19      31    28.0    20.0
   103.447    31.074    12.763    34.000     0.008      19      34    30.0    20.0
   103.433    31.061    12.763    34.000     0.005       8       2    32.0    20.0
   103.419    31.048    12.763    34.000     0.003      20      32    34.0    20.0
   103.405    31.034    12.763    34.000     0.001      20      30    36.0    20.0
   103.390    31.021    12.763    34.000     0.004       1      28    38.0    20.0
   103.376    31.008    12.763    34.000     0.006      10      37    40.0    20.0
   103.362    30.995    12.763    34.000     0.016       4      33    42.0    20.0
   103.347    30.982    12.763    34.000     0.010       4      32    44.0    20.0
   103.333    30.968    12.763    34.000     0.008       9      37    46.0    20.0
   103.319    30.955    12.763    34.000     0.007       9      37    48.0    20.0
   103.305    30.942    12.763    34.000     0.013       8      37    50.0    20.0
   103.290    30.929    12.763    34.000     0.003       7      37    52.0    20.0
   103.276    30.916    12.763    34.000     0.002       8      37    54.0    20.0
   103.262    30.902    12.763    34.000     0.005       7      37    56.0    20.0
   103.248    30.889    12.763    34.000     0.018      20       1    58.0    20.0
   103.233    30.876    12.763    34.000     0.010      19       1    60.0    20.0
   103.219    30.863    12.763    34.000     0.006      18       1    62.0    20.0
   103.205    30.850    12.763    34.000     0.003       2       9    64.0    20.0
   103.675    31.261    11.645    34.000     0.029      16       5     0.0    18.0
   103.661    31.248    11.645    34.000     0.019      15       4     2.0    18.0
   103.647    31.235    11.645    34.000     0.006      16       3     4.0    18.0
   103.632    31.222    11.645    34.000     0.004      16      27     6.0    18.0
   103.618    31.209    11.645    34.000     0.012      17      28     8.0    18.0
   103.603    31.195    11.645    34.000     0.014      19      31    10.0    18.0
   103.589    31.182    11.645    34.000     0.008      19      30    12.0    18.0
   103.575    31.169    11.645    34.000     0.003      17       8    14.0    18.0
   103.560    31.156    11.645    34.000     0.002      18      32    16.0    18.0
   103.546    31.143    11.645    34.000     0.002       7       1    18.0    18.0
   103.532    31.130    11.645    34.000     0.004      18      37    20.0    18.0
   103.517    31.116    11.645    34.000     0.008       7       1    22.0    18.0
   103.503    31.103    11.645    34.000     0.025       8       1    24.0    18.0
   103.489    31.090    11.645    34.000     0.019       8       1    26.0    18.0
   103.474    31.077    11.645    34.000     0.019      10       1    28.0    18.0
   103.460    31.064    11.645    34.000     0.017       8       1    30.0    18.0
   103.446    31.051    11.645    34.000     0.006       8       1    32.0    18.0
   103.432    31.037    11.645    34.000     0.001      20       2    34.0    18.0
   103.417    31.024    11.645    34.000     0.003      20       2    36.0    18.0
   103.403    31.011    11.645    34.000     0.001      20       9    38.0    18.0
   103.389    30.998    11.645    34.000     0.001       9      34    40.0    18.0
   103.374    30.985    11.645    34.000     0.005       5      33    42.0    18.0
   103.360    30.971    11.645    34.000     0.015       5      32    44.0    18.0
   103.346    30.958    11.645    34.000     0.011       5      32    46.0    18.0
   103.332    30.945    11.645    34.000     0.005       4      32    48.0    18.0
   103.317    30.932    11.645    34.000     0.004      11      37    50.0    18.0
   103.303    30.919    11.645    34.000     0.011      10      37    52.0    18.0
   103.289    30.905    11.645    34.000     0.013      12      37    54.0    18.0
   103.274    30.892    11.645    34.000     0.021      13      37    56.0    18.0
   103.260    30.879    11.645    34.000     0.012      11      29    58.0    18.0
   103.246    30.866    11.645    34.000     0.004      10      27    60.0    18.0
   103.232    30.853    11.645    34.000     0.003       7      27    62.0    18.0
   103.217    30.839    11.645    34.000     0.007       1      29    64.0    18.0
   103.688    31.251    10.526    34.000     0.039       6      36     0.0    16.0
   103.674    31.238    10.526    34.000     0.070       6      36     2.0    16.0
   103.659    31.225    10.526    34.000     0.023       6      36     4.0    16.0
   103.645    31.211    10.526    34.000     0.014      20       8     6.0    16.0
   103.631    31.198    10.526    34.000     0.018       3      36     8.0    16.0
   103.616    31.185    10.526    34.000     0.009       3      36    10.0    16.0
   103.602    31.172    10.526    34.000     0.011      11       1    12.0    16.0
   103.587    31.159    10.526    34.000     0.004      20      34    14.0    16.0
   103.573    31.146    10.526    34.000     0.009      20      37    16.0    16.0
   103.559    31.132    10.526    34.000     0.006      15      31    18.0    16.0
   103.544    31.119    10.526    34.000     0.022      20      37    20.0    16.0
   103.530    31.106    10.526    34.000     0.019      20      37    22.0    16.0
   103.516    31.093    10.526    34.000     0.030      20      37    24.0    16.0
   103.501    31.080    10.526    34.000     0.028      12       1    26.0    16.0
   103.487    31.067    10.526    34.000     0.033      11       1    28.0    16.0
   103.473    31.053    10.526    34.000     0.020      11       1    30.0    16.0
   103.459    31.040    10.526    34.000     0.004      10       1    32.0    16.0
   103.444    31.027    10.526    34.000     0.001      12      21    34.0    16.0
   103.430    31.014    10.526    34.000     0.001      12      34    36.0    16.0
   103.416    31.001    10.526    34.000     0.004      13      34    38.0    16.0
   103.401    30.988    10.526    34.000     0.004       7      12    40.0    16.0
   103.387    30.974    10.526    34.000     0.004       8      30    42.0    16.0
   103.373    30.961    10.526    34.000     0.011       6      31    44.0    16.0
   103.358    30.948    10.526    34.000     0.019       8      32    46.0    16.0
   103.344    30.935    10.526    34.000     0.033       5      31    48.0    16.0
   103.330    30.922    10.526    34.000     0.024       6      34    50.0    16.0
   103.316    30.908    10.526    34.000     0.008       9      35    52.0    16.0
   103.301    30.895    10.526    34.000     0.008       5      14    54.0    16.0
   103.287    30.882    10.526    34.000     0.019      16      30    56.0    16.0
   103.273    30.869    10.526    34.000     0.020      12      22    58.0    16.0
   103.259    30.856    10.526    34.000     0.013      11      14    60.0    16.0
   103.244    30.842    10.526    34.000     0.013       9      13    62.0    16.0
   103.230    30.829    10.526    34.000     0.006       7      23    64.0    16.0
   103.701    31.241     9.408    34.000     0.014       2       2     0.0    14.0
   103.686    31.228     9.408    34.000     0.007       1       2     2.0    14.0
   103.672    31.214     9.408    34.000     0.004       4      35     4.0    14.0
   103.658    31.201     9.408    34.000     0.027       2      34     6.0    14.0
   103.643    31.188     9.408    34.000     0.021       4      34     8.0    14.0
   103.629    31.175     9.408    34.000     0.013       4      34    10.0    14.0
   103.614    31.162     9.408    34.000     0.005       4      36    12.0    14.0
   103.600    31.149     9.408    34.000     0.004      20      33    14.0    14.0
   103.586    31.135     9.408    34.000     0.003       8       2    16.0    14.0
   103.571    31.122     9.408    34.000     0.004      19      34    18.0    14.0
   103.557    31.109     9.408    34.000     0.002       6       3    20.0    14.0
   103.543    31.096     9.408    34.000     0.005      16       3    22.0    14.0
   103.528    31.083     9.408    34.000     0.009      15       5    24.0    14.0
   103.514    31.070     9.408    34.000     0.010      15       3    26.0    14.0
   103.500    31.056     9.408    34.000     0.007      14       2    28.0    14.0
   103.486    31.043     9.408    34.000     0.006      16       2    30.0    14.0
   103.471    31.030     9.408    34.000     0.005       4       2    32.0    14.0
   103.457    31.017     9.408    34.000     0.006       4       3    34.0    14.0
   103.443    31.004     9.408    34.000     0.008       6       2    36.0    14.0
   103.428    30.991     9.408    34.000     0.004      12       4    38.0    14.0
   103.414    30.977     9.408    34.000     0.003      12       2    40.0    14.0
   103.400    30.964     9.408    34.000     0.003       5      36    42.0    14.0
   103.385    30.951     9.408    34.000     0.003       8      35    44.0    14.0
   103.371    30.938     9.408    34.000     0.017       6      36    46.0    14.0
   103.357    30.925     9.408    34.000     0.027       5      36    48.0    14.0
   103.343    30.911     9.408    34.000     0.026       6      36    50.0    14.0
   103.328    30.898     9.408    34.000     0.020       3      36    52.0    14.0
   103.314    30.885     9.408    34.000     0.007       2      36    54.0    14.0
   103.300    30.872     9.408    34.000     0.018       7      11    56.0    14.0
   103.286    30.859     9.408    34.000     0.026       8       9    58.0    14.0
   103.271    30.845     9.408    34.000     0.030       8       9    60.0    14.0
   103.257    30.832     9.408    34.000     0.026      14      34    62.0    14.0
   103.243    30.819     9.408    34.000     0.034      11      30    64.0    14.0
   103.713    31.230     8.290    34.000     0.008      17      36     0.0    12.0
   103.699    31.217     8.290    34.000     0.004       7       2     2.0    12.0
   103.685    31.204     8.290    34.000     0.002       6       2     4.0    12.0
   103.670    31.191     8.290    34.000     0.001       9      35     6.0    12.0
   103.656    31.178     8.290    34.000     0.003       1       3     8.0    12.0
   103.642    31.165     8.290    34.000     0.004       2       7    10.0    12.0
   103.627    31.152     8.290    34.000     0.004       1       5    12.0    12.0
   103.613    31.138     8.290    34.000     0.003       1      21    14.0    12.0
   103.598    31.125     8.290    34.000     0.004      20      28    16.0    12.0
   103.584    31.112     8.290    34.000     0.006      20      28    18.0    12.0
   103.570    31.099     8.290    34.000     0.005      17      35    20.0    12.0
   103.555    31.086     8.290    34.000     0.010      13      36    22.0    12.0
   103.541    31.073     8.290    34.000     0.012      12      36    24.0    12.0
   103.527    31.059     8.290    34.000     0.017      20      12    26.0    12.0
   103.513    31.046     8.290    34.000     0.035      17      13    28.0    12.0
   103.498    31.033     8.290    34.000     0.019      18      13    30.0    12.0
   103.484    31.020     8.290    34.000     0.011      18      12    32.0    12.0
   103.470    31.007     8.290    34.000     0.015      18       8    34.0    12.0
   103.455    30.994     8.290    34.000     0.015      16       5    36.0    12.0
   103.441    30.980     8.290    34.000     0.006      17       2    38.0    12.0
   103.427    30.967     8.290    34.000     0.009      12       2    40.0    12.0
   103.412    30.954     8.290    34.000     0.005      14       3    42.0    12.0
   103.398    30.941     8.290    34.000     0.003      19      35    44.0    12.0
   103.384    30.928     8.290    34.000     0.003      10       2    46.0    12.0
   103.370    30.914     8.290    34.000     0.004      14      35    48.0    12.0
   103.355    30.901     8.290    34.000     0.004       6      14    50.0    12.0
   103.341    30.888     8.290    34.000     0.006       4      15    52.0    12.0
   103.327    30.875     8.290    34.000     0.005       9      13    54.0    12.0
   103.313    30.862     8.290    34.000     0.008       9      12    56.0    12.0
   103.298    30.848     8.290    34.000     0.004      12       5    58.0    12.0
   103.284    30.835     8.290    34.000     0.010      14      35    60.0    12.0
   103.270    30.822     8.290    34.000     0.026      11      34    62.0    12.0
   103.255    30.809     8.290    34.000     0.024      11      35    64.0    12.0
   103.726    31.220     7.171    34.000     0.006      14       1     0.0    10.0
   103.712    31.207     7.171    34.000     0.004      11       3     2.0    10.0
   103.697    31.194     7.171    34.000     0.003       8       4     4.0    10.0
   103.683    31.181     7.171    34.000     0.004       9       1     6.0    10.0
   103.669    31.168     7.171    34.000     0.007      20      36     8.0    10.0
   103.654    31.154     7.171    34.000     0.007      20      36    10.0    10.0
   103.640    31.141     7.171    34.000     0.011      19      36    12.0    10.0
   103.626    31.128     7.171    34.000     0.007      17      35    14.0    10.0
   103.611    31.115     7.171    34.000     0.006      16      36    16.0    10.0
   103.597    31.102     7.171    34.000     0.007      19      35    18.0    10.0
   103.583    31.089     7.171    34.000     0.012      18      35    20.0    10.0
   103.568    31.075     7.171    34.000     0.018       6       1    22.0    10.0
   103.554    31.062     7.171    34.000     0.018      19      27    24.0    10.0
   103.540    31.049     7.171    34.000     0.014      17      35    26.0    10.0
   103.525    31.036     7.171    34.000     0.006      19      32    28.0    10.0
   103.511    31.023     7.171    34.000     0.001      17      31    30.0    10.0
   103.497    31.010     7.171    34.000     0.002      20      10    32.0    10.0
   103.482    30.996     7.171    34.000     0.001       4      37    34.0    10.0
   103.468    30.983     7.171    34.000     0.002      20       5    36.0    10.0
   103.454    30.970     7.171    34.000     0.004      20       4    38.0    10.0
   103.439    30.957     7.171    34.000     0.001      19       1    40.0    10.0
   103.425    30.944     7.171    34.000     0.001      18       1    42.0    10.0
   103.411    30.931     7.171    34.000     0.003      13       1    44.0    10.0
   103.397    30.917     7.171    34.000     0.010      12       1    46.0    10.0
   103.382    30.904     7.171    34.000     0.012       9       3    48.0    10.0
   103.368    30.891     7.171    34.000     0.005      10       2    50.0    10.0
   103.354    30.878     7.171    34.000     0.002      12       1    52.0    10.0
   103.339    30.865     7.171    34.000     0.001       4      15    54.0    10.0
   103.325    30.851     7.171    34.000     0.000      10      37    56.0    10.0
   103.311    30.838     7.171    34.000     0.001      20      13    58.0    10.0
   103.297    30.825     7.171    34.000     0.022      20      26    60.0    10.0
   103.282    30.812     7.171    34.000     0.020      20      17    62.0    10.0
   103.268    30.799     7.171    34.000     0.020      20      18    64.0    10.0
   103.739    31.210     6.053    34.000     0.018      15      15     0.0     8.0
   103.724    31.197     6.053    34.000     0.026      13      14     2.0     8.0
   103.710    31.184     6.053    34.000     0.024      14      20     4.0     8.0
   103.696    31.171     6.053    34.000     0.022      14      15     6.0     8.0
   103.681    31.157     6.053    34.000     0.017      11      15     8.0     8.0
   103.667    31.144     6.053    34.000     0.008      10      16    10.0     8.0
   103.653    31.131     6.053    34.000     0.001       5      23    12.0     8.0
   103.638    31.118     6.053    34.000     0.002      20      34    14.0     8.0
   103.624    31.105     6.053    34.000     0.001       1      15    16.0     8.0
   103.610    31.092     6.053    34.000     0.002      20      37    18.0     8.0
   103.595    31.078     6.053    34.000     0.003      20      35    20.0     8.0
   103.581    31.065     6.053    34.000     0.008       6       1    22.0     8.0
   103.567    31.052     6.053    34.000     0.008       7       1    24.0     8.0
   103.552    31.039     6.053    34.000     0.013      20      35    26.0     8.0
   103.538    31.026     6.053    34.000     0.019       3       3    28.0     8.0
   103.524    31.013     6.053    34.000     0.031       2       2    30.0     8.0
   103.509    30.999     6.053    34.000     0.034      15      37    32.0     8.0
   103.495    30.986     6.053    34.000     0.036       1       2    34.0     8.0
   103.481    30.973     6.053    34.000     0.023       1       3    36.0     8.0
   103.466    30.960     6.053    34.000     0.006      20      33    38.0     8.0
   103.452    30.947     6.053    34.000     0.003       1       5    40.0     8.0
   103.438    30.934     6.053    34.000     0.003      20      25    42.0     8.0
   103.423    30.920     6.053    34.000     0.010      20      16    44.0     8.0
   103.409    30.907     6.053    34.000     0.007      19      18    46.0     8.0
   103.395    30.894     6.053    34.000     0.002      13       1    48.0     8.0
   103.381    30.881     6.053    34.000     0.006       1      36    50.0     8.0
   103.366    30.868     6.053    34.000     0.010       1      36    52.0     8.0
   103.352    30.854     6.053    34.000     0.013       1      36    54.0     8.0
   103.338    30.841     6.053    34.000     0.008       1      36    56.0     8.0
   103.324    30.828     6.053    34.000     0.009      20       5    58.0     8.0
   103.309    30.815     6.053    34.000     0.005       6      37    60.0     8.0
   103.295    30.802     6.053    34.000     0.015       1       6    62.0     8.0
   103.281    30.788     6.053    34.000     0.020       1       6    64.0     8.0
   103.751    31.200     4.935    34.000     0.022      11      13     0.0     6.0
   103.737    31.187     4.935    34.000     0.016       4      36     2.0     6.0
   103.723    31.173     4.935    34.000     0.008       3      36     4.0     6.0
   103.708    31.160     4.935    34.000     0.004      10      32     6.0     6.0
   103.694    31.147     4.935    34.000     0.003       8      36     8.0     6.0
   103.680    31.134     4.935    34.000     0.004      13      37    10.0     6.0
   103.665    31.121     4.935    34.000     0.011      13      37    12.0     6.0
   103.651    31.108     4.935    34.000     0.010       6      14    14.0     6.0
   103.637    31.095     4.935    34.000     0.007       9      31    16.0     6.0
   103.622    31.081     4.935    34.000     0.007      10      31    18.0     6.0
   103.608    31.068     4.935    34.000     0.004       9      31    20.0     6.0
   103.594    31.055     4.935    34.000     0.001       2      35    22.0     6.0
   103.579    31.042     4.935    34.000     0.003      18       9    24.0     6.0
   103.565    31.029     4.935    34.000     0.005       1      28    26.0     6.0
   103.551    31.016     4.935    34.000     0.002       7       1    28.0     6.0
   103.536    31.002     4.935    34.000     0.005       6       1    30.0     6.0
   103.522    30.989     4.935    34.000     0.031       5       1    32.0     6.0
   103.508    30.976     4.935    34.000     0.077       5       1    34.0     6.0
   103.493    30.963     4.935    34.000     0.023       4       1    36.0     6.0
   103.479    30.950     4.935    34.000     0.014       1       7    38.0     6.0
   103.465    30.937     4.935    34.000     0.011       1       7    40.0     6.0
   103.450    30.923     4.935    34.000     0.006      20      34    42.0     6.0
   103.436    30.910     4.935    34.000     0.004      20      34    44.0     6.0
   103.422    30.897     4.935    34.000     0.004       3       5    46.0     6.0
   103.408    30.884     4.935    34.000     0.007       3       7    48.0     6.0
   103.393    30.871     4.935    34.000     0.018       3      25    50.0     6.0
   103.379    30.857     4.935    34.000     0.014       1      25    52.0     6.0
   103.365    30.844     4.935    34.000     0.020       3      28    54.0     6.0
   103.351    30.831     4.935    34.000     0.008       3      25    56.0     6.0
   103.336    30.818     4.935    34.000     0.016       5      25    58.0     6.0
   103.322    30.805     4.935    34.000     0.016       4      12    60.0     6.0
   103.308    30.791     4.935    34.000     0.028       5      17    62.0     6.0
   103.294    30.778     4.935    34.000     0.043       1       1    64.0     6.0
   103.764    31.189     3.816    34.000     0.008      10      31     0.0     4.0
   103.750    31.176     3.816    34.000     0.017      10      33     2.0     4.0
   103.735    31.163     3.816    34.000     0.015       9      35     4.0     4.0
   103.721    31.150     3.816    34.000     0.015      14      36     6.0     4.0
   103.707    31.137     3.816    34.000     0.029      14      36     8.0     4.0
   103.692    31.124     3.816    34.000     0.007      15      36    10.0     4.0
   103.678    31.111     3.816    34.000     0.002      16      36    12.0     4.0
   103.664    31.097     3.816    34.000     0.007      15      14    14.0     4.0
   103.649    31.084     3.816    34.000     0.018      14      16    16.0     4.0
   103.635    31.071     3.816    34.000     0.023      14      18    18.0     4.0
   103.621    31.058     3.816    34.000     0.016       6      37    20.0     4.0
   103.606    31.045     3.816    34.000     0.012       6      37    22.0     4.0
   103.592    31.032     3.816    34.000     0.013      10      37    24.0     4.0
   103.578    31.018     3.816    34.000     0.005       7      37    26.0     4.0
   103.563    31.005     3.816    34.000     0.012      19       6    28.0     4.0
   103.549    30.992     3.816    34.000     0.012      18       7    30.0     4.0
   103.535    30.979     3.816    34.000     0.013      20       6    32.0     4.0
   103.520    30.966     3.816    34.000     0.017      18       8    34.0     4.0
   103.506    30.953     3.816    34.000     0.020      14       5    36.0     4.0
   103.492    30.939     3.816    34.000     0.017      12       5    38.0     4.0
   103.477    30.926     3.816    34.000     0.014      10       7    40.0     4.0
   103.463    30.913     3.816    34.000     0.023      10       8    42.0     4.0
   103.449    30.900     3.816    34.000     0.021       9       5    44.0     4.0
   103.435    30.887     3.816    34.000     0.007      10       2    46.0     4.0
   103.420    30.874     3.816    34.000     0.009       9       2    48.0     4.0
   103.406    30.860     3.816    34.000     0.006       8       3    50.0     4.0
   103.392    30.847     3.816    34.000     0.004      19      36    52.0     4.0
   103.377    30.834     3.816    34.000     0.019       6      13    54.0     4.0
   103.363    30.821     3.816    34.000     0.016       5      12    56.0     4.0
   103.349    30.808     3.816    34.000     0.017      10      16    58.0     4.0
   103.335    30.794     3.816    34.000     0.038      10      15    60.0     4.0
   103.320    30.781     3.816    34.000     0.053       9      20    62.0     4.0
   103.306    30.768     3.816    34.000     0.035       9      22    64.0     4.0
   103.777    31.179     2.698    34.000     0.012       1      24     0.0     2.0
   103.762    31.166     2.698    34.000     0.012       5       4     2.0     2.0
   103.748    31.153     2.698    34.000     0.004       5       3     4.0     2.0
   103.734    31.140     2.698    34.000     0.004       3      11     6.0     2.0
   103.719    31.127     2.698    34.000     0.002       4      32     8.0     2.0
   103.705    31.114     2.698    34.000     0.004       4      31    10.0     2.0
   103.691    31.100     2.698    34.000     0.010       5      30    12.0     2.0
   103.676    31.087     2.698    34.000     0.007       9      35    14.0     2.0
   103.662    31.074     2.698    34.000     0.013      13      36    16.0     2.0
   103.648    31.061     2.698    34.000     0.022      13      36    18.0     2.0
   103.633    31.048     2.698    34.000     0.018      13      36    20.0     2.0
   103.619    31.035     2.698    34.000     0.018      16      36    22.0     2.0
   103.605    31.021     2.698    34.000     0.017      19      30    24.0     2.0
   103.590    31.008     2.698    34.000     0.013      19      36    26.0     2.0
   103.576    30.995     2.698    34.000     0.008      16      26    28.0     2.0
   103.562    30.982     2.698    34.000     0.008      10      23    30.0     2.0
   103.547    30.969     2.698    34.000     0.018      10      36    32.0     2.0
   103.533    30.956     2.698    34.000     0.009       9      36    34.0     2.0
   103.519    30.942     2.698    34.000     0.015      18       5    36.0     2.0
   103.504    30.929     2.698    34.000     0.015      17       5    38.0     2.0
   103.490    30.916     2.698    34.000     0.018      15       5    40.0     2.0
   103.476    30.903     2.698    34.000     0.009      15       6    42.0     2.0
   103.462    30.890     2.698    34.000     0.007      20      14    44.0     2.0
   103.447    30.877     2.698    34.000     0.010      20      13    46.0     2.0
   103.433    30.863     2.698    34.000     0.006      17      36    48.0     2.0
   103.419    30.850     2.698    34.000     0.006      20      15    50.0     2.0
   103.404    30.837     2.698    34.000     0.003      20      34    52.0     2.0
   103.390    30.824     2.698    34.000     0.005      20      31    54.0     2.0
   103.376    30.811     2.698    34.000     0.004      20      26    56.0     2.0
   103.362    30.797     2.698    34.000     0.001      19       6    58.0     2.0
   103.347    30.784     2.698    34.000     0.006      20      12    60.0     2.0
   103.333    30.771     2.698    34.000     0.004      20      10    62.0     2.0
   103.319    30.758     2.698    34.000     0.011      20       3    64.0     2.0
   103.789    31.169     1.579    34.000     0.030       3      33     0.0     0.0
   103.775    31.156     1.579    34.000     0.035       2      36     2.0     0.0
   103.761    31.143     1.579    34.000     0.030       2      36     4.0     0.0
   103.746    31.130     1.579    34.000     0.031       4      35     6.0     0.0
   103.732    31.116     1.579    34.000     0.010       2      36     8.0     0.0
   103.718    31.103     1.579    34.000     0.002       5      36    10.0     0.0
   103.703    31.090     1.579    34.000     0.002      11       3    12.0     0.0
   103.689    31.077     1.579    34.000     0.012      10       3    14.0     0.0
   103.675    31.064     1.579    34.000     0.011       8       3    16.0     0.0
   103.660    31.051     1.579    34.000     0.019       8       3    18.0     0.0
   103.646    31.038     1.579    34.000     0.007      13       3    20.0     0.0
   103.632    31.024     1.579    34.000     0.011      16       5    22.0     0.0
   103.617    31.011     1.579    34.000     0.012      16       7    24.0     0.0
   103.603    30.998     1.579    34.000     0.006      15       8    26.0     0.0
   103.589    30.985     1.579    34.000     0.008      14      17    28.0     0.0
   103.574    30.972     1.579    34.000     0.008      13      26    30.0     0.0
   103.560    30.959     1.579    34.000     0.009       9      20    32.0     0.0
   103.546    30.945     1.579    34.000     0.017      14      37    34.0     0.0
   103.531    30.932     1.579    34.000     0.029      14      37    36.0     0.0
   103.517    30.919     1.579    34.000     0.028      15      37    38.0     0.0
   103.503    30.906     1.579    34.000     0.022       8      35    40.0     0.0
   103.488    30.893     1.579    34.000     0.030      12      37    42.0     0.0
   103.474    30.880     1.579    34.000     0.032      11      37    44.0     0.0
   103.460    30.866     1.579    34.000     0.007      11      37    46.0     0.0
   103.446    30.853     1.579    34.000     0.002       7      36    48.0     0.0
   103.431    30.840     1.579    34.000     0.001       1      37    50.0     0.0
   103.417    30.827     1.579    34.000     0.002      20       4    52.0     0.0
   103.403    30.814     1.579    34.000     0.002      20       6    54.0     0.0
   103.389    30.800     1.579    34.000     0.002       4      11    56.0     0.0
   103.374    30.787     1.579    34.000     0.003       1      36    58.0     0.0
   103.360    30.774     1.579    34.000     0.004       1      37    60.0     0.0
   103.346    30.761     1.579    34.000     0.008       2      37    62.0     0.0
   103.332    30.748     1.579    34.000     0.010       1      37    64.0     0.0
