   0.00000000      0.160952359      0.149000004      0.333000004    
   2.00000000      0.141761899      0.136999995      0.397000015    
   4.00000000      0.143714279      0.133000001      0.324000001    
   6.00000000      0.150380924      0.115999997      0.358999997    
   8.00000000      0.145238101      0.118000001      0.294000000    
   10.0000000      0.146095231      0.123999998      0.307999998    
   12.0000000      0.157238111      0.122000001      0.347000003    
   14.0000000      0.160999984      0.112999998      0.314999998    
   16.0000000      0.152428582      0.119999997      0.428000003    
   18.0000000      0.149857149      0.130999997      0.324000001    
   20.0000000      0.141476199      0.135000005      0.326999992    
   22.0000000      0.158000007      0.150000006      0.510999978    
   24.0000000      0.167142853      0.141000003      0.722000003    
   26.0000000      0.137904763      0.116999999      0.351000011    
