    -2.030       3     0.300
   -34.004      17     0.300
   -42.005      19     0.300
  -228.174      47     0.300
  -138.621      60     0.301
     4.038       3     0.302
  -170.849      46     0.302
   -28.055      22     0.303
   -39.998      67     0.304
     6.005       5     0.306
   -38.078      25     0.306
   -64.028      25     0.306
    13.994       7     0.307
   -49.992      18     0.307
   -12.019      18     0.308
  -124.992      52     0.308
  -120.990      54     0.309
  -123.152      60     0.309
     1.987       6     0.310
   -35.969      18     0.310
    15.992       8     0.312
   -48.085      18     0.312
   -49.967      20     0.313
  -121.092      52     0.315
  -136.927      57     0.315
  -123.013      54     0.316
    14.004       7     0.317
   -40.001      16     0.317
   -44.074      18     0.318
     9.970       8     0.319
   -46.018      21     0.319
     5.989       5     0.320
   -40.066      19     0.320
   -50.031      20     0.321
   -46.044      18     0.323
   -35.969      17     0.324
   -39.957      19     0.324
  -117.007      54     0.324
  -131.721      55     0.324
     1.987       3     0.325
    12.021       7     0.325
  -168.830      57     0.325
  -186.788      64     0.325
  -194.411      33     0.325
   -44.027      19     0.326
  -115.734      55     0.327
     4.038       6     0.328
     8.004       7     0.328
  -119.150      53     0.328
     8.004       8     0.329
  -200.287      63     0.331
   -37.992      22     0.333
  -135.603      59     0.333
     0.000       6     0.335
    12.011       5     0.335
   -31.992      20     0.335
   -42.005      22     0.337
   -58.053      27     0.337
  -108.042      57     0.337
   -36.096      25     0.339
   -47.983      19     0.341
  -129.435      57     0.342
   -39.957      22     0.343
   -44.053      22     0.345
   -47.983      20     0.347
  -109.834      55     0.347
  -123.115      52     0.347
   -48.073      21     0.350
   -37.972      22     0.351
  -109.730      55     0.351
  -140.642      60     0.351
   -34.004      18     0.352
   -50.031      19     0.352
     0.051       4     0.353
   -36.006      22     0.354
   -49.987      23     0.355
    14.019       8     0.356
     7.972       5     0.359
  -129.762      55     0.359
   -63.989      30     0.365
   -37.998      25     0.366
   -47.983      22     0.368
     0.020       7     0.372
   -46.044      17     0.372
     8.004       6     0.373
   -33.977      20     0.373
    16.045       7     0.380
   -36.006      19     0.380
     4.038       7     0.381
   -41.985      22     0.381
  -136.358      61     0.381
   -37.999      19     0.382
     6.016       6     0.385
    10.023       7     0.388
   -51.995      20     0.388
    20.001       7     0.391
   -44.053      21     0.391
  -108.042      58     0.392
     1.987       7     0.393
    12.011       7     0.395
   -41.968      16     0.395
  -133.581      59     0.397
     1.955       4     0.399
  -136.663      58     0.399
   -45.980      19     0.401
   -54.004      18     0.402
     9.970       7     0.403
   -42.005      21     0.407
   -46.038      18     0.407
   -54.004      17     0.408
   -34.000      17     0.409
    16.029       7     0.415
    18.013       7     0.423
   -50.011      19     0.427
   -51.995      19     0.428
  -118.967      54     0.428
   -40.021      22     0.430
   -41.968      19     0.430
   -43.997      19     0.445
   -48.047      21     0.452
    10.023       5     0.457
   -39.979      25     0.461
   -34.041      20     0.476
    11.968       8     0.483
    13.978       7     0.491
   -36.026      20     0.492
   -48.008      18     0.494
  -113.712      55     0.511
   -39.984      19     0.527
   -46.019      22     0.529
   -48.008      17     0.563
   -46.018      20     0.564
   -42.032      19     0.609
   -44.016      19     0.620
   -51.957      18     0.623
   -38.037      21     0.638
   -44.034      22     0.642
   -37.992      20     0.673
   -50.056      18     0.676
   -36.006      20     0.682
   -50.056      17     0.712
  -111.752      55     0.722
   -51.957      17     0.744
   -39.957      20     0.769
   -42.005      20     0.790
   -44.053      20     0.835
   -45.999      21     0.892
   -40.001      21     0.931
   -43.951      21     0.939
   -42.050      21     1.000
