  -113.712      55     0.511
   -39.984      19     0.527
   -46.019      22     0.529
   -48.008      17     0.563
   -46.018      20     0.564
   -42.032      19     0.609
   -44.016      19     0.620
   -51.957      18     0.623
   -38.037      21     0.638
   -44.034      22     0.642
   -37.992      20     0.673
   -50.056      18     0.676
   -36.006      20     0.682
   -50.056      17     0.712
  -111.752      55     0.722
   -51.957      17     0.744
   -39.957      20     0.769
   -42.005      20     0.790
   -44.053      20     0.835
   -45.999      21     0.892
   -40.001      21     0.931
   -43.951      21     0.939
   -42.050      21     1.000
