   103.535    31.374    23.947    34.000     0.111    1135       6     0.0    40.0
   103.521    31.360    23.947    34.000     0.099    1136      11     2.0    40.0
   103.507    31.347    23.947    34.000     0.111    1719       3     4.0    40.0
   103.492    31.334    23.947    34.000     0.130     417      16     6.0    40.0
   103.478    31.321    23.947    34.000     0.155     418       8     8.0    40.0
   103.464    31.308    23.947    34.000     0.171     418       7    10.0    40.0
   103.449    31.295    23.947    34.000     0.200     385      28    12.0    40.0
   103.435    31.281    23.947    34.000     0.142     685      24    14.0    40.0
   103.421    31.268    23.947    34.000     0.135     687      19    16.0    40.0
   103.406    31.255    23.947    34.000     0.133     686      18    18.0    40.0
   103.392    31.242    23.947    34.000     0.083     528       3    20.0    40.0
   103.378    31.229    23.947    34.000     0.062     563       1    22.0    40.0
   103.363    31.216    23.947    34.000     0.077     381      37    24.0    40.0
   103.349    31.202    23.947    34.000     0.082     382      36    26.0    40.0
   103.335    31.189    23.947    34.000     0.096     381      36    28.0    40.0
   103.320    31.176    23.947    34.000     0.126    1337       1    30.0    40.0
   103.306    31.163    23.947    34.000     0.115    1336       1    32.0    40.0
   103.292    31.150    23.947    34.000     0.123     423      37    34.0    40.0
   103.277    31.136    23.947    34.000     0.194     420      34    36.0    40.0
   103.263    31.123    23.947    34.000     0.174     420      34    38.0    40.0
   103.249    31.110    23.947    34.000     0.092    1394      34    40.0    40.0
   103.235    31.097    23.947    34.000     0.077     708      14    42.0    40.0
   103.220    31.084    23.947    34.000     0.078     707      12    44.0    40.0
   103.206    31.070    23.947    34.000     0.098     705      17    46.0    40.0
   103.192    31.057    23.947    34.000     0.143     836       2    48.0    40.0
   103.178    31.044    23.947    34.000     0.132     834       3    50.0    40.0
   103.163    31.031    23.947    34.000     0.050     310       1    52.0    40.0
   103.149    31.018    23.947    34.000     0.052     581       8    54.0    40.0
   103.135    31.004    23.947    34.000     0.082    1452       3    56.0    40.0
   103.120    30.991    23.947    34.000     0.100     762       2    58.0    40.0
   103.106    30.978    23.947    34.000     0.164     553      10    60.0    40.0
   103.092    30.965    23.947    34.000     0.176     551      10    62.0    40.0
   103.078    30.951    23.947    34.000     0.095     612      34    64.0    40.0
   103.548    31.363    22.829    34.000     0.265    1341      17     0.0    38.0
   103.534    31.350    22.829    34.000     0.360    1339      16     2.0    38.0
   103.519    31.337    22.829    34.000     0.430    1340      16     4.0    38.0
   103.505    31.324    22.829    34.000     0.291    1340      15     6.0    38.0
   103.491    31.311    22.829    34.000     0.089    1340      13     8.0    38.0
   103.476    31.298    22.829    34.000     0.062     793      35    10.0    38.0
   103.462    31.284    22.829    34.000     0.130     611       2    12.0    38.0
   103.448    31.271    22.829    34.000     0.189     611       2    14.0    38.0
   103.433    31.258    22.829    34.000     0.150     609       2    16.0    38.0
   103.419    31.245    22.829    34.000     0.107    1493      30    18.0    38.0
   103.405    31.232    22.829    34.000     0.127    1492      27    20.0    38.0
   103.390    31.218    22.829    34.000     0.114    1491      29    22.0    38.0
   103.376    31.205    22.829    34.000     0.095    1034      32    24.0    38.0
   103.362    31.192    22.829    34.000     0.079     862      35    26.0    38.0
   103.347    31.179    22.829    34.000     0.066    1215       8    28.0    38.0
   103.333    31.166    22.829    34.000     0.076     512      24    30.0    38.0
   103.319    31.153    22.829    34.000     0.082     512      18    32.0    38.0
   103.305    31.139    22.829    34.000     0.130     508       7    34.0    38.0
   103.290    31.126    22.829    34.000     0.119     437       2    36.0    38.0
   103.276    31.113    22.829    34.000     0.140     437       2    38.0    38.0
   103.262    31.100    22.829    34.000     0.124    1514      32    40.0    38.0
   103.247    31.087    22.829    34.000     0.102    1393      33    42.0    38.0
   103.233    31.073    22.829    34.000     0.092     833       8    44.0    38.0
   103.219    31.060    22.829    34.000     0.102     585      24    46.0    38.0
   103.204    31.047    22.829    34.000     0.078     586      28    48.0    38.0
   103.190    31.034    22.829    34.000     0.079     160       8    50.0    38.0
   103.176    31.021    22.829    34.000     0.078     161       7    52.0    38.0
   103.162    31.007    22.829    34.000     0.065     440      25    54.0    38.0
   103.147    30.994    22.829    34.000     0.094     404      23    56.0    38.0
   103.133    30.981    22.829    34.000     0.125     404      20    58.0    38.0
   103.119    30.968    22.829    34.000     0.103     405      20    60.0    38.0
   103.105    30.954    22.829    34.000     0.070     382      36    62.0    38.0
   103.090    30.941    22.829    34.000     0.086     308      26    64.0    38.0
   103.561    31.353    21.710    34.000     0.209     402      31     0.0    36.0
   103.547    31.340    21.710    34.000     0.171    1338      17     2.0    36.0
   103.532    31.327    21.710    34.000     0.111    1339      14     4.0    36.0
   103.518    31.314    21.710    34.000     0.081     371      31     6.0    36.0
   103.503    31.301    21.710    34.000     0.123     371      29     8.0    36.0
   103.489    31.287    21.710    34.000     0.099     308      13    10.0    36.0
   103.475    31.274    21.710    34.000     0.120     306      15    12.0    36.0
   103.460    31.261    21.710    34.000     0.097     305      17    14.0    36.0
   103.446    31.248    21.710    34.000     0.076     638      28    16.0    36.0
   103.432    31.235    21.710    34.000     0.062     477      32    18.0    36.0
   103.417    31.221    21.710    34.000     0.072     478      33    20.0    36.0
   103.403    31.208    21.710    34.000     0.081     343       2    22.0    36.0
   103.389    31.195    21.710    34.000     0.075    1219      18    24.0    36.0
   103.374    31.182    21.710    34.000     0.090     513      11    26.0    36.0
   103.360    31.169    21.710    34.000     0.117     510      11    28.0    36.0
   103.346    31.156    21.710    34.000     0.101     509      12    30.0    36.0
   103.332    31.142    21.710    34.000     0.178     508      11    32.0    36.0
   103.317    31.129    21.710    34.000     0.091     585       8    34.0    36.0
   103.303    31.116    21.710    34.000     0.079     509      16    36.0    36.0
   103.289    31.103    21.710    34.000     0.083     343      34    38.0    36.0
   103.274    31.090    21.710    34.000     0.109     421      31    40.0    36.0
   103.260    31.076    21.710    34.000     0.181     423      31    42.0    36.0
   103.246    31.063    21.710    34.000     0.107     422      32    44.0    36.0
   103.231    31.050    21.710    34.000     0.128     582       2    46.0    36.0
   103.217    31.037    21.710    34.000     0.141     581       2    48.0    36.0
   103.203    31.024    21.710    34.000     0.072     692      14    50.0    36.0
   103.189    31.010    21.710    34.000     0.072     664      21    52.0    36.0
   103.174    30.997    21.710    34.000     0.076    1144       9    54.0    36.0
   103.160    30.984    21.710    34.000     0.084    1144      11    56.0    36.0
   103.146    30.971    21.710    34.000     0.063     151      27    58.0    36.0
   103.132    30.958    21.710    34.000     0.068    1130      37    60.0    36.0
   103.117    30.944    21.710    34.000     0.110     268      36    62.0    36.0
   103.103    30.931    21.710    34.000     0.114     268      36    64.0    36.0
   103.574    31.343    20.592    34.000     0.147     505      14     0.0    34.0
   103.559    31.330    20.592    34.000     0.147     402      30     2.0    34.0
   103.545    31.317    20.592    34.000     0.244     400      29     4.0    34.0
   103.531    31.303    20.592    34.000     0.202     400      31     6.0    34.0
   103.516    31.290    20.592    34.000     0.183     400      31     8.0    34.0
   103.502    31.277    20.592    34.000     0.192     369      31    10.0    34.0
   103.487    31.264    20.592    34.000     0.134     370      30    12.0    34.0
   103.473    31.251    20.592    34.000     0.153     432      25    14.0    34.0
   103.459    31.238    20.592    34.000     0.172     432      27    16.0    34.0
   103.444    31.224    20.592    34.000     0.098     425       2    18.0    34.0
   103.430    31.211    20.592    34.000     0.107     595      21    20.0    34.0
   103.416    31.198    20.592    34.000     0.096     594      20    22.0    34.0
   103.401    31.185    20.592    34.000     0.086     513       8    24.0    34.0
   103.387    31.172    20.592    34.000     0.074     476      29    26.0    34.0
   103.373    31.159    20.592    34.000     0.062     477      30    28.0    34.0
   103.359    31.145    20.592    34.000     0.088    1159       2    30.0    34.0
   103.344    31.132    20.592    34.000     0.121     293       8    32.0    34.0
   103.330    31.119    20.592    34.000     0.195     291       8    34.0    34.0
   103.316    31.106    20.592    34.000     0.158     292       8    36.0    34.0
   103.301    31.093    20.592    34.000     0.161     292       9    38.0    34.0
   103.287    31.079    20.592    34.000     0.119     295      20    40.0    34.0
   103.273    31.066    20.592    34.000     0.196     423      32    42.0    34.0
   103.258    31.053    20.592    34.000     0.297     423      33    44.0    34.0
   103.244    31.040    20.592    34.000     0.169     123      16    46.0    34.0
   103.230    31.027    20.592    34.000     0.108     691       9    48.0    34.0
   103.216    31.013    20.592    34.000     0.147     688       2    50.0    34.0
   103.201    31.000    20.592    34.000     0.112     688       2    52.0    34.0
   103.187    30.987    20.592    34.000     0.162     149      20    54.0    34.0
   103.173    30.974    20.592    34.000     0.346     148      21    56.0    34.0
   103.159    30.961    20.592    34.000     0.347     147      23    58.0    34.0
   103.144    30.947    20.592    34.000     0.296     151      34    60.0    34.0
   103.130    30.934    20.592    34.000     0.212     149      34    62.0    34.0
   103.116    30.921    20.592    34.000     0.096     178       7    64.0    34.0
   103.586    31.333    19.474    34.000     0.144     624      34     0.0    32.0
   103.572    31.320    19.474    34.000     0.256     625      33     2.0    32.0
   103.558    31.306    19.474    34.000     0.110     623      33     4.0    32.0
   103.543    31.293    19.474    34.000     0.109     251      35     6.0    32.0
   103.529    31.280    19.474    34.000     0.113    1584      17     8.0    32.0
   103.515    31.267    19.474    34.000     0.123    1132      37    10.0    32.0
   103.500    31.254    19.474    34.000     0.144     429       9    12.0    32.0
   103.486    31.241    19.474    34.000     0.249     427       4    14.0    32.0
   103.472    31.227    19.474    34.000     0.319     427       3    16.0    32.0
   103.457    31.214    19.474    34.000     0.200     427       2    18.0    32.0
   103.443    31.201    19.474    34.000     0.146     595      23    20.0    32.0
   103.429    31.188    19.474    34.000     0.168     595      22    22.0    32.0
   103.414    31.175    19.474    34.000     0.167     360      24    24.0    32.0
   103.400    31.162    19.474    34.000     0.191     358      31    26.0    32.0
   103.386    31.148    19.474    34.000     0.175     627      34    28.0    32.0
   103.371    31.135    19.474    34.000     0.142     628      35    30.0    32.0
   103.357    31.122    19.474    34.000     0.158     295       7    32.0    32.0
   103.343    31.109    19.474    34.000     0.166     511      37    34.0    32.0
   103.328    31.096    19.474    34.000     0.151     495       1    36.0    32.0
   103.314    31.082    19.474    34.000     0.120     122      11    38.0    32.0
   103.300    31.069    19.474    34.000     0.243     121      14    40.0    32.0
   103.285    31.056    19.474    34.000     0.208     121      11    42.0    32.0
   103.271    31.043    19.474    34.000     0.124     119      16    44.0    32.0
   103.257    31.030    19.474    34.000     0.090     117      17    46.0    32.0
   103.243    31.016    19.474    34.000     0.124     216      23    48.0    32.0
   103.228    31.003    19.474    34.000     0.100     149      12    50.0    32.0
   103.214    30.990    19.474    34.000     0.153     148      16    52.0    32.0
   103.200    30.977    19.474    34.000     0.176     569      27    54.0    32.0
   103.186    30.964    19.474    34.000     0.216     146      14    56.0    32.0
   103.171    30.950    19.474    34.000     0.158     145      16    58.0    32.0
   103.157    30.937    19.474    34.000     0.158     143      11    60.0    32.0
   103.143    30.924    19.474    34.000     0.154     148      33    62.0    32.0
   103.129    30.911    19.474    34.000     0.190     148      34    64.0    32.0
   103.599    31.323    18.355    34.000     0.192     907      37     0.0    30.0
   103.585    31.309    18.355    34.000     0.143     679      12     2.0    30.0
   103.570    31.296    18.355    34.000     0.123     623      34     4.0    30.0
   103.556    31.283    18.355    34.000     0.103     623      34     6.0    30.0
   103.542    31.270    18.355    34.000     0.147     493      24     8.0    30.0
   103.527    31.257    18.355    34.000     0.132    1399      36    10.0    30.0
   103.513    31.244    18.355    34.000     0.111     433       4    12.0    30.0
   103.499    31.230    18.355    34.000     0.122     431       4    14.0    30.0
   103.484    31.217    18.355    34.000     0.087     625      11    16.0    30.0
   103.470    31.204    18.355    34.000     0.073    1477      22    18.0    30.0
   103.456    31.191    18.355    34.000     0.071     367      37    20.0    30.0
   103.441    31.178    18.355    34.000     0.086     421       2    22.0    30.0
   103.427    31.164    18.355    34.000     0.102     545       2    24.0    30.0
   103.413    31.151    18.355    34.000     0.110     543       2    26.0    30.0
   103.398    31.138    18.355    34.000     0.142     443      37    28.0    30.0
   103.384    31.125    18.355    34.000     0.317     496       4    30.0    30.0
   103.370    31.112    18.355    34.000     0.262     499       4    32.0    30.0
   103.355    31.099    18.355    34.000     0.246     499       4    34.0    30.0
   103.341    31.085    18.355    34.000     0.197     494       2    36.0    30.0
   103.327    31.072    18.355    34.000     0.118     537       4    38.0    30.0
   103.312    31.059    18.355    34.000     0.152     118      14    40.0    30.0
   103.298    31.046    18.355    34.000     0.167     117      18    42.0    30.0
   103.284    31.033    18.355    34.000     0.114     116      17    44.0    30.0
   103.270    31.019    18.355    34.000     0.079     572      11    46.0    30.0
   103.255    31.006    18.355    34.000     0.104     570      15    48.0    30.0
   103.241    30.993    18.355    34.000     0.190     108       5    50.0    30.0
   103.227    30.980    18.355    34.000     0.215     109       3    52.0    30.0
   103.213    30.967    18.355    34.000     0.256     141      17    54.0    30.0
   103.198    30.953    18.355    34.000     0.348     140      18    56.0    30.0
   103.184    30.940    18.355    34.000     0.273     140      20    58.0    30.0
   103.170    30.927    18.355    34.000     0.166     140      22    60.0    30.0
   103.156    30.914    18.355    34.000     0.096    1003      11    62.0    30.0
   103.141    30.901    18.355    34.000     0.091     424       6    64.0    30.0
   103.612    31.312    17.237    34.000     0.191     355      17     0.0    28.0
   103.597    31.299    17.237    34.000     0.213     489      11     2.0    28.0
   103.583    31.286    17.237    34.000     0.597     490      11     4.0    28.0
   103.569    31.273    17.237    34.000     0.421     489      12     6.0    28.0
   103.554    31.260    17.237    34.000     0.294     491      15     8.0    28.0
   103.540    31.246    17.237    34.000     0.238     496      35    10.0    28.0
   103.526    31.233    17.237    34.000     0.143     495      35    12.0    28.0
   103.511    31.220    17.237    34.000     0.106     494      35    14.0    28.0
   103.497    31.207    17.237    34.000     0.062     492      36    16.0    28.0
   103.483    31.194    17.237    34.000     0.055     961      36    18.0    28.0
   103.468    31.181    17.237    34.000     0.064     960      36    20.0    28.0
   103.454    31.167    17.237    34.000     0.106     386       2    22.0    28.0
   103.440    31.154    17.237    34.000     0.163     578       1    24.0    28.0
   103.425    31.141    17.237    34.000     0.123     577       1    26.0    28.0
   103.411    31.128    17.237    34.000     0.108     322      36    28.0    28.0
   103.397    31.115    17.237    34.000     0.138     459       4    30.0    28.0
   103.382    31.102    17.237    34.000     0.167     337       1    32.0    28.0
   103.368    31.088    17.237    34.000     0.111     338       1    34.0    28.0
   103.354    31.075    17.237    34.000     0.143     687       1    36.0    28.0
   103.339    31.062    17.237    34.000     0.102    1062       8    38.0    28.0
   103.325    31.049    17.237    34.000     0.070      80      18    40.0    28.0
   103.311    31.036    17.237    34.000     0.127      79      22    42.0    28.0
   103.297    31.022    17.237    34.000     0.190     606       7    44.0    28.0
   103.282    31.009    17.237    34.000     0.216     108       7    46.0    28.0
   103.268    30.996    17.237    34.000     0.264     107       8    48.0    28.0
   103.254    30.983    17.237    34.000     0.286     106       6    50.0    28.0
   103.240    30.970    17.237    34.000     0.207     107       8    52.0    28.0
   103.225    30.956    17.237    34.000     0.178     139      13    54.0    28.0
   103.211    30.943    17.237    34.000     0.168     428      26    56.0    28.0
   103.197    30.930    17.237    34.000     0.110     427      27    58.0    28.0
   103.182    30.917    17.237    34.000     0.070     486      22    60.0    28.0
   103.168    30.904    17.237    34.000     0.083     129       1    62.0    28.0
   103.154    30.890    17.237    34.000     0.099     128       1    64.0    28.0
   103.624    31.302    16.118    34.000     0.183     359      21     0.0    26.0
   103.610    31.289    16.118    34.000     0.170     490      11     2.0    26.0
   103.596    31.276    16.118    34.000     0.251     489      13     4.0    26.0
   103.581    31.263    16.118    34.000     0.191     489      15     6.0    26.0
   103.567    31.249    16.118    34.000     0.076     879      19     8.0    26.0
   103.553    31.236    16.118    34.000     0.102     337       2    10.0    26.0
   103.538    31.223    16.118    34.000     0.072    1466      28    12.0    26.0
   103.524    31.210    16.118    34.000     0.122     491      34    14.0    26.0
   103.510    31.197    16.118    34.000     0.127    1005      25    16.0    26.0
   103.495    31.184    16.118    34.000     0.215     611      23    18.0    26.0
   103.481    31.170    16.118    34.000     0.338     610      24    20.0    26.0
   103.467    31.157    16.118    34.000     0.218     611      23    22.0    26.0
   103.452    31.144    16.118    34.000     0.091     639      15    24.0    26.0
   103.438    31.131    16.118    34.000     0.090     175      36    26.0    26.0
   103.424    31.118    16.118    34.000     0.078     176      37    28.0    26.0
   103.409    31.105    16.118    34.000     0.138     134      34    30.0    26.0
   103.395    31.091    16.118    34.000     0.178     231       2    32.0    26.0
   103.381    31.078    16.118    34.000     0.188     131      34    34.0    26.0
   103.366    31.065    16.118    34.000     0.154     132      34    36.0    26.0
   103.352    31.052    16.118    34.000     0.118     312      23    38.0    26.0
   103.338    31.039    16.118    34.000     0.103     106      14    40.0    26.0
   103.324    31.025    16.118    34.000     0.159     107      14    42.0    26.0
   103.309    31.012    16.118    34.000     0.151     106       3    44.0    26.0
   103.295    30.999    16.118    34.000     0.134     105       4    46.0    26.0
   103.281    30.986    16.118    34.000     0.191     679      18    48.0    26.0
   103.266    30.973    16.118    34.000     0.121       6      21    50.0    26.0
   103.252    30.959    16.118    34.000     0.116       6      23    52.0    26.0
   103.238    30.946    16.118    34.000     0.129     131      23    54.0    26.0
   103.224    30.933    16.118    34.000     0.228     129      16    56.0    26.0
   103.209    30.920    16.118    34.000     0.542     128      16    58.0    26.0
   103.195    30.907    16.118    34.000     0.510     128      15    60.0    26.0
   103.181    30.893    16.118    34.000     0.535     127      14    62.0    26.0
   103.167    30.880    16.118    34.000     0.335     126       4    64.0    26.0
   103.637    31.292    15.000    34.000     0.212     481      30     0.0    24.0
   103.623    31.279    15.000    34.000     0.339     481      25     2.0    24.0
   103.608    31.266    15.000    34.000     0.181     482      25     4.0    24.0
   103.594    31.252    15.000    34.000     0.139     341       2     6.0    24.0
   103.580    31.239    15.000    34.000     0.176     342       2     8.0    24.0
   103.565    31.226    15.000    34.000     0.249     341       2    10.0    24.0
   103.551    31.213    15.000    34.000     0.197     343       2    12.0    24.0
   103.537    31.200    15.000    34.000     0.201     311       4    14.0    24.0
   103.522    31.187    15.000    34.000     0.215     308       2    16.0    24.0
   103.508    31.173    15.000    34.000     0.155     973      32    18.0    24.0
   103.494    31.160    15.000    34.000     0.172     341      26    20.0    24.0
   103.479    31.147    15.000    34.000     0.197     342      27    22.0    24.0
   103.465    31.134    15.000    34.000     0.205     340      27    24.0    24.0
   103.451    31.121    15.000    34.000     0.173     577      32    26.0    24.0
   103.436    31.107    15.000    34.000     0.168     576      32    28.0    24.0
   103.422    31.094    15.000    34.000     0.113     317       9    30.0    24.0
   103.408    31.081    15.000    34.000     0.156     316      11    32.0    24.0
   103.393    31.068    15.000    34.000     0.091     235       4    34.0    24.0
   103.379    31.055    15.000    34.000     0.098     184      13    36.0    24.0
   103.365    31.042    15.000    34.000     0.117     549       3    38.0    24.0
   103.351    31.028    15.000    34.000     0.078     105      14    40.0    24.0
   103.336    31.015    15.000    34.000     0.153     102      17    42.0    24.0
   103.322    31.002    15.000    34.000     0.187     102      18    44.0    24.0
   103.308    30.989    15.000    34.000     0.140     101      20    46.0    24.0
   103.293    30.976    15.000    34.000     0.147      96       8    48.0    24.0
   103.279    30.962    15.000    34.000     0.290      97      22    50.0    24.0
   103.265    30.949    15.000    34.000     0.378      95       8    52.0    24.0
   103.251    30.936    15.000    34.000     0.477      94       8    54.0    24.0
   103.236    30.923    15.000    34.000     0.450     128      17    56.0    24.0
   103.222    30.910    15.000    34.000     0.614     127      18    58.0    24.0
   103.208    30.896    15.000    34.000     0.489     127      20    60.0    24.0
   103.194    30.883    15.000    34.000     0.291     127      25    62.0    24.0
   103.179    30.870    15.000    34.000     0.138     395      37    64.0    24.0
   103.650    31.282    13.882    34.000     0.214     396       6     0.0    22.0
   103.635    31.268    13.882    34.000     0.173     395      11     2.0    22.0
   103.621    31.255    13.882    34.000     0.177     396      21     4.0    22.0
   103.607    31.242    13.882    34.000     0.180     396      21     6.0    22.0
   103.592    31.229    13.882    34.000     0.177     489      37     8.0    22.0
   103.578    31.216    13.882    34.000     0.140     489      37    10.0    22.0
   103.564    31.203    13.882    34.000     0.136     361      36    12.0    22.0
   103.549    31.189    13.882    34.000     0.123     623      29    14.0    22.0
   103.535    31.176    13.882    34.000     0.161     623      30    16.0    22.0
   103.521    31.163    13.882    34.000     0.105     977      37    18.0    22.0
   103.506    31.150    13.882    34.000     0.152     976      36    20.0    22.0
   103.492    31.137    13.882    34.000     0.063    1255      17    22.0    22.0
   103.478    31.124    13.882    34.000     0.065    1472      36    24.0    22.0
   103.463    31.110    13.882    34.000     0.050    1131      37    26.0    22.0
   103.449    31.097    13.882    34.000     0.076     324       5    28.0    22.0
   103.435    31.084    13.882    34.000     0.096     336      37    30.0    22.0
   103.420    31.071    13.882    34.000     0.127    1076       7    32.0    22.0
   103.406    31.058    13.882    34.000     0.132     283      33    34.0    22.0
   103.392    31.045    13.882    34.000     0.091     549       2    36.0    22.0
   103.378    31.031    13.882    34.000     0.133     549       3    38.0    22.0
   103.363    31.018    13.882    34.000     0.116    1045       9    40.0    22.0
   103.349    31.005    13.882    34.000     0.105     177      21    42.0    22.0
   103.335    30.992    13.882    34.000     0.124      17      25    44.0    22.0
   103.320    30.979    13.882    34.000     0.158      18      22    46.0    22.0
   103.306    30.965    13.882    34.000     0.267      95       3    48.0    22.0
   103.292    30.952    13.882    34.000     0.312      93       3    50.0    22.0
   103.278    30.939    13.882    34.000     0.258      92       3    52.0    22.0
   103.263    30.926    13.882    34.000     0.253      91      19    54.0    22.0
   103.249    30.913    13.882    34.000     0.181      91      20    56.0    22.0
   103.235    30.899    13.882    34.000     0.130    1157      37    58.0    22.0
   103.221    30.886    13.882    34.000     0.145     414       2    60.0    22.0
   103.206    30.873    13.882    34.000     0.146     413       2    62.0    22.0
   103.192    30.860    13.882    34.000     0.183     412       2    64.0    22.0
   103.663    31.271    12.763    34.000     0.160     435      20     0.0    20.0
   103.648    31.258    12.763    34.000     0.202     435      22     2.0    20.0
   103.634    31.245    12.763    34.000     0.132     434      22     4.0    20.0
   103.619    31.232    12.763    34.000     0.117     355      16     6.0    20.0
   103.605    31.219    12.763    34.000     0.109     355      12     8.0    20.0
   103.591    31.206    12.763    34.000     0.113     253      33    10.0    20.0
   103.576    31.192    12.763    34.000     0.105     391      35    12.0    20.0
   103.562    31.179    12.763    34.000     0.129     622      28    14.0    20.0
   103.548    31.166    12.763    34.000     0.213     621      28    16.0    20.0
   103.533    31.153    12.763    34.000     0.283     356      31    18.0    20.0
   103.519    31.140    12.763    34.000     0.139     622      26    20.0    20.0
   103.505    31.127    12.763    34.000     0.063     898       2    22.0    20.0
   103.490    31.113    12.763    34.000     0.096     598       2    24.0    20.0
   103.476    31.100    12.763    34.000     0.092     133      37    26.0    20.0
   103.462    31.087    12.763    34.000     0.090     357       3    28.0    20.0
   103.447    31.074    12.763    34.000     0.186     357       4    30.0    20.0
   103.433    31.061    12.763    34.000     0.129     356       2    32.0    20.0
   103.419    31.048    12.763    34.000     0.080     355       2    34.0    20.0
   103.405    31.034    12.763    34.000     0.134    1267       7    36.0    20.0
   103.390    31.021    12.763    34.000     0.120     399       4    38.0    20.0
   103.376    31.008    12.763    34.000     0.162     399       2    40.0    20.0
   103.362    30.995    12.763    34.000     0.108     398       2    42.0    20.0
   103.347    30.982    12.763    34.000     0.204      62      33    44.0    20.0
   103.333    30.968    12.763    34.000     0.269      60      32    46.0    20.0
   103.319    30.955    12.763    34.000     0.260      60      32    48.0    20.0
   103.305    30.942    12.763    34.000     0.155      58      29    50.0    20.0
   103.290    30.929    12.763    34.000     0.150      58      28    52.0    20.0
   103.276    30.916    12.763    34.000     0.192     142      35    54.0    20.0
   103.262    30.902    12.763    34.000     0.197     141      33    56.0    20.0
   103.248    30.889    12.763    34.000     0.164     142      33    58.0    20.0
   103.233    30.876    12.763    34.000     0.104     418       1    60.0    20.0
   103.219    30.863    12.763    34.000     0.104     517      37    62.0    20.0
   103.205    30.850    12.763    34.000     0.108     113       7    64.0    20.0
   103.675    31.261    11.645    34.000     0.281     358      24     0.0    18.0
   103.661    31.248    11.645    34.000     0.640     357      29     2.0    18.0
   103.647    31.235    11.645    34.000     0.791     356      28     4.0    18.0
   103.632    31.222    11.645    34.000     0.677     355      29     6.0    18.0
   103.618    31.209    11.645    34.000     0.364     355      30     8.0    18.0
   103.603    31.195    11.645    34.000     0.236     354      22    10.0    18.0
   103.589    31.182    11.645    34.000     0.185     256      34    12.0    18.0
   103.575    31.169    11.645    34.000     0.204     461       7    14.0    18.0
   103.560    31.156    11.645    34.000     0.216     326       5    16.0    18.0
   103.546    31.143    11.645    34.000     0.264     359      35    18.0    18.0
   103.532    31.130    11.645    34.000     0.222     358      35    20.0    18.0
   103.517    31.116    11.645    34.000     0.241     592      19    22.0    18.0
   103.503    31.103    11.645    34.000     0.168     592      20    24.0    18.0
   103.489    31.090    11.645    34.000     0.100     325      32    26.0    18.0
   103.474    31.077    11.645    34.000     0.105     325      34    28.0    18.0
   103.460    31.064    11.645    34.000     0.175     363      10    30.0    18.0
   103.446    31.051    11.645    34.000     0.156     360       6    32.0    18.0
   103.432    31.037    11.645    34.000     0.155     359       3    34.0    18.0
   103.417    31.024    11.645    34.000     0.135     139       5    36.0    18.0
   103.403    31.011    11.645    34.000     0.102    1188      20    38.0    18.0
   103.389    30.998    11.645    34.000     0.116     103       3    40.0    18.0
   103.374    30.985    11.645    34.000     0.169    1159      24    42.0    18.0
   103.360    30.971    11.645    34.000     0.199    1158      24    44.0    18.0
   103.346    30.958    11.645    34.000     0.179      29      15    46.0    18.0
   103.332    30.945    11.645    34.000     0.121    1083      35    48.0    18.0
   103.317    30.932    11.645    34.000     0.110     485      27    50.0    18.0
   103.303    30.919    11.645    34.000     0.110     106      33    52.0    18.0
   103.289    30.905    11.645    34.000     0.147     114      12    54.0    18.0
   103.274    30.892    11.645    34.000     0.188     113      10    56.0    18.0
   103.260    30.879    11.645    34.000     0.174     115      11    58.0    18.0
   103.246    30.866    11.645    34.000     0.182     109      16    60.0    18.0
   103.232    30.853    11.645    34.000     0.201     111      15    62.0    18.0
   103.217    30.839    11.645    34.000     0.147     109      19    64.0    18.0
   103.688    31.251    10.526    34.000     0.178     360      28     0.0    16.0
   103.674    31.238    10.526    34.000     0.231     361      29     2.0    16.0
   103.659    31.225    10.526    34.000     0.347     360      31     4.0    16.0
   103.645    31.211    10.526    34.000     0.363     357      28     6.0    16.0
   103.631    31.198    10.526    34.000     0.353     357      29     8.0    16.0
   103.616    31.185    10.526    34.000     0.264     358      33    10.0    16.0
   103.602    31.172    10.526    34.000     0.157     355      31    12.0    16.0
   103.587    31.159    10.526    34.000     0.110     260      34    14.0    16.0
   103.573    31.146    10.526    34.000     0.094     257      34    16.0    16.0
   103.559    31.132    10.526    34.000     0.108     257      34    18.0    16.0
   103.544    31.119    10.526    34.000     0.068     587      16    20.0    16.0
   103.530    31.106    10.526    34.000     0.124     590      13    22.0    16.0
   103.516    31.093    10.526    34.000     0.105     490      34    24.0    16.0
   103.501    31.080    10.526    34.000     0.143     491      33    26.0    16.0
   103.487    31.067    10.526    34.000     0.091     491      32    28.0    16.0
   103.473    31.053    10.526    34.000     0.116     250      35    30.0    16.0
   103.459    31.040    10.526    34.000     0.114     249      33    32.0    16.0
   103.444    31.027    10.526    34.000     0.145     158      37    34.0    16.0
   103.430    31.014    10.526    34.000     0.131     157      37    36.0    16.0
   103.416    31.001    10.526    34.000     0.072     117      37    38.0    16.0
   103.401    30.988    10.526    34.000     0.071    1088      26    40.0    16.0
   103.387    30.974    10.526    34.000     0.079      35      15    42.0    16.0
   103.373    30.961    10.526    34.000     0.124      34      15    44.0    16.0
   103.358    30.948    10.526    34.000     0.087      34      13    46.0    16.0
   103.344    30.935    10.526    34.000     0.125     354      17    48.0    16.0
   103.330    30.922    10.526    34.000     0.163     487      26    50.0    16.0
   103.316    30.908    10.526    34.000     0.124      75       5    52.0    16.0
   103.301    30.895    10.526    34.000     0.122     118       1    54.0    16.0
   103.287    30.882    10.526    34.000     0.136      76       5    56.0    16.0
   103.273    30.869    10.526    34.000     0.169      76      12    58.0    16.0
   103.259    30.856    10.526    34.000     0.156     611       6    60.0    16.0
   103.244    30.842    10.526    34.000     0.160     612       5    62.0    16.0
   103.230    30.829    10.526    34.000     0.119     609      11    64.0    16.0
   103.701    31.241     9.408    34.000     0.242     416      28     0.0    14.0
   103.686    31.228     9.408    34.000     0.241     367      35     2.0    14.0
   103.672    31.214     9.408    34.000     0.202     364      35     4.0    14.0
   103.658    31.201     9.408    34.000     0.200     364      35     6.0    14.0
   103.643    31.188     9.408    34.000     0.304     456      17     8.0    14.0
   103.629    31.175     9.408    34.000     0.319     457      18    10.0    14.0
   103.614    31.162     9.408    34.000     0.221     456      22    12.0    14.0
   103.600    31.149     9.408    34.000     0.202     338       3    14.0    14.0
   103.586    31.135     9.408    34.000     0.163     338       3    16.0    14.0
   103.571    31.122     9.408    34.000     0.079     339       3    18.0    14.0
   103.557    31.109     9.408    34.000     0.086     313      26    20.0    14.0
   103.543    31.096     9.408    34.000     0.096     313      28    22.0    14.0
   103.528    31.083     9.408    34.000     0.081     313      29    24.0    14.0
   103.514    31.070     9.408    34.000     0.129     692      36    26.0    14.0
   103.500    31.056     9.408    34.000     0.126     692      36    28.0    14.0
   103.486    31.043     9.408    34.000     0.155     121      36    30.0    14.0
   103.471    31.030     9.408    34.000     0.126      42      36    32.0    14.0
   103.457    31.017     9.408    34.000     0.146      43      36    34.0    14.0
   103.443    31.004     9.408    34.000     0.151      41      34    36.0    14.0
   103.428    30.991     9.408    34.000     0.124      83      37    38.0    14.0
   103.414    30.977     9.408    34.000     0.129      41      24    40.0    14.0
   103.400    30.964     9.408    34.000     0.175      39      23    42.0    14.0
   103.385    30.951     9.408    34.000     0.235      38      20    44.0    14.0
   103.371    30.938     9.408    34.000     0.251      39      15    46.0    14.0
   103.357    30.925     9.408    34.000     0.228      39      10    48.0    14.0
   103.343    30.911     9.408    34.000     0.169      40      10    50.0    14.0
   103.328    30.898     9.408    34.000     0.130      37       7    52.0    14.0
   103.314    30.885     9.408    34.000     0.218     957      36    54.0    14.0
   103.300    30.872     9.408    34.000     0.261    1044      27    56.0    14.0
   103.286    30.859     9.408    34.000     0.129    1044      24    58.0    14.0
   103.271    30.845     9.408    34.000     0.116    1165       3    60.0    14.0
   103.257    30.832     9.408    34.000     0.141    1165       2    62.0    14.0
   103.243    30.819     9.408    34.000     0.099      10      33    64.0    14.0
   103.713    31.230     8.290    34.000     0.530     419      23     0.0    12.0
   103.699    31.217     8.290    34.000     0.541     371      29     2.0    12.0
   103.685    31.204     8.290    34.000     0.390     372      31     4.0    12.0
   103.670    31.191     8.290    34.000     0.384     337      11     6.0    12.0
   103.656    31.178     8.290    34.000     0.266     338      10     8.0    12.0
   103.642    31.165     8.290    34.000     0.237     339       4    10.0    12.0
   103.627    31.152     8.290    34.000     0.203     342       6    12.0    12.0
   103.613    31.138     8.290    34.000     0.248     341       4    14.0    12.0
   103.598    31.125     8.290    34.000     0.184     339       2    16.0    12.0
   103.584    31.112     8.290    34.000     0.139     338       2    18.0    12.0
   103.570    31.099     8.290    34.000     0.113     371       4    20.0    12.0
   103.555    31.086     8.290    34.000     0.085     577      15    22.0    12.0
   103.541    31.073     8.290    34.000     0.158     576      10    24.0    12.0
   103.527    31.059     8.290    34.000     0.165     576       8    26.0    12.0
   103.513    31.046     8.290    34.000     0.152     575       5    28.0    12.0
   103.498    31.033     8.290    34.000     0.121    1102      30    30.0    12.0
   103.484    31.020     8.290    34.000     0.201     122      36    32.0    12.0
   103.470    31.007     8.290    34.000     0.187      45      36    34.0    12.0
   103.455    30.994     8.290    34.000     0.180      45      36    36.0    12.0
   103.441    30.980     8.290    34.000     0.141      65       1    38.0    12.0
   103.427    30.967     8.290    34.000     0.205      41      27    40.0    12.0
   103.412    30.954     8.290    34.000     0.272      40      26    42.0    12.0
   103.398    30.941     8.290    34.000     0.335     121      22    44.0    12.0
   103.384    30.928     8.290    34.000     0.315     121      23    46.0    12.0
   103.370    30.914     8.290    34.000     0.241      41      14    48.0    12.0
   103.355    30.901     8.290    34.000     0.198      42       9    50.0    12.0
   103.341    30.888     8.290    34.000     0.130      42       5    52.0    12.0
   103.327    30.875     8.290    34.000     0.131      41       4    54.0    12.0
   103.313    30.862     8.290    34.000     0.107      40       4    56.0    12.0
   103.298    30.848     8.290    34.000     0.117    1045      27    58.0    12.0
   103.284    30.835     8.290    34.000     0.125    1045      25    60.0    12.0
   103.270    30.822     8.290    34.000     0.095      14      28    62.0    12.0
   103.255    30.809     8.290    34.000     0.095      14      26    64.0    12.0
   103.726    31.220     7.171    34.000     0.440     375      22     0.0    10.0
   103.712    31.207     7.171    34.000     0.353     374      28     2.0    10.0
   103.697    31.194     7.171    34.000     0.255     373      29     4.0    10.0
   103.683    31.181     7.171    34.000     0.315     342       5     6.0    10.0
   103.669    31.168     7.171    34.000     0.326     410      24     8.0    10.0
   103.654    31.154     7.171    34.000     0.313     343       3    10.0    10.0
   103.640    31.141     7.171    34.000     0.200     371      21    12.0    10.0
   103.626    31.128     7.171    34.000     0.174     325      37    14.0    10.0
   103.611    31.115     7.171    34.000     0.148     407       6    16.0    10.0
   103.597    31.102     7.171    34.000     0.099     573      33    18.0    10.0
   103.583    31.089     7.171    34.000     0.091    1446       3    20.0    10.0
   103.568    31.075     7.171    34.000     0.106    1447       3    22.0    10.0
   103.554    31.062     7.171    34.000     0.088     840       3    24.0    10.0
   103.540    31.049     7.171    34.000     0.112     870       1    26.0    10.0
   103.525    31.036     7.171    34.000     0.079     870       1    28.0    10.0
   103.511    31.023     7.171    34.000     0.084     495      26    30.0    10.0
   103.497    31.010     7.171    34.000     0.121    1517       1    32.0    10.0
   103.482    30.996     7.171    34.000     0.137    1503      37    34.0    10.0
   103.468    30.983     7.171    34.000     0.193    1502      37    36.0    10.0
   103.454    30.970     7.171    34.000     0.204      14      35    38.0    10.0
   103.439    30.957     7.171    34.000     0.159      13      35    40.0    10.0
   103.425    30.944     7.171    34.000     0.145    1123      37    42.0    10.0
   103.411    30.931     7.171    34.000     0.156    1093      34    44.0    10.0
   103.397    30.917     7.171    34.000     0.125    1094      34    46.0    10.0
   103.382    30.904     7.171    34.000     0.165    1138       1    48.0    10.0
   103.368    30.891     7.171    34.000     0.127    1154      37    50.0    10.0
   103.354    30.878     7.171    34.000     0.144    1152      37    52.0    10.0
   103.339    30.865     7.171    34.000     0.109     158      30    54.0    10.0
   103.325    30.851     7.171    34.000     0.153      88      32    56.0    10.0
   103.311    30.838     7.171    34.000     0.183      88      30    58.0    10.0
   103.297    30.825     7.171    34.000     0.147      88      27    60.0    10.0
   103.282    30.812     7.171    34.000     0.127      89      24    62.0    10.0
   103.268    30.799     7.171    34.000     0.125      86      25    64.0    10.0
   103.739    31.210     6.053    34.000     0.617     377      19     0.0     8.0
   103.724    31.197     6.053    34.000     0.492     377      20     2.0     8.0
   103.710    31.184     6.053    34.000     0.334     377      18     4.0     8.0
   103.696    31.171     6.053    34.000     0.314     377      29     6.0     8.0
   103.681    31.157     6.053    34.000     0.201     375      27     8.0     8.0
   103.667    31.144     6.053    34.000     0.230     331      37    10.0     8.0
   103.653    31.131     6.053    34.000     0.279     329      35    12.0     8.0
   103.638    31.118     6.053    34.000     0.197     330      36    14.0     8.0
   103.624    31.105     6.053    34.000     0.147     330      36    16.0     8.0
   103.610    31.092     6.053    34.000     0.145     349       1    18.0     8.0
   103.595    31.078     6.053    34.000     0.208     266       8    20.0     8.0
   103.581    31.065     6.053    34.000     0.182     265       7    22.0     8.0
   103.567    31.052     6.053    34.000     0.228     267       4    24.0     8.0
   103.552    31.039     6.053    34.000     0.111     266       5    26.0     8.0
   103.538    31.026     6.053    34.000     0.107     883      36    28.0     8.0
   103.524    31.013     6.053    34.000     0.168     563      21    30.0     8.0
   103.509    30.999     6.053    34.000     0.219     561      10    32.0     8.0
   103.495    30.986     6.053    34.000     0.264     560      10    34.0     8.0
   103.481    30.973     6.053    34.000     0.171      18      36    36.0     8.0
   103.466    30.960     6.053    34.000     0.168      18      35    38.0     8.0
   103.452    30.947     6.053    34.000     0.083    1083       1    40.0     8.0
   103.438    30.934     6.053    34.000     0.111      51      23    42.0     8.0
   103.423    30.920     6.053    34.000     0.124      50      17    44.0     8.0
   103.409    30.907     6.053    34.000     0.137    1130      21    46.0     8.0
   103.395    30.894     6.053    34.000     0.123    1129      24    48.0     8.0
   103.381    30.881     6.053    34.000     0.111      19       7    50.0     8.0
   103.366    30.868     6.053    34.000     0.112     595      24    52.0     8.0
   103.352    30.854     6.053    34.000     0.115     484      35    54.0     8.0
   103.338    30.841     6.053    34.000     0.121     485      34    56.0     8.0
   103.324    30.828     6.053    34.000     0.117      21      25    58.0     8.0
   103.309    30.815     6.053    34.000     0.170      51      27    60.0     8.0
   103.295    30.802     6.053    34.000     0.162      22      21    62.0     8.0
   103.281    30.788     6.053    34.000     0.112      53      27    64.0     8.0
   103.751    31.200     4.935    34.000     0.101     457      10     0.0     6.0
   103.737    31.187     4.935    34.000     0.085     455      20     2.0     6.0
   103.723    31.173     4.935    34.000     0.247     456      25     4.0     6.0
   103.708    31.160     4.935    34.000     0.194     455      26     6.0     6.0
   103.694    31.147     4.935    34.000     0.155     622       3     8.0     6.0
   103.680    31.134     4.935    34.000     0.282     559      25    10.0     6.0
   103.665    31.121     4.935    34.000     0.340     559      26    12.0     6.0
   103.651    31.108     4.935    34.000     0.206     561      29    14.0     6.0
   103.637    31.095     4.935    34.000     0.123     360       8    16.0     6.0
   103.622    31.081     4.935    34.000     0.181     358       4    18.0     6.0
   103.608    31.068     4.935    34.000     0.089     613      17    20.0     6.0
   103.594    31.055     4.935    34.000     0.115     393      19    22.0     6.0
   103.579    31.042     4.935    34.000     0.130     562       5    24.0     6.0
   103.565    31.029     4.935    34.000     0.280     561       4    26.0     6.0
   103.551    31.016     4.935    34.000     0.327     560       3    28.0     6.0
   103.536    31.002     4.935    34.000     0.220     560       3    30.0     6.0
   103.522    30.989     4.935    34.000     0.083     499      36    32.0     6.0
   103.508    30.976     4.935    34.000     0.212     497      37    34.0     6.0
   103.493    30.963     4.935    34.000     0.232     496      37    36.0     6.0
   103.479    30.950     4.935    34.000     0.191     496      37    38.0     6.0
   103.465    30.937     4.935    34.000     0.115     495      37    40.0     6.0
   103.450    30.923     4.935    34.000     0.076    1059       7    42.0     6.0
   103.436    30.910     4.935    34.000     0.155    1056      10    44.0     6.0
   103.422    30.897     4.935    34.000     0.123    1056      11    46.0     6.0
   103.408    30.884     4.935    34.000     0.063    1128      24    48.0     6.0
   103.393    30.871     4.935    34.000     0.063    1128      23    50.0     6.0
   103.379    30.857     4.935    34.000     0.104     779       4    52.0     6.0
   103.365    30.844     4.935    34.000     0.120     779       4    54.0     6.0
   103.351    30.831     4.935    34.000     0.135     725      36    56.0     6.0
   103.336    30.818     4.935    34.000     0.144     725      35    58.0     6.0
   103.322    30.805     4.935    34.000     0.118     146       5    60.0     6.0
   103.308    30.791     4.935    34.000     0.134     145       5    62.0     6.0
   103.294    30.778     4.935    34.000     0.163     779      24    64.0     6.0
   103.764    31.189     3.816    34.000     0.134     393      20     0.0     4.0
   103.750    31.176     3.816    34.000     0.231     395      22     2.0     4.0
   103.735    31.163     3.816    34.000     0.330     396      22     4.0     4.0
   103.721    31.150     3.816    34.000     0.302     397      23     6.0     4.0
   103.707    31.137     3.816    34.000     0.207     347      36     8.0     4.0
   103.692    31.124     3.816    34.000     0.251     348      36    10.0     4.0
   103.678    31.111     3.816    34.000     0.177     348      36    12.0     4.0
   103.664    31.097     3.816    34.000     0.118     393      10    14.0     4.0
   103.649    31.084     3.816    34.000     0.186     391      10    16.0     4.0
   103.635    31.071     3.816    34.000     0.187     392       9    18.0     4.0
   103.621    31.058     3.816    34.000     0.163     391       9    20.0     4.0
   103.606    31.045     3.816    34.000     0.098    1121       8    22.0     4.0
   103.592    31.032     3.816    34.000     0.139     582      35    24.0     4.0
   103.578    31.018     3.816    34.000     0.153     581      35    26.0     4.0
   103.563    31.005     3.816    34.000     0.211     860       1    28.0     4.0
   103.549    30.992     3.816    34.000     0.106     858       1    30.0     4.0
   103.535    30.979     3.816    34.000     0.074    1579      23    32.0     4.0
   103.520    30.966     3.816    34.000     0.060     505      36    34.0     4.0
   103.506    30.953     3.816    34.000     0.099    1163       2    36.0     4.0
   103.492    30.939     3.816    34.000     0.115    1146      36    38.0     4.0
   103.477    30.926     3.816    34.000     0.220    1146      36    40.0     4.0
   103.463    30.913     3.816    34.000     0.201    1079      32    42.0     4.0
   103.449    30.900     3.816    34.000     0.152    1657       9    44.0     4.0
   103.435    30.887     3.816    34.000     0.149    1657       9    46.0     4.0
   103.420    30.874     3.816    34.000     0.127    1656      11    48.0     4.0
   103.406    30.860     3.816    34.000     0.147    1629      12    50.0     4.0
   103.392    30.847     3.816    34.000     0.096    1630      23    52.0     4.0
   103.377    30.834     3.816    34.000     0.084    1082       4    54.0     4.0
   103.363    30.821     3.816    34.000     0.087    1684      24    56.0     4.0
   103.349    30.808     3.816    34.000     0.112     725      27    58.0     4.0
   103.335    30.794     3.816    34.000     0.138     722      20    60.0     4.0
   103.320    30.781     3.816    34.000     0.149     723      23    62.0     4.0
   103.306    30.768     3.816    34.000     0.101       6       1    64.0     4.0
   103.777    31.179     2.698    34.000     0.117     475      20     0.0     2.0
   103.762    31.166     2.698    34.000     0.188     474      24     2.0     2.0
   103.748    31.153     2.698    34.000     0.237     474      22     4.0     2.0
   103.734    31.140     2.698    34.000     0.192     473      24     6.0     2.0
   103.719    31.127     2.698    34.000     0.125     343       3     8.0     2.0
   103.705    31.114     2.698    34.000     0.125     343       2    10.0     2.0
   103.691    31.100     2.698    34.000     0.087     381      26    12.0     2.0
   103.676    31.087     2.698    34.000     0.095     956      23    14.0     2.0
   103.662    31.074     2.698    34.000     0.127     382      26    16.0     2.0
   103.648    31.061     2.698    34.000     0.111     382      20    18.0     2.0
   103.633    31.048     2.698    34.000     0.094     382      12    20.0     2.0
   103.619    31.035     2.698    34.000     0.077     382      15    22.0     2.0
   103.605    31.021     2.698    34.000     0.087     349      36    24.0     2.0
   103.590    31.008     2.698    34.000     0.077    1357      20    26.0     2.0
   103.576    30.995     2.698    34.000     0.123    1357      18    28.0     2.0
   103.562    30.982     2.698    34.000     0.104    1356      19    30.0     2.0
   103.547    30.969     2.698    34.000     0.103     547      19    32.0     2.0
   103.533    30.956     2.698    34.000     0.128     545      13    34.0     2.0
   103.519    30.942     2.698    34.000     0.114     545      14    36.0     2.0
   103.504    30.929     2.698    34.000     0.073     543      15    38.0     2.0
   103.490    30.916     2.698    34.000     0.100    1217       9    40.0     2.0
   103.476    30.903     2.698    34.000     0.066     540      14    42.0     2.0
   103.462    30.890     2.698    34.000     0.079     658      12    44.0     2.0
   103.447    30.877     2.698    34.000     0.095    1419       1    46.0     2.0
   103.433    30.863     2.698    34.000     0.083    1419       1    48.0     2.0
   103.419    30.850     2.698    34.000     0.176    1078      28    50.0     2.0
   103.404    30.837     2.698    34.000     0.225    1077      34    52.0     2.0
   103.390    30.824     2.698    34.000     0.188    1077      34    54.0     2.0
   103.376    30.811     2.698    34.000     0.137     469       4    56.0     2.0
   103.362    30.797     2.698    34.000     0.133     469       4    58.0     2.0
   103.347    30.784     2.698    34.000     0.083     767      26    60.0     2.0
   103.333    30.771     2.698    34.000     0.099     767      31    62.0     2.0
   103.319    30.758     2.698    34.000     0.118     768      32    64.0     2.0
   103.789    31.169     1.579    34.000     0.161     440      15     0.0     0.0
   103.775    31.156     1.579    34.000     0.185     441      19     2.0     0.0
   103.761    31.143     1.579    34.000     0.150     441      28     4.0     0.0
   103.746    31.130     1.579    34.000     0.139     442      30     6.0     0.0
   103.732    31.116     1.579    34.000     0.181     442      33     8.0     0.0
   103.718    31.103     1.579    34.000     0.156      66       6    10.0     0.0
   103.703    31.090     1.579    34.000     0.124    1344      21    12.0     0.0
   103.689    31.077     1.579    34.000     0.137     385       6    14.0     0.0
   103.675    31.064     1.579    34.000     0.102     385       8    16.0     0.0
   103.660    31.051     1.579    34.000     0.113     385      29    18.0     0.0
   103.646    31.038     1.579    34.000     0.117     385      30    20.0     0.0
   103.632    31.024     1.579    34.000     0.113     384      31    22.0     0.0
   103.617    31.011     1.579    34.000     0.147     385      36    24.0     0.0
   103.603    30.998     1.579    34.000     0.122     386      36    26.0     0.0
   103.589    30.985     1.579    34.000     0.061     573      35    28.0     0.0
   103.574    30.972     1.579    34.000     0.129     572      36    30.0     0.0
   103.560    30.959     1.579    34.000     0.081    1138      29    32.0     0.0
   103.546    30.945     1.579    34.000     0.074    1324      30    34.0     0.0
   103.531    30.932     1.579    34.000     0.077     935       1    36.0     0.0
   103.517    30.919     1.579    34.000     0.074     933       1    38.0     0.0
   103.503    30.906     1.579    34.000     0.061    1223       3    40.0     0.0
   103.488    30.893     1.579    34.000     0.092    1222       5    42.0     0.0
   103.474    30.880     1.579    34.000     0.119    1221       7    44.0     0.0
   103.460    30.866     1.579    34.000     0.140    1222      13    46.0     0.0
   103.446    30.853     1.579    34.000     0.149    1221      24    48.0     0.0
   103.431    30.840     1.579    34.000     0.103    1222      29    50.0     0.0
   103.417    30.827     1.579    34.000     0.105    1675      24    52.0     0.0
   103.403    30.814     1.579    34.000     0.111    1676      27    54.0     0.0
   103.389    30.800     1.579    34.000     0.085    1674      29    56.0     0.0
   103.374    30.787     1.579    34.000     0.065    1114      37    58.0     0.0
   103.360    30.774     1.579    34.000     0.053    1112      37    60.0     0.0
   103.346    30.761     1.579    34.000     0.051      24       1    62.0     0.0
   103.332    30.748     1.579    34.000     0.047     127      33    64.0     0.0
