   104.262    31.926    33.161    54.000     0.193    1204       6     0.0    40.0
   104.247    31.913    33.161    54.000     0.152     904      31     2.0    40.0
   104.233    31.900    33.161    54.000     0.123     904      26     4.0    40.0
   104.218    31.887    33.161    54.000     0.089    1016      35     6.0    40.0
   104.203    31.874    33.161    54.000     0.049    2028      25     8.0    40.0
   104.189    31.861    33.161    54.000     0.060     968      24    10.0    40.0
   104.174    31.848    33.161    54.000     0.054     568      37    12.0    40.0
   104.159    31.835    33.161    54.000     0.103     964       9    14.0    40.0
   104.145    31.822    33.161    54.000     0.096     963       7    16.0    40.0
   104.130    31.809    33.161    54.000     0.117     988       4    18.0    40.0
   104.115    31.796    33.161    54.000     0.110     987       3    20.0    40.0
   104.101    31.783    33.161    54.000     0.092     985       1    22.0    40.0
   104.086    31.770    33.161    54.000     0.102    1105      28    24.0    40.0
   104.071    31.757    33.161    54.000     0.104    1105      26    26.0    40.0
   104.271    31.919    31.543    54.000     0.115     450      30     0.0    38.0
   104.256    31.906    31.543    54.000     0.101     478      30     2.0    38.0
   104.242    31.893    31.543    54.000     0.133     870      14     4.0    38.0
   104.227    31.880    31.543    54.000     0.157     902      24     6.0    38.0
   104.212    31.867    31.543    54.000     0.193     902      26     8.0    38.0
   104.198    31.854    31.543    54.000     0.124     901      27    10.0    38.0
   104.183    31.841    31.543    54.000     0.102    1650       7    12.0    38.0
   104.168    31.828    31.543    54.000     0.109     927      18    14.0    38.0
   104.154    31.815    31.543    54.000     0.120    1495      36    16.0    38.0
   104.139    31.802    31.543    54.000     0.137    1494      32    18.0    38.0
   104.124    31.789    31.543    54.000     0.114    1492      34    20.0    38.0
   104.110    31.776    31.543    54.000     0.081    1759      28    22.0    38.0
   104.095    31.763    31.543    54.000     0.094     795       7    24.0    38.0
   104.080    31.750    31.543    54.000     0.085     796       7    26.0    38.0
   104.280    31.911    29.925    54.000     0.141     508       5     0.0    36.0
   104.265    31.898    29.925    54.000     0.127     506      13     2.0    36.0
   104.251    31.885    29.925    54.000     0.149     506      16     4.0    36.0
   104.236    31.872    29.925    54.000     0.231     977      33     6.0    36.0
   104.221    31.859    29.925    54.000     0.242     977      33     8.0    36.0
   104.207    31.846    29.925    54.000     0.192     903      27    10.0    36.0
   104.192    31.833    29.925    54.000     0.150     902      29    12.0    36.0
   104.177    31.820    29.925    54.000     0.081     905      35    14.0    36.0
   104.163    31.807    29.925    54.000     0.082    1041       6    16.0    36.0
   104.148    31.794    29.925    54.000     0.107     976       2    18.0    36.0
   104.133    31.781    29.925    54.000     0.124     975       2    20.0    36.0
   104.119    31.768    29.925    54.000     0.163     976       2    22.0    36.0
   104.104    31.755    29.925    54.000     0.125    1043      30    24.0    36.0
   104.089    31.742    29.925    54.000     0.179    1045      17    26.0    36.0
   104.289    31.904    28.307    54.000     0.171    1083      26     0.0    34.0
   104.274    31.891    28.307    54.000     0.118    1083      27     2.0    34.0
   104.260    31.878    28.307    54.000     0.086     429       2     4.0    34.0
   104.245    31.865    28.307    54.000     0.075     429       2     6.0    34.0
   104.230    31.852    28.307    54.000     0.066    1200      37     8.0    34.0
   104.216    31.839    28.307    54.000     0.089     825       1    10.0    34.0
   104.201    31.826    28.307    54.000     0.150     842      37    12.0    34.0
   104.186    31.813    28.307    54.000     0.203     841      37    14.0    34.0
   104.172    31.800    28.307    54.000     0.150    1071       3    16.0    34.0
   104.157    31.787    28.307    54.000     0.117    1086      37    18.0    34.0
   104.142    31.774    28.307    54.000     0.071    1099       1    20.0    34.0
   104.128    31.761    28.307    54.000     0.058    1817       4    22.0    34.0
   104.113    31.748    28.307    54.000     0.058    1115      14    24.0    34.0
   104.098    31.735    28.307    54.000     0.065    1115      14    26.0    34.0
   104.298    31.896    26.689    54.000     0.112    1027      36     0.0    32.0
   104.283    31.884    26.689    54.000     0.137    1100       1     2.0    32.0
   104.269    31.871    26.689    54.000     0.175    1084      36     4.0    32.0
   104.254    31.858    26.689    54.000     0.159    1083      36     6.0    32.0
   104.239    31.845    26.689    54.000     0.100    1081      36     8.0    32.0
   104.224    31.832    26.689    54.000     0.055    1516       2    10.0    32.0
   104.210    31.819    26.689    54.000     0.061     509      37    12.0    32.0
   104.195    31.806    26.689    54.000     0.095     978      30    14.0    32.0
   104.180    31.793    26.689    54.000     0.061     509      37    16.0    32.0
   104.166    31.780    26.689    54.000     0.043     508      37    18.0    32.0
   104.151    31.767    26.689    54.000     0.067    1085      25    20.0    32.0
   104.137    31.754    26.689    54.000     0.157    1083       9    22.0    32.0
   104.122    31.741    26.689    54.000     0.288    1083      10    24.0    32.0
   104.107    31.728    26.689    54.000     0.347    1085       9    26.0    32.0
   104.307    31.889    25.071    54.000     0.171    1333      32     0.0    30.0
   104.292    31.876    25.071    54.000     0.153     461      27     2.0    30.0
   104.277    31.863    25.071    54.000     0.324    1099       1     4.0    30.0
   104.263    31.850    25.071    54.000     0.359    1098       1     6.0    30.0
   104.248    31.837    25.071    54.000     0.294    1097       1     8.0    30.0
   104.233    31.824    25.071    54.000     0.104    1721       1    10.0    30.0
   104.219    31.811    25.071    54.000     0.101    1721       1    12.0    30.0
   104.204    31.798    25.071    54.000     0.109     912      19    14.0    30.0
   104.189    31.785    25.071    54.000     0.113     911      20    16.0    30.0
   104.175    31.772    25.071    54.000     0.207    1083      10    18.0    30.0
   104.160    31.759    25.071    54.000     0.327    1085      10    20.0    30.0
   104.145    31.746    25.071    54.000     0.511    1085      10    22.0    30.0
   104.131    31.733    25.071    54.000     0.722    1085       8    24.0    30.0
   104.116    31.720    25.071    54.000     0.351    1084      10    26.0    30.0
   104.316    31.882    23.452    54.000     0.189    1096      28     0.0    28.0
   104.301    31.869    23.452    54.000     0.171    1162       7     2.0    28.0
   104.286    31.856    23.452    54.000     0.114    1220      34     4.0    28.0
   104.272    31.843    23.452    54.000     0.155     493      19     6.0    28.0
   104.257    31.830    23.452    54.000     0.142     492      16     8.0    28.0
   104.242    31.817    23.452    54.000     0.090    1187      35    10.0    28.0
   104.228    31.804    23.452    54.000     0.110    1927       4    12.0    28.0
   104.213    31.791    23.452    54.000     0.106    1020      31    14.0    28.0
   104.198    31.778    23.452    54.000     0.175    1021      28    16.0    28.0
   104.184    31.765    23.452    54.000     0.189    1020      30    18.0    28.0
   104.169    31.752    23.452    54.000     0.235    1085       8    20.0    28.0
   104.154    31.739    23.452    54.000     0.155    1053      14    22.0    28.0
   104.140    31.726    23.452    54.000     0.180    1053      12    24.0    28.0
   104.125    31.713    23.452    54.000     0.100    1053      15    26.0    28.0
   104.325    31.874    21.834    54.000     0.262    1130      32     0.0    26.0
   104.310    31.861    21.834    54.000     0.119    1129      32     2.0    26.0
   104.295    31.848    21.834    54.000     0.103     203      25     4.0    26.0
   104.281    31.835    21.834    54.000     0.113     325       9     6.0    26.0
   104.266    31.823    21.834    54.000     0.102    1252      18     8.0    26.0
   104.251    31.810    21.834    54.000     0.127    1252       8    10.0    26.0
   104.237    31.797    21.834    54.000     0.143     854      10    12.0    26.0
   104.222    31.784    21.834    54.000     0.180     854      11    14.0    26.0
   104.207    31.771    21.834    54.000     0.267     853      11    16.0    26.0
   104.193    31.758    21.834    54.000     0.251     853       9    18.0    26.0
   104.178    31.745    21.834    54.000     0.176     853       8    20.0    26.0
   104.163    31.732    21.834    54.000     0.233    1252      22    22.0    26.0
   104.149    31.719    21.834    54.000     0.141    1251      17    24.0    26.0
   104.134    31.706    21.834    54.000     0.082    1245       2    26.0    26.0
   104.334    31.867    20.216    54.000     0.101    1173       8     0.0    24.0
   104.319    31.854    20.216    54.000     0.106    1171      10     2.0    24.0
   104.304    31.841    20.216    54.000     0.095     819      36     4.0    24.0
   104.290    31.828    20.216    54.000     0.113     819      36     6.0    24.0
   104.275    31.815    20.216    54.000     0.084    1096      36     8.0    24.0
   104.260    31.802    20.216    54.000     0.070    1001      30    10.0    24.0
   104.246    31.789    20.216    54.000     0.080     998      31    12.0    24.0
   104.231    31.776    20.216    54.000     0.084     997      32    14.0    24.0
   104.216    31.763    20.216    54.000     0.067    1119      18    16.0    24.0
   104.202    31.750    20.216    54.000     0.074    1098       6    18.0    24.0
   104.187    31.737    20.216    54.000     0.135    1096       7    20.0    24.0
   104.172    31.724    20.216    54.000     0.180    1069      23    22.0    24.0
   104.158    31.711    20.216    54.000     0.189    1068      20    24.0    24.0
   104.143    31.698    20.216    54.000     0.173    1067       9    26.0    24.0
   104.343    31.860    18.598    54.000     0.333    1172      28     0.0    22.0
   104.328    31.847    18.598    54.000     0.397    1170      29     2.0    22.0
   104.313    31.834    18.598    54.000     0.275    1097      36     4.0    22.0
   104.298    31.821    18.598    54.000     0.268    1100      31     6.0    22.0
   104.284    31.808    18.598    54.000     0.287    1099      33     8.0    22.0
   104.269    31.795    18.598    54.000     0.167    1100      32    10.0    22.0
   104.254    31.782    18.598    54.000     0.122     999      26    12.0    22.0
   104.240    31.769    18.598    54.000     0.113    1001      31    14.0    22.0
   104.225    31.756    18.598    54.000     0.069     586      33    16.0    22.0
   104.210    31.743    18.598    54.000     0.102     196      34    18.0    22.0
   104.196    31.730    18.598    54.000     0.137    1101       8    20.0    22.0
   104.181    31.717    18.598    54.000     0.150    1102       7    22.0    22.0
   104.167    31.704    18.598    54.000     0.124    1103       6    24.0    22.0
   104.152    31.691    18.598    54.000     0.107    1247      37    26.0    22.0
   104.351    31.852    16.980    54.000     0.107    1281      30     0.0    20.0
   104.337    31.839    16.980    54.000     0.139    1132      30     2.0    20.0
   104.322    31.826    16.980    54.000     0.250    1131      33     4.0    20.0
   104.307    31.813    16.980    54.000     0.342    1132      33     6.0    20.0
   104.293    31.800    16.980    54.000     0.276    1132      32     8.0    20.0
   104.278    31.787    16.980    54.000     0.259    1131      32    10.0    20.0
   104.263    31.774    16.980    54.000     0.267    1132      18    12.0    20.0
   104.249    31.761    16.980    54.000     0.261    1132      13    14.0    20.0
   104.234    31.749    16.980    54.000     0.200    1131      32    16.0    20.0
   104.219    31.736    16.980    54.000     0.184    1133      13    18.0    20.0
   104.205    31.723    16.980    54.000     0.152    1133      27    20.0    20.0
   104.190    31.710    16.980    54.000     0.168    1136      23    22.0    20.0
   104.175    31.697    16.980    54.000     0.195    1135      26    24.0    20.0
   104.161    31.684    16.980    54.000     0.117     822      36    26.0    20.0
   104.360    31.845    15.362    54.000     0.068     968       1     0.0    18.0
   104.346    31.832    15.362    54.000     0.092     981      36     2.0    18.0
   104.331    31.819    15.362    54.000     0.092    1913      19     4.0    18.0
   104.316    31.806    15.362    54.000     0.073    1915      15     6.0    18.0
   104.302    31.793    15.362    54.000     0.085     870      37     8.0    18.0
   104.287    31.780    15.362    54.000     0.114    1270       2    10.0    18.0
   104.272    31.767    15.362    54.000     0.078     209      29    12.0    18.0
   104.258    31.754    15.362    54.000     0.124    1102      19    14.0    18.0
   104.243    31.741    15.362    54.000     0.114    1101      20    16.0    18.0
   104.228    31.728    15.362    54.000     0.093    1725      13    18.0    18.0
   104.214    31.715    15.362    54.000     0.075    1724      14    20.0    18.0
   104.199    31.702    15.362    54.000     0.058     857      36    22.0    18.0
   104.184    31.689    15.362    54.000     0.061    1650      14    24.0    18.0
   104.170    31.676    15.362    54.000     0.094    1100      35    26.0    18.0
   104.369    31.838    13.744    54.000     0.149    1220      35     0.0    16.0
   104.355    31.825    13.744    54.000     0.093    1615      31     2.0    16.0
   104.340    31.812    13.744    54.000     0.068    1382      37     4.0    16.0
   104.325    31.799    13.744    54.000     0.081    1098       1     6.0    16.0
   104.311    31.786    13.744    54.000     0.071     943       1     8.0    16.0
   104.296    31.773    13.744    54.000     0.085    1220       1    10.0    16.0
   104.281    31.760    13.744    54.000     0.080     976      17    12.0    16.0
   104.267    31.747    13.744    54.000     0.071     975      22    14.0    16.0
   104.252    31.734    13.744    54.000     0.064     871      20    16.0    16.0
   104.237    31.721    13.744    54.000     0.053     473      35    18.0    16.0
   104.223    31.708    13.744    54.000     0.079    1012       5    20.0    16.0
   104.208    31.695    13.744    54.000     0.135     942       1    22.0    16.0
   104.193    31.682    13.744    54.000     0.115     944       1    24.0    16.0
   104.179    31.669    13.744    54.000     0.090     945       1    26.0    16.0
   104.378    31.830    12.126    54.000     0.075    1112      35     0.0    14.0
   104.364    31.817    12.126    54.000     0.086    1415      37     2.0    14.0
   104.349    31.804    12.126    54.000     0.082    1692       2     4.0    14.0
   104.334    31.791    12.126    54.000     0.070    1116      31     6.0    14.0
   104.320    31.778    12.126    54.000     0.103    1116      28     8.0    14.0
   104.305    31.765    12.126    54.000     0.089    1115      25    10.0    14.0
   104.290    31.752    12.126    54.000     0.090    1113       9    12.0    14.0
   104.275    31.739    12.126    54.000     0.113    1112       7    14.0    14.0
   104.261    31.726    12.126    54.000     0.069    1111      12    16.0    14.0
   104.246    31.713    12.126    54.000     0.138     871      25    18.0    14.0
   104.232    31.700    12.126    54.000     0.136     870      27    20.0    14.0
   104.217    31.688    12.126    54.000     0.079     212      29    22.0    14.0
   104.202    31.675    12.126    54.000     0.076     178      28    24.0    14.0
   104.188    31.662    12.126    54.000     0.050     106      34    26.0    14.0
   104.387    31.823    10.508    54.000     0.105    1298      29     0.0    12.0
   104.372    31.810    10.508    54.000     0.109    1016       5     2.0    12.0
   104.358    31.797    10.508    54.000     0.093    1220      16     4.0    12.0
   104.343    31.784    10.508    54.000     0.077    1217      19     6.0    12.0
   104.328    31.771    10.508    54.000     0.068    1153      32     8.0    12.0
   104.314    31.758    10.508    54.000     0.082    1034       1    10.0    12.0
   104.299    31.745    10.508    54.000     0.149    1035       1    12.0    12.0
   104.284    31.732    10.508    54.000     0.111    1044      15    14.0    12.0
   104.270    31.719    10.508    54.000     0.105     673      37    16.0    12.0
   104.255    31.706    10.508    54.000     0.099     674      37    18.0    12.0
   104.240    31.693    10.508    54.000     0.078     659       1    20.0    12.0
   104.226    31.680    10.508    54.000     0.080     864       2    22.0    12.0
   104.211    31.667    10.508    54.000     0.176     864       2    24.0    12.0
   104.197    31.654    10.508    54.000     0.141     864       2    26.0    12.0
   104.396    31.815     8.890    54.000     0.148    1189      35     0.0    10.0
   104.381    31.802     8.890    54.000     0.140    1300      31     2.0    10.0
   104.367    31.789     8.890    54.000     0.166    1300      31     4.0    10.0
   104.352    31.777     8.890    54.000     0.147    1191      18     6.0    10.0
   104.337    31.764     8.890    54.000     0.118    1044      16     8.0    10.0
   104.323    31.751     8.890    54.000     0.243    1046      17    10.0    10.0
   104.308    31.738     8.890    54.000     0.278    1045      12    12.0    10.0
   104.293    31.725     8.890    54.000     0.245    1046      11    14.0    10.0
   104.279    31.712     8.890    54.000     0.127    1046      19    16.0    10.0
   104.264    31.699     8.890    54.000     0.089     836      32    18.0    10.0
   104.249    31.686     8.890    54.000     0.066     835      30    20.0    10.0
   104.235    31.673     8.890    54.000     0.101     677      37    22.0    10.0
   104.220    31.660     8.890    54.000     0.105    1018       5    24.0    10.0
   104.205    31.647     8.890    54.000     0.128    1018       5    26.0    10.0
   104.405    31.808     7.272    54.000     0.063    1116      37     0.0     8.0
   104.390    31.795     7.272    54.000     0.076    1119      33     2.0     8.0
   104.376    31.782     7.272    54.000     0.152    1120      31     4.0     8.0
   104.361    31.769     7.272    54.000     0.187    1120      31     6.0     8.0
   104.346    31.756     7.272    54.000     0.130    1194      11     8.0     8.0
   104.332    31.743     7.272    54.000     0.230    1193      11    10.0     8.0
   104.317    31.730     7.272    54.000     0.309    1195      10    12.0     8.0
   104.302    31.717     7.272    54.000     0.248    1195       6    14.0     8.0
   104.288    31.704     7.272    54.000     0.168    1197       5    16.0     8.0
   104.273    31.691     7.272    54.000     0.183     988      27    18.0     8.0
   104.258    31.678     7.272    54.000     0.219    1021       8    20.0     8.0
   104.244    31.665     7.272    54.000     0.284    1020       6    22.0     8.0
   104.229    31.652     7.272    54.000     0.161    1020       5    24.0     8.0
   104.214    31.639     7.272    54.000     0.099    1022       6    26.0     8.0
   104.414    31.801     5.654    54.000     0.220    1207      37     0.0     6.0
   104.399    31.788     5.654    54.000     0.148    1204      36     2.0     6.0
   104.385    31.775     5.654    54.000     0.170    1235      29     4.0     6.0
   104.370    31.762     5.654    54.000     0.116    1235      22     6.0     6.0
   104.355    31.749     5.654    54.000     0.120    1234      23     8.0     6.0
   104.341    31.736     5.654    54.000     0.125    1376      12    10.0     6.0
   104.326    31.723     5.654    54.000     0.094    1235       9    12.0     6.0
   104.311    31.710     5.654    54.000     0.200    1056      17    14.0     6.0
   104.297    31.697     5.654    54.000     0.328    1056      16    16.0     6.0
   104.282    31.684     5.654    54.000     0.294    1055      13    18.0     6.0
   104.267    31.671     5.654    54.000     0.177    1056      13    20.0     6.0
   104.253    31.658     5.654    54.000     0.132    1159      35    22.0     6.0
   104.238    31.645     5.654    54.000     0.153    1158      35    24.0     6.0
   104.223    31.632     5.654    54.000     0.118    1157      35    26.0     6.0
   104.423    31.793     4.036    54.000     0.268    1233       2     0.0     4.0
   104.408    31.780     4.036    54.000     0.165    1231       3     2.0     4.0
   104.393    31.767     4.036    54.000     0.142    1204       9     4.0     4.0
   104.379    31.754     4.036    54.000     0.110    1032      14     6.0     4.0
   104.364    31.741     4.036    54.000     0.211    1031      17     8.0     4.0
   104.349    31.728     4.036    54.000     0.308    1032      22    10.0     4.0
   104.335    31.716     4.036    54.000     0.347    1033      23    12.0     4.0
   104.320    31.703     4.036    54.000     0.315    1031      20    14.0     4.0
   104.305    31.690     4.036    54.000     0.200    1003      33    16.0     4.0
   104.291    31.677     4.036    54.000     0.131    1003      24    18.0     4.0
   104.276    31.664     4.036    54.000     0.096    1056      33    20.0     4.0
   104.261    31.651     4.036    54.000     0.164    1056      35    22.0     4.0
   104.247    31.638     4.036    54.000     0.166    1056      35    24.0     4.0
   104.232    31.625     4.036    54.000     0.167    1056      36    26.0     4.0
   104.432    31.786     2.418    54.000     0.214    1137       3     0.0     2.0
   104.417    31.773     2.418    54.000     0.209    1139       3     2.0     2.0
   104.402    31.760     2.418    54.000     0.145    1139       3     4.0     2.0
   104.388    31.747     2.418    54.000     0.139     962       4     6.0     2.0
   104.373    31.734     2.418    54.000     0.207    1073       4     8.0     2.0
   104.358    31.721     2.418    54.000     0.297    1075       4    10.0     2.0
   104.344    31.708     2.418    54.000     0.316    1075       5    12.0     2.0
   104.329    31.695     2.418    54.000     0.309    1075      23    14.0     2.0
   104.314    31.682     2.418    54.000     0.428    1074      25    16.0     2.0
   104.300    31.669     2.418    54.000     0.324    1072      29    18.0     2.0
   104.285    31.656     2.418    54.000     0.227    1071      28    20.0     2.0
   104.270    31.643     2.418    54.000     0.213    1041      33    22.0     2.0
   104.256    31.630     2.418    54.000     0.151     746      25    24.0     2.0
   104.241    31.617     2.418    54.000     0.179     743      32    26.0     2.0
   104.441    31.779     0.800    54.000     0.175    1165      37     0.0     0.0
   104.426    31.766     0.800    54.000     0.139    1164      37     2.0     0.0
   104.411    31.753     0.800    54.000     0.081    1176       4     4.0     0.0
   104.397    31.740     0.800    54.000     0.097     774      27     6.0     0.0
   104.382    31.727     0.800    54.000     0.102     972       4     8.0     0.0
   104.367    31.714     0.800    54.000     0.158    1046       3    10.0     0.0
   104.353    31.701     0.800    54.000     0.221    1046       3    12.0     0.0
   104.338    31.688     0.800    54.000     0.201    1044      11    14.0     0.0
   104.323    31.675     0.800    54.000     0.198    1045       7    16.0     0.0
   104.309    31.662     0.800    54.000     0.215    1045      21    18.0     0.0
   104.294    31.649     0.800    54.000     0.170    1043      25    20.0     0.0
   104.279    31.636     0.800    54.000     0.124     904       5    22.0     0.0
   104.265    31.623     0.800    54.000     0.128     794       2    24.0     0.0
   104.250    31.610     0.800    54.000     0.120    1081      37    26.0     0.0
