   0.00000000       9.62380916E-02   7.00000003E-02  0.331000000    
   2.00000000       9.61904898E-02   8.10000002E-02  0.231999993    
   4.00000000      0.113095246       9.39999968E-02  0.266000003    
   6.00000000      0.117285714       9.30000022E-02  0.324999988    
   8.00000000      0.117380947      0.111000001      0.237000003    
   10.0000000      0.116857141       9.60000008E-02  0.230000004    
   12.0000000      0.119619049      0.108000003      0.193000004    
   14.0000000      0.128190458      0.114000000      0.324999988    
   16.0000000      0.121714272      0.112999998      0.200000003    
   18.0000000      0.113047622      0.101000004      0.199000001    
   20.0000000      0.103666671       9.70000029E-02  0.173999995    
   22.0000000       9.77142900E-02  0.101000004      0.130999997    
   24.0000000      0.107857160      0.101999998      0.195999995    
   26.0000000      0.109428577       9.89999995E-02  0.196999997    
   28.0000000      0.108238094      0.104000002      0.182999998    
   30.0000000      0.117047608      0.105999999      0.301999986    
   32.0000000      0.113142863      0.103000000      0.324999988    
   34.0000000      0.109999999       9.39999968E-02  0.187999994    
   36.0000000      0.113428570      0.103000000      0.241999999    
   38.0000000      0.124333337      0.116999999      0.225999996    
   40.0000000      0.114095211      0.104000002      0.246999994    
   42.0000000      0.120142832      0.112999998      0.216999993    
   44.0000000      0.113095239      0.100000001      0.180999994    
   46.0000000      0.110809505       9.60000008E-02  0.199000001    
   48.0000000      0.114380963      0.108000003      0.219999999    
   50.0000000      0.109333336      0.108999997      0.187000006    
   52.0000000      0.123809516      0.119000003      0.270999998    
   54.0000000      0.125380948      0.115999997      0.270000011    
   56.0000000      0.119523823      0.105999999      0.230000004    
   58.0000000      0.125666678      0.112000003      0.268000007    
   60.0000000      0.137952402      0.125000000      0.351000011    
   62.0000000      0.141761899      0.126000002      0.300999999    
   64.0000000      0.165904775      0.140000001      0.398999989    
