   0.00000000       9.38095078E-02   7.80000016E-02  0.179000005    
   2.00000000       9.06190425E-02   7.99999982E-02  0.202999994    
   4.00000000       8.05714428E-02   7.80000016E-02  0.136000007    
   6.00000000       8.96666646E-02   7.80000016E-02  0.223000005    
   8.00000000       9.59523842E-02   8.69999975E-02  0.266999990    
   10.0000000       7.90952295E-02   7.50000030E-02  0.149000004    
   12.0000000       8.17142799E-02   7.19999969E-02  0.136999995    
   14.0000000       8.16666707E-02   7.59999976E-02  0.134000003    
   16.0000000       8.74761939E-02   8.29999968E-02  0.137999997    
   18.0000000       9.39523801E-02   9.00000036E-02  0.157000005    
   20.0000000       8.53333324E-02   8.29999968E-02  0.147000000    
   22.0000000       8.39047655E-02   7.80000016E-02  0.155000001    
   24.0000000       8.06190521E-02   7.50000030E-02  0.153999999    
   26.0000000       9.12380964E-02   7.80000016E-02  0.172000006    
   28.0000000       8.78571421E-02   7.69999996E-02  0.172000006    
   30.0000000       9.06666592E-02   9.09999982E-02  0.136000007    
   32.0000000       9.32857096E-02   9.20000002E-02  0.172000006    
   34.0000000       8.96190479E-02   8.29999968E-02  0.207000002    
   36.0000000       9.27142873E-02   7.99999982E-02  0.268999994    
   38.0000000       7.97142833E-02   7.50000030E-02  0.174999997    
   40.0000000       7.65714198E-02   7.29999989E-02  0.126000002    
   42.0000000       7.78095275E-02   7.50000030E-02  0.140000001    
   44.0000000       7.76190534E-02   7.00000003E-02  0.158999994    
   46.0000000       7.06190467E-02   6.59999996E-02  0.128999993    
   48.0000000       7.43809566E-02   6.49999976E-02  0.196999997    
   50.0000000       7.60952383E-02   7.40000010E-02  0.133000001    
   52.0000000       7.71904811E-02   7.10000023E-02  0.123999998    
   54.0000000       9.45238099E-02   8.79999995E-02  0.209999993    
   56.0000000       9.89047587E-02   9.39999968E-02  0.213000000    
   58.0000000       9.94285718E-02   8.60000029E-02  0.244000003    
   60.0000000       9.42857116E-02   8.60000029E-02  0.211999997    
   62.0000000       8.16190466E-02   8.69999975E-02  0.108999997    
   64.0000000       7.35238120E-02   6.70000017E-02  0.128999993    
   66.0000000       7.55238160E-02   7.29999989E-02  0.134000003    
   68.0000000       7.75714293E-02   7.50000030E-02  0.174999997    
   70.0000000       7.74761885E-02   7.29999989E-02  0.129999995    
   72.0000000       8.47619027E-02   7.99999982E-02  0.141000003    
   74.0000000       8.37619156E-02   8.10000002E-02  0.120999999    
   76.0000000       9.43333358E-02   8.60000029E-02  0.179000005    
   78.0000000       8.90476257E-02   8.20000023E-02  0.160999998    
   80.0000000       9.65714306E-02   9.70000029E-02  0.128999993    
   82.0000000      0.104190476       8.90000015E-02  0.245000005    
   84.0000000      0.111333348       9.49999988E-02  0.300000012    
   86.0000000      0.106619053       8.10000002E-02  0.280000001    
   88.0000000       9.38095227E-02   8.69999975E-02  0.187000006    
   90.0000000      0.105523802      0.107000001      0.172000006    
   92.0000000      0.105714299       9.49999988E-02  0.200000003    
   94.0000000      0.119095221      0.111000001      0.216000006    
   96.0000000      0.109047614       9.09999982E-02  0.223000005    
   98.0000000       8.14761966E-02   7.19999969E-02  0.177000001    
   100.000000       8.21904764E-02   7.59999976E-02  0.144999996    
   102.000000       8.24285671E-02   7.29999989E-02  0.162000000    
   104.000000       7.79523700E-02   6.89999983E-02  0.163000003    
   106.000000       8.30952525E-02   7.69999996E-02  0.185000002    
   108.000000       8.58571380E-02   8.60000029E-02  0.172999993    
   110.000000       8.72380957E-02   8.50000009E-02  0.143000007    
   112.000000       9.02857184E-02   8.90000015E-02  0.164000005    
