   104.262    31.926    33.161    54.000     0.011      12      23     0.0    40.0
   104.247    31.913    33.161    54.000     0.006      10      25     2.0    40.0
   104.233    31.900    33.161    54.000     0.004       8      26     4.0    40.0
   104.218    31.887    33.161    54.000     0.009      14       1     6.0    40.0
   104.203    31.874    33.161    54.000     0.014      14       1     8.0    40.0
   104.189    31.861    33.161    54.000     0.006      12       1    10.0    40.0
   104.174    31.848    33.161    54.000     0.006      13       1    12.0    40.0
   104.159    31.835    33.161    54.000     0.007      12       1    14.0    40.0
   104.145    31.822    33.161    54.000     0.007       2       6    16.0    40.0
   104.130    31.809    33.161    54.000     0.013       3       6    18.0    40.0
   104.115    31.796    33.161    54.000     0.017       4       6    20.0    40.0
   104.101    31.783    33.161    54.000     0.046       6      15    22.0    40.0
   104.086    31.770    33.161    54.000     0.063       7      16    24.0    40.0
   104.071    31.757    33.161    54.000     0.094       5      17    26.0    40.0
   104.271    31.919    31.543    54.000     0.006       5       2     0.0    38.0
   104.256    31.906    31.543    54.000     0.008       7       2     2.0    38.0
   104.242    31.893    31.543    54.000     0.006       4       4     4.0    38.0
   104.227    31.880    31.543    54.000     0.020       7      27     6.0    38.0
   104.212    31.867    31.543    54.000     0.029       5      27     8.0    38.0
   104.198    31.854    31.543    54.000     0.011       2      27    10.0    38.0
   104.183    31.841    31.543    54.000     0.017       4      27    12.0    38.0
   104.168    31.828    31.543    54.000     0.009       4      15    14.0    38.0
   104.154    31.815    31.543    54.000     0.014       6       5    16.0    38.0
   104.139    31.802    31.543    54.000     0.017       3       4    18.0    38.0
   104.124    31.789    31.543    54.000     0.022       6       2    20.0    38.0
   104.110    31.776    31.543    54.000     0.031       9      12    22.0    38.0
   104.095    31.763    31.543    54.000     0.023       8       7    24.0    38.0
   104.080    31.750    31.543    54.000     0.013      10      32    26.0    38.0
   104.280    31.911    29.925    54.000     0.002      19      37     0.0    36.0
   104.265    31.898    29.925    54.000     0.002       3       1     2.0    36.0
   104.251    31.885    29.925    54.000     0.006       2       1     4.0    36.0
   104.236    31.872    29.925    54.000     0.005      15      37     6.0    36.0
   104.221    31.859    29.925    54.000     0.011      13      37     8.0    36.0
   104.207    31.846    29.925    54.000     0.006       1       1    10.0    36.0
   104.192    31.833    29.925    54.000     0.015       1       1    12.0    36.0
   104.177    31.820    29.925    54.000     0.012       1       1    14.0    36.0
   104.163    31.807    29.925    54.000     0.003      19      37    16.0    36.0
   104.148    31.794    29.925    54.000     0.004      17      37    18.0    36.0
   104.133    31.781    29.925    54.000     0.004      16      37    20.0    36.0
   104.119    31.768    29.925    54.000     0.002       4       1    22.0    36.0
   104.104    31.755    29.925    54.000     0.001       1      36    24.0    36.0
   104.089    31.742    29.925    54.000     0.004      16       1    26.0    36.0
   104.289    31.904    28.307    54.000     0.005       1      18     0.0    34.0
   104.274    31.891    28.307    54.000     0.002      19      33     2.0    34.0
   104.260    31.878    28.307    54.000     0.005      19      34     4.0    34.0
   104.245    31.865    28.307    54.000     0.009      17      32     6.0    34.0
   104.230    31.852    28.307    54.000     0.012       5       1     8.0    34.0
   104.216    31.839    28.307    54.000     0.005       6       1    10.0    34.0
   104.201    31.826    28.307    54.000     0.005       6       1    12.0    34.0
   104.186    31.813    28.307    54.000     0.004       6       1    14.0    34.0
   104.172    31.800    28.307    54.000     0.002      20      32    16.0    34.0
   104.157    31.787    28.307    54.000     0.001      20       5    18.0    34.0
   104.142    31.774    28.307    54.000     0.007      20      12    20.0    34.0
   104.128    31.761    28.307    54.000     0.012      16       9    22.0    34.0
   104.113    31.748    28.307    54.000     0.025      17      13    24.0    34.0
   104.098    31.735    28.307    54.000     0.021      16       2    26.0    34.0
   104.298    31.896    26.689    54.000     0.003      14      35     0.0    32.0
   104.283    31.884    26.689    54.000     0.001      20      34     2.0    32.0
   104.269    31.871    26.689    54.000     0.008      14       3     4.0    32.0
   104.254    31.858    26.689    54.000     0.016      13       3     6.0    32.0
   104.239    31.845    26.689    54.000     0.011      13       3     8.0    32.0
   104.224    31.832    26.689    54.000     0.006       9       6    10.0    32.0
   104.210    31.819    26.689    54.000     0.004      16      34    12.0    32.0
   104.195    31.806    26.689    54.000     0.005      16      34    14.0    32.0
   104.180    31.793    26.689    54.000     0.007      15      15    16.0    32.0
   104.166    31.780    26.689    54.000     0.018      15      12    18.0    32.0
   104.151    31.767    26.689    54.000     0.027      15       8    20.0    32.0
   104.137    31.754    26.689    54.000     0.028      19      18    22.0    32.0
   104.122    31.741    26.689    54.000     0.045      19      20    24.0    32.0
   104.107    31.728    26.689    54.000     0.030      19      16    26.0    32.0
   104.307    31.889    25.071    54.000     0.008      12       4     0.0    30.0
   104.292    31.876    25.071    54.000     0.004      10      14     2.0    30.0
   104.277    31.863    25.071    54.000     0.004       9       4     4.0    30.0
   104.263    31.850    25.071    54.000     0.005      11       4     6.0    30.0
   104.248    31.837    25.071    54.000     0.007      15       3     8.0    30.0
   104.233    31.824    25.071    54.000     0.013      14       4    10.0    30.0
   104.219    31.811    25.071    54.000     0.021      15       6    12.0    30.0
   104.204    31.798    25.071    54.000     0.021      14       6    14.0    30.0
   104.189    31.785    25.071    54.000     0.015      14       6    16.0    30.0
   104.175    31.772    25.071    54.000     0.008      14       7    18.0    30.0
   104.160    31.759    25.071    54.000     0.002      14      11    20.0    30.0
   104.145    31.746    25.071    54.000     0.006      10       2    22.0    30.0
   104.131    31.733    25.071    54.000     0.028       7       2    24.0    30.0
   104.116    31.720    25.071    54.000     0.078       5       2    26.0    30.0
   104.316    31.882    23.452    54.000     0.023       7      36     0.0    28.0
   104.301    31.869    23.452    54.000     0.010       5      26     2.0    28.0
   104.286    31.856    23.452    54.000     0.003       8       6     4.0    28.0
   104.272    31.843    23.452    54.000     0.003       6       7     6.0    28.0
   104.257    31.830    23.452    54.000     0.006       8      35     8.0    28.0
   104.242    31.817    23.452    54.000     0.012       6      36    10.0    28.0
   104.228    31.804    23.452    54.000     0.009      19      10    12.0    28.0
   104.213    31.791    23.452    54.000     0.004      16       7    14.0    28.0
   104.198    31.778    23.452    54.000     0.007      20       6    16.0    28.0
   104.184    31.765    23.452    54.000     0.007      20       5    18.0    28.0
   104.169    31.752    23.452    54.000     0.002      10      32    20.0    28.0
   104.154    31.739    23.452    54.000     0.003      12      34    22.0    28.0
   104.140    31.726    23.452    54.000     0.002      16       4    24.0    28.0
   104.125    31.713    23.452    54.000     0.003      11       4    26.0    28.0
   104.325    31.874    21.834    54.000     0.049      10      36     0.0    26.0
   104.310    31.861    21.834    54.000     0.028      10      36     2.0    26.0
   104.295    31.848    21.834    54.000     0.003      11      10     4.0    26.0
   104.281    31.835    21.834    54.000     0.006      11      10     6.0    26.0
   104.266    31.823    21.834    54.000     0.006      11       9     8.0    26.0
   104.251    31.810    21.834    54.000     0.007       2      35    10.0    26.0
   104.237    31.797    21.834    54.000     0.011       3      33    12.0    26.0
   104.222    31.784    21.834    54.000     0.013       3      34    14.0    26.0
   104.207    31.771    21.834    54.000     0.008       3      29    16.0    26.0
   104.193    31.758    21.834    54.000     0.004       6      37    18.0    26.0
   104.178    31.745    21.834    54.000     0.004      10      37    20.0    26.0
   104.163    31.732    21.834    54.000     0.014       9      36    22.0    26.0
   104.149    31.719    21.834    54.000     0.020       7      37    24.0    26.0
   104.134    31.706    21.834    54.000     0.026      12      36    26.0    26.0
   104.334    31.867    20.216    54.000     0.002       6      26     0.0    24.0
   104.319    31.854    20.216    54.000     0.003      10      35     2.0    24.0
   104.304    31.841    20.216    54.000     0.005       8      35     4.0    24.0
   104.290    31.828    20.216    54.000     0.004       9      36     6.0    24.0
   104.275    31.815    20.216    54.000     0.004      10      27     8.0    24.0
   104.260    31.802    20.216    54.000     0.002       6      36    10.0    24.0
   104.246    31.789    20.216    54.000     0.005       4      33    12.0    24.0
   104.231    31.776    20.216    54.000     0.011       5      33    14.0    24.0
   104.216    31.763    20.216    54.000     0.014       4      31    16.0    24.0
   104.202    31.750    20.216    54.000     0.014       4      26    18.0    24.0
   104.187    31.737    20.216    54.000     0.008       9      27    20.0    24.0
   104.172    31.724    20.216    54.000     0.015       9      25    22.0    24.0
   104.158    31.711    20.216    54.000     0.011       1       1    24.0    24.0
   104.143    31.698    20.216    54.000     0.013      13      36    26.0    24.0
   104.343    31.860    18.598    54.000     0.010      11       1     0.0    22.0
   104.328    31.847    18.598    54.000     0.005      16       3     2.0    22.0
   104.313    31.834    18.598    54.000     0.004      19       2     4.0    22.0
   104.298    31.821    18.598    54.000     0.008      19       2     6.0    22.0
   104.284    31.808    18.598    54.000     0.008      20       3     8.0    22.0
   104.269    31.795    18.598    54.000     0.014      20       2    10.0    22.0
   104.254    31.782    18.598    54.000     0.011       1       1    12.0    22.0
   104.240    31.769    18.598    54.000     0.018      15      20    14.0    22.0
   104.225    31.756    18.598    54.000     0.023      16      34    16.0    22.0
   104.210    31.743    18.598    54.000     0.020      17      33    18.0    22.0
   104.196    31.730    18.598    54.000     0.010      18      33    20.0    22.0
   104.181    31.717    18.598    54.000     0.019      10       2    22.0    22.0
   104.167    31.704    18.598    54.000     0.010      14       2    24.0    22.0
   104.152    31.691    18.598    54.000     0.012      15       2    26.0    22.0
   104.351    31.852    16.980    54.000     0.012      20       8     0.0    20.0
   104.337    31.839    16.980    54.000     0.041      19       4     2.0    20.0
   104.322    31.826    16.980    54.000     0.066      20       3     4.0    20.0
   104.307    31.813    16.980    54.000     0.033      19       3     6.0    20.0
   104.293    31.800    16.980    54.000     0.011      18       2     8.0    20.0
   104.278    31.787    16.980    54.000     0.004       1      34    10.0    20.0
   104.263    31.774    16.980    54.000     0.006       8       1    12.0    20.0
   104.249    31.761    16.980    54.000     0.008       8       1    14.0    20.0
   104.234    31.749    16.980    54.000     0.015       1       7    16.0    20.0
   104.219    31.736    16.980    54.000     0.026       1       8    18.0    20.0
   104.205    31.723    16.980    54.000     0.009       1       8    20.0    20.0
   104.190    31.710    16.980    54.000     0.019       1      12    22.0    20.0
   104.175    31.697    16.980    54.000     0.012       1      12    24.0    20.0
   104.161    31.684    16.980    54.000     0.016       1      27    26.0    20.0
   104.360    31.845    15.362    54.000     0.048      20      33     0.0    18.0
   104.346    31.832    15.362    54.000     0.034      20      31     2.0    18.0
   104.331    31.819    15.362    54.000     0.007      17      30     4.0    18.0
   104.316    31.806    15.362    54.000     0.003      19       5     6.0    18.0
   104.302    31.793    15.362    54.000     0.003      18       2     8.0    18.0
   104.287    31.780    15.362    54.000     0.003      18       1    10.0    18.0
   104.272    31.767    15.362    54.000     0.003      11      11    12.0    18.0
   104.258    31.754    15.362    54.000     0.003       9      12    14.0    18.0
   104.243    31.741    15.362    54.000     0.006       8      10    16.0    18.0
   104.228    31.728    15.362    54.000     0.002       7       9    18.0    18.0
   104.214    31.715    15.362    54.000     0.002       6       1    20.0    18.0
   104.199    31.702    15.362    54.000     0.003       2       3    22.0    18.0
   104.184    31.689    15.362    54.000     0.000       1       3    24.0    18.0
   104.170    31.676    15.362    54.000     0.001      20      19    26.0    18.0
   104.369    31.838    13.744    54.000     0.009      20      29     0.0    16.0
   104.355    31.825    13.744    54.000     0.014      10       1     2.0    16.0
   104.340    31.812    13.744    54.000     0.028      20      36     4.0    16.0
   104.325    31.799    13.744    54.000     0.038      20      37     6.0    16.0
   104.311    31.786    13.744    54.000     0.014       8       2     8.0    16.0
   104.296    31.773    13.744    54.000     0.013       7       2    10.0    16.0
   104.281    31.760    13.744    54.000     0.006       5       8    12.0    16.0
   104.267    31.747    13.744    54.000     0.007       1       7    14.0    16.0
   104.252    31.734    13.744    54.000     0.008       1       7    16.0    16.0
   104.237    31.721    13.744    54.000     0.001       1      24    18.0    16.0
   104.223    31.708    13.744    54.000     0.001      20       9    20.0    16.0
   104.208    31.695    13.744    54.000     0.001      20       6    22.0    16.0
   104.193    31.682    13.744    54.000     0.001      12       1    24.0    16.0
   104.179    31.669    13.744    54.000     0.004      13       1    26.0    16.0
   104.378    31.830    12.126    54.000     0.004       1      36     0.0    14.0
   104.364    31.817    12.126    54.000     0.013       6       3     2.0    14.0
   104.349    31.804    12.126    54.000     0.033       5       4     4.0    14.0
   104.334    31.791    12.126    54.000     0.061       5       7     6.0    14.0
   104.320    31.778    12.126    54.000     0.056       5       5     8.0    14.0
   104.305    31.765    12.126    54.000     0.036       4       7    10.0    14.0
   104.290    31.752    12.126    54.000     0.025       5       9    12.0    14.0
   104.275    31.739    12.126    54.000     0.014       6      11    14.0    14.0
   104.261    31.726    12.126    54.000     0.008       6       9    16.0    14.0
   104.246    31.713    12.126    54.000     0.003      10      36    18.0    14.0
   104.232    31.700    12.126    54.000     0.003       6      36    20.0    14.0
   104.217    31.688    12.126    54.000     0.005      13      15    22.0    14.0
   104.202    31.675    12.126    54.000     0.006      13      16    24.0    14.0
   104.188    31.662    12.126    54.000     0.002      10      16    26.0    14.0
   104.387    31.823    10.508    54.000     0.089       4      16     0.0    12.0
   104.372    31.810    10.508    54.000     0.076       4       7     2.0    12.0
   104.358    31.797    10.508    54.000     0.033       3       7     4.0    12.0
   104.343    31.784    10.508    54.000     0.021       1       7     6.0    12.0
   104.328    31.771    10.508    54.000     0.010       1       6     8.0    12.0
   104.314    31.758    10.508    54.000     0.004      20      14    10.0    12.0
   104.299    31.745    10.508    54.000     0.017      20      15    12.0    12.0
   104.284    31.732    10.508    54.000     0.020      20      11    14.0    12.0
   104.270    31.719    10.508    54.000     0.027      18       6    16.0    12.0
   104.255    31.706    10.508    54.000     0.020      20       5    18.0    12.0
   104.240    31.693    10.508    54.000     0.015      20       8    20.0    12.0
   104.226    31.680    10.508    54.000     0.010      19       7    22.0    12.0
   104.211    31.667    10.508    54.000     0.004      20       5    24.0    12.0
   104.197    31.654    10.508    54.000     0.004       1       1    26.0    12.0
   104.396    31.815     8.890    54.000     0.047      16      37     0.0    10.0
   104.381    31.802     8.890    54.000     0.044      17      37     2.0    10.0
   104.367    31.789     8.890    54.000     0.026       1       1     4.0    10.0
   104.352    31.777     8.890    54.000     0.017       1       1     6.0    10.0
   104.337    31.764     8.890    54.000     0.018      13      37     8.0    10.0
   104.323    31.751     8.890    54.000     0.008      20       9    10.0    10.0
   104.308    31.738     8.890    54.000     0.022      20       8    12.0    10.0
   104.293    31.725     8.890    54.000     0.044      20       5    14.0    10.0
   104.279    31.712     8.890    54.000     0.030      20       7    16.0    10.0
   104.264    31.699     8.890    54.000     0.025      15       2    18.0    10.0
   104.249    31.686     8.890    54.000     0.016      14       2    20.0    10.0
   104.235    31.673     8.890    54.000     0.011       3      36    22.0    10.0
   104.220    31.660     8.890    54.000     0.006      17       2    24.0    10.0
   104.205    31.647     8.890    54.000     0.005       6       8    26.0    10.0
   104.405    31.808     7.272    54.000     0.017      18      10     0.0     8.0
   104.390    31.795     7.272    54.000     0.007      20      14     2.0     8.0
   104.376    31.782     7.272    54.000     0.007      16      16     4.0     8.0
   104.361    31.769     7.272    54.000     0.012      14      13     6.0     8.0
   104.346    31.756     7.272    54.000     0.013      15       7     8.0     8.0
   104.332    31.743     7.272    54.000     0.016      16       7    10.0     8.0
   104.317    31.730     7.272    54.000     0.012      16      10    12.0     8.0
   104.302    31.717     7.272    54.000     0.006      17      11    14.0     8.0
   104.288    31.704     7.272    54.000     0.007      10       2    16.0     8.0
   104.273    31.691     7.272    54.000     0.017       8       5    18.0     8.0
   104.258    31.678     7.272    54.000     0.014       5       7    20.0     8.0
   104.244    31.665     7.272    54.000     0.019       1      13    22.0     8.0
   104.229    31.652     7.272    54.000     0.011       1      11    24.0     8.0
   104.214    31.639     7.272    54.000     0.008      12       6    26.0     8.0
   104.414    31.801     5.654    54.000     0.017      20       2     0.0     6.0
   104.399    31.788     5.654    54.000     0.039      20       2     2.0     6.0
   104.385    31.775     5.654    54.000     0.069      17       8     4.0     6.0
   104.370    31.762     5.654    54.000     0.085      17       3     6.0     6.0
   104.355    31.749     5.654    54.000     0.101      17      14     8.0     6.0
   104.341    31.736     5.654    54.000     0.125      16      12    10.0     6.0
   104.326    31.723     5.654    54.000     0.068      14      13    12.0     6.0
   104.311    31.710     5.654    54.000     0.028      11      11    14.0     6.0
   104.297    31.697     5.654    54.000     0.017       7       3    16.0     6.0
   104.282    31.684     5.654    54.000     0.009       7       3    18.0     6.0
   104.267    31.671     5.654    54.000     0.010      10       2    20.0     6.0
   104.253    31.658     5.654    54.000     0.016      12       3    22.0     6.0
   104.238    31.645     5.654    54.000     0.023      10       2    24.0     6.0
   104.223    31.632     5.654    54.000     0.031      11       3    26.0     6.0
   104.423    31.793     4.036    54.000     0.009      20      11     0.0     4.0
   104.408    31.780     4.036    54.000     0.006       1      37     2.0     4.0
   104.393    31.767     4.036    54.000     0.012      17      13     4.0     4.0
   104.379    31.754     4.036    54.000     0.012      13      22     6.0     4.0
   104.364    31.741     4.036    54.000     0.019       9      12     8.0     4.0
   104.349    31.728     4.036    54.000     0.030       7      12    10.0     4.0
   104.335    31.716     4.036    54.000     0.042       6       7    12.0     4.0
   104.320    31.703     4.036    54.000     0.026       6      13    14.0     4.0
   104.305    31.690     4.036    54.000     0.019       4       2    16.0     4.0
   104.291    31.677     4.036    54.000     0.016       3       2    18.0     4.0
   104.276    31.664     4.036    54.000     0.018       2       2    20.0     4.0
   104.261    31.651     4.036    54.000     0.004       1       2    22.0     4.0
   104.247    31.638     4.036    54.000     0.002       1       2    24.0     4.0
   104.232    31.625     4.036    54.000     0.004       1       3    26.0     4.0
   104.432    31.786     2.418    54.000     0.023       2       3     0.0     2.0
   104.417    31.773     2.418    54.000     0.014       3       6     2.0     2.0
   104.402    31.760     2.418    54.000     0.026       3      26     4.0     2.0
   104.388    31.747     2.418    54.000     0.072       3      25     6.0     2.0
   104.373    31.734     2.418    54.000     0.128       3      21     8.0     2.0
   104.358    31.721     2.418    54.000     0.088       3      13    10.0     2.0
   104.344    31.708     2.418    54.000     0.044       4      13    12.0     2.0
   104.329    31.695     2.418    54.000     0.023       2       7    14.0     2.0
   104.314    31.682     2.418    54.000     0.020       4      32    16.0     2.0
   104.300    31.669     2.418    54.000     0.020       6      35    18.0     2.0
   104.285    31.656     2.418    54.000     0.010       7      34    20.0     2.0
   104.270    31.643     2.418    54.000     0.011       3      35    22.0     2.0
   104.256    31.630     2.418    54.000     0.015       2      36    24.0     2.0
   104.241    31.617     2.418    54.000     0.008       1      35    26.0     2.0
   104.441    31.779     0.800    54.000     0.022      12       1     0.0     0.0
   104.426    31.766     0.800    54.000     0.016       7       7     2.0     0.0
   104.411    31.753     0.800    54.000     0.041       7       7     4.0     0.0
   104.397    31.740     0.800    54.000     0.021       6      17     6.0     0.0
   104.382    31.727     0.800    54.000     0.051       3      17     8.0     0.0
   104.367    31.714     0.800    54.000     0.051       3      24    10.0     0.0
   104.353    31.701     0.800    54.000     0.040       1      24    12.0     0.0
   104.338    31.688     0.800    54.000     0.020       5      35    14.0     0.0
   104.323    31.675     0.800    54.000     0.017       3      35    16.0     0.0
   104.309    31.662     0.800    54.000     0.009      18      37    18.0     0.0
   104.294    31.649     0.800    54.000     0.022      15      36    20.0     0.0
   104.279    31.636     0.800    54.000     0.028      14      36    22.0     0.0
   104.265    31.623     0.800    54.000     0.042       2       2    24.0     0.0
   104.250    31.610     0.800    54.000     0.025       1       2    26.0     0.0
