   0.00000000      0.131571427      0.108000003      0.391999990    
   2.00000000      0.121238098      0.108000003      0.221000001    
   4.00000000      0.123809516      0.118000001      0.250000000    
   6.00000000      0.119952381      0.127000004      0.217999995    
   8.00000000      0.107952379       9.79999974E-02  0.256999999    
   10.0000000      0.102190472       9.70000029E-02  0.270000011    
   12.0000000       9.69523787E-02   8.10000002E-02  0.191000000    
   14.0000000       8.92857164E-02   7.59999976E-02  0.150000006    
   16.0000000       9.29523855E-02   9.09999982E-02  0.158000007    
   18.0000000      0.103428565       8.90000015E-02  0.175999999    
   20.0000000      0.122619040      0.120999999      0.201000005    
   22.0000000      0.139428571      0.153999999      0.221000001    
   24.0000000      0.127190471       9.39999968E-02  0.259999990    
   26.0000000      0.108666673      0.104000002      0.208000004    
   28.0000000      0.108904757      0.104999997      0.179000005    
   30.0000000       9.00476277E-02   8.39999989E-02  0.158000007    
   32.0000000       9.38095227E-02   9.09999982E-02  0.143000007    
   34.0000000      0.108666673      0.104000002      0.214000002    
   36.0000000      0.101000004      0.104000002      0.158999994    
   38.0000000       8.98571387E-02   9.20000002E-02  0.112999998    
   40.0000000      0.107476190      0.100000001      0.217999995    
   42.0000000      0.121571429      0.115000002      0.282000005    
   44.0000000      0.140047625      0.112000003      0.365000010    
   46.0000000      0.136476189      0.131999999      0.263000011    
   48.0000000      0.126380950      0.109999999      0.273000002    
   50.0000000      0.147000000      0.135000005      0.337000012    
   52.0000000      0.138761908      0.133000001      0.263999999    
   54.0000000      0.172619060      0.147000000      0.407999992    
   56.0000000      0.216571420      0.202000007      0.744000018    
   58.0000000      0.234285712      0.186000004      0.712000012    
   60.0000000      0.218666643      0.167999998      0.563000023    
   62.0000000      0.257428586      0.165000007      0.892000020    
   64.0000000      0.301571459      0.187000006      0.939000010    
   66.0000000      0.289714277      0.230000004       1.00000000    
   68.0000000      0.283333331      0.166999996      0.930999994    
   70.0000000      0.230285734      0.163000003      0.672999978    
   72.0000000      0.198666662      0.142000005      0.681999981    
   74.0000000      0.192476198      0.148000002      0.476000011    
   76.0000000      0.166333318      0.151999995      0.335000008    
   78.0000000      0.140619054      0.123999998      0.238999993    
   80.0000000      0.121761911      0.109999999      0.303000003    
   82.0000000      0.117523804      0.108999997      0.200000003    
   84.0000000      0.121761911      0.114000000      0.184000000    
   86.0000000      0.119476184      0.104000002      0.257999986    
   88.0000000      0.120809518      0.120999999      0.241999999    
   90.0000000      0.115095243      0.104000002      0.236000001    
   92.0000000      0.124999985      0.118000001      0.246999994    
   94.0000000      0.134619027      0.136000007      0.221000001    
   96.0000000      0.138333321      0.115000002      0.307999998    
   98.0000000      0.147047594      0.144999996      0.231999993    
   100.000000      0.136428565      0.134000003      0.209000006    
   102.000000      0.125142857      0.115999997      0.243000001    
   104.000000      0.124476179      0.100000001      0.291000009    
   106.000000      0.144142851      0.120999999      0.300000012    
   108.000000      0.172809526      0.145999998      0.372000009    
   110.000000      0.158095241      0.127000004      0.398999989    
   112.000000      0.157333329      0.134000003      0.381000012    
   114.000000      0.164761901      0.136999995      0.384999990    
   116.000000      0.160857141      0.131999999      0.372999996    
   118.000000      0.165666655      0.120999999      0.456999987    
   120.000000      0.164761901      0.119999997      0.483000010    
   122.000000      0.166857138      0.119999997      0.490999997    
   124.000000      0.154714286      0.119000003      0.414999992    
   126.000000      0.129904777      0.108000003      0.423000008    
   128.000000      0.124142863      0.100000001      0.391000003    
