   104.132    31.868    23.168    34.000     0.003      20       1     0.0    40.0
   104.117    31.855    23.168    34.000     0.006      20       1     2.0    40.0
   104.103    31.842    23.168    34.000     0.008      10      37     4.0    40.0
   104.088    31.829    23.168    34.000     0.013      13      37     6.0    40.0
   104.074    31.815    23.168    34.000     0.022      10      37     8.0    40.0
   104.060    31.802    23.168    34.000     0.014      10      37    10.0    40.0
   104.045    31.789    23.168    34.000     0.009      12      37    12.0    40.0
   104.031    31.776    23.168    34.000     0.012      15      37    14.0    40.0
   104.016    31.763    23.168    34.000     0.012       4       2    16.0    40.0
   104.002    31.750    23.168    34.000     0.016       4      15    18.0    40.0
   103.987    31.736    23.168    34.000     0.013       1      10    20.0    40.0
   103.973    31.723    23.168    34.000     0.011       1      12    22.0    40.0
   103.959    31.710    23.168    34.000     0.010       3      24    24.0    40.0
   103.944    31.697    23.168    34.000     0.010       3      16    26.0    40.0
   103.930    31.684    23.168    34.000     0.006       2      23    28.0    40.0
   103.915    31.671    23.168    34.000     0.005       3      23    30.0    40.0
   103.901    31.657    23.168    34.000     0.004       2      23    32.0    40.0
   103.887    31.644    23.168    34.000     0.002       4      25    34.0    40.0
   103.872    31.631    23.168    34.000     0.002      18      15    36.0    40.0
   103.858    31.618    23.168    34.000     0.012      20      14    38.0    40.0
   103.844    31.605    23.168    34.000     0.009      18      20    40.0    40.0
   103.829    31.591    23.168    34.000     0.016      17      24    42.0    40.0
   103.815    31.578    23.168    34.000     0.009      17      20    44.0    40.0
   103.800    31.565    23.168    34.000     0.004      12       3    46.0    40.0
   103.786    31.552    23.168    34.000     0.008      20      37    48.0    40.0
   103.772    31.539    23.168    34.000     0.009      20      35    50.0    40.0
   103.757    31.525    23.168    34.000     0.015       2      10    52.0    40.0
   103.743    31.512    23.168    34.000     0.017       3      15    54.0    40.0
   103.729    31.499    23.168    34.000     0.015       3      15    56.0    40.0
   103.714    31.486    23.168    34.000     0.012       2      16    58.0    40.0
   103.700    31.473    23.168    34.000     0.007      19       3    60.0    40.0
   103.686    31.459    23.168    34.000     0.040      17       3    62.0    40.0
   103.671    31.446    23.168    34.000     0.041      16       2    64.0    40.0
   103.657    31.433    23.168    34.000     0.026       3      31    66.0    40.0
   103.643    31.420    23.168    34.000     0.013      16       7    68.0    40.0
   103.628    31.407    23.168    34.000     0.006      18      10    70.0    40.0
   103.614    31.393    23.168    34.000     0.007      19      26    72.0    40.0
   103.600    31.380    23.168    34.000     0.015      17      28    74.0    40.0
   103.585    31.367    23.168    34.000     0.021      17      26    76.0    40.0
   103.571    31.354    23.168    34.000     0.032       2       2    78.0    40.0
   104.145    31.858    22.049    34.000     0.001       7       1     0.0    38.0
   104.130    31.845    22.049    34.000     0.004       2       8     2.0    38.0
   104.116    31.832    22.049    34.000     0.006       2       2     4.0    38.0
   104.101    31.818    22.049    34.000     0.008      12      37     6.0    38.0
   104.087    31.805    22.049    34.000     0.006      11      37     8.0    38.0
   104.072    31.792    22.049    34.000     0.003       9      25    10.0    38.0
   104.058    31.779    22.049    34.000     0.005       9      20    12.0    38.0
   104.044    31.766    22.049    34.000     0.004       1      13    14.0    38.0
   104.029    31.753    22.049    34.000     0.004       5       4    16.0    38.0
   104.015    31.739    22.049    34.000     0.011       1       9    18.0    38.0
   104.000    31.726    22.049    34.000     0.013      17      37    20.0    38.0
   103.986    31.713    22.049    34.000     0.007      15      37    22.0    38.0
   103.971    31.700    22.049    34.000     0.005      15      37    24.0    38.0
   103.957    31.687    22.049    34.000     0.005      13      37    26.0    38.0
   103.943    31.674    22.049    34.000     0.008      12      37    28.0    38.0
   103.928    31.660    22.049    34.000     0.010      10      37    30.0    38.0
   103.914    31.647    22.049    34.000     0.009      10      37    32.0    38.0
   103.899    31.634    22.049    34.000     0.003       1      20    34.0    38.0
   103.885    31.621    22.049    34.000     0.006       1      10    36.0    38.0
   103.871    31.608    22.049    34.000     0.006       1       7    38.0    38.0
   103.856    31.594    22.049    34.000     0.004       2       8    40.0    38.0
   103.842    31.581    22.049    34.000     0.007       2      11    42.0    38.0
   103.828    31.568    22.049    34.000     0.003       2       9    44.0    38.0
   103.813    31.555    22.049    34.000     0.002       1       3    46.0    38.0
   103.799    31.542    22.049    34.000     0.005       1       2    48.0    38.0
   103.784    31.528    22.049    34.000     0.001       3       2    50.0    38.0
   103.770    31.515    22.049    34.000     0.001       3       1    52.0    38.0
   103.756    31.502    22.049    34.000     0.002      20      24    54.0    38.0
   103.741    31.489    22.049    34.000     0.004      16      23    56.0    38.0
   103.727    31.476    22.049    34.000     0.006      15      12    58.0    38.0
   103.713    31.462    22.049    34.000     0.010      16       8    60.0    38.0
   103.698    31.449    22.049    34.000     0.018      18       2    62.0    38.0
   103.684    31.436    22.049    34.000     0.052      16       3    64.0    38.0
   103.670    31.423    22.049    34.000     0.063      16       3    66.0    38.0
   103.655    31.410    22.049    34.000     0.045      16       3    68.0    38.0
   103.641    31.396    22.049    34.000     0.031      15       3    70.0    38.0
   103.627    31.383    22.049    34.000     0.016      14       2    72.0    38.0
   103.612    31.370    22.049    34.000     0.010      14      19    74.0    38.0
   103.598    31.357    22.049    34.000     0.010      18      34    76.0    38.0
   103.584    31.344    22.049    34.000     0.022      18      34    78.0    38.0
   104.157    31.848    20.931    34.000     0.010       1      34     0.0    36.0
   104.143    31.834    20.931    34.000     0.003       9       2     2.0    36.0
   104.128    31.821    20.931    34.000     0.005       6       2     4.0    36.0
   104.114    31.808    20.931    34.000     0.005       5       9     6.0    36.0
   104.100    31.795    20.931    34.000     0.010       5      13     8.0    36.0
   104.085    31.782    20.931    34.000     0.032       4      18    10.0    36.0
   104.071    31.769    20.931    34.000     0.050       5      15    12.0    36.0
   104.056    31.755    20.931    34.000     0.052       4      13    14.0    36.0
   104.042    31.742    20.931    34.000     0.023       2      16    16.0    36.0
   104.027    31.729    20.931    34.000     0.013       1      16    18.0    36.0
   104.013    31.716    20.931    34.000     0.007      11      36    20.0    36.0
   103.999    31.703    20.931    34.000     0.007      10      36    22.0    36.0
   103.984    31.690    20.931    34.000     0.005       1       1    24.0    36.0
   103.970    31.676    20.931    34.000     0.006      13      36    26.0    36.0
   103.955    31.663    20.931    34.000     0.005      13      36    28.0    36.0
   103.941    31.650    20.931    34.000     0.005      16      26    30.0    36.0
   103.927    31.637    20.931    34.000     0.004      15      26    32.0    36.0
   103.912    31.624    20.931    34.000     0.002       7      23    34.0    36.0
   103.898    31.611    20.931    34.000     0.006       5      18    36.0    36.0
   103.883    31.597    20.931    34.000     0.021       6      11    38.0    36.0
   103.869    31.584    20.931    34.000     0.025       6       8    40.0    36.0
   103.855    31.571    20.931    34.000     0.012       3      11    42.0    36.0
   103.840    31.558    20.931    34.000     0.006       6      17    44.0    36.0
   103.826    31.545    20.931    34.000     0.003       1       1    46.0    36.0
   103.812    31.531    20.931    34.000     0.003      11      36    48.0    36.0
   103.797    31.518    20.931    34.000     0.004      11      36    50.0    36.0
   103.783    31.505    20.931    34.000     0.004      15       2    52.0    36.0
   103.769    31.492    20.931    34.000     0.016      15       5    54.0    36.0
   103.754    31.479    20.931    34.000     0.027      15       8    56.0    36.0
   103.740    31.465    20.931    34.000     0.059      11       2    58.0    36.0
   103.726    31.452    20.931    34.000     0.058      11       2    60.0    36.0
   103.711    31.439    20.931    34.000     0.046      11       2    62.0    36.0
   103.697    31.426    20.931    34.000     0.015      12       4    64.0    36.0
   103.683    31.413    20.931    34.000     0.010      11       2    66.0    36.0
   103.668    31.399    20.931    34.000     0.027       7      24    68.0    36.0
   103.654    31.386    20.931    34.000     0.027       8      27    70.0    36.0
   103.640    31.373    20.931    34.000     0.012       6      27    72.0    36.0
   103.625    31.360    20.931    34.000     0.004       6      30    74.0    36.0
   103.611    31.347    20.931    34.000     0.002       8      36    76.0    36.0
   103.597    31.333    20.931    34.000     0.001      10      11    78.0    36.0
   104.170    31.837    19.813    34.000     0.004       2      34     0.0    34.0
   104.156    31.824    19.813    34.000     0.005       8       3     2.0    34.0
   104.141    31.811    19.813    34.000     0.005       2      34     4.0    34.0
   104.127    31.798    19.813    34.000     0.013       6       8     6.0    34.0
   104.112    31.785    19.813    34.000     0.022       4      20     8.0    34.0
   104.098    31.772    19.813    34.000     0.049       4      18    10.0    34.0
   104.083    31.758    19.813    34.000     0.071       5      16    12.0    34.0
   104.069    31.745    19.813    34.000     0.058       5      22    14.0    34.0
   104.055    31.732    19.813    34.000     0.035       5      30    16.0    34.0
   104.040    31.719    19.813    34.000     0.013       9      36    18.0    34.0
   104.026    31.706    19.813    34.000     0.004       8      36    20.0    34.0
   104.011    31.693    19.813    34.000     0.001      10      37    22.0    34.0
   103.997    31.679    19.813    34.000     0.001      15      37    24.0    34.0
   103.983    31.666    19.813    34.000     0.004      17      21    26.0    34.0
   103.968    31.653    19.813    34.000     0.008      17      21    28.0    34.0
   103.954    31.640    19.813    34.000     0.005      17      20    30.0    34.0
   103.939    31.627    19.813    34.000     0.005      15      21    32.0    34.0
   103.925    31.614    19.813    34.000     0.011      10      20    34.0    34.0
   103.911    31.600    19.813    34.000     0.012       9      20    36.0    34.0
   103.896    31.587    19.813    34.000     0.020       8      11    38.0    34.0
   103.882    31.574    19.813    34.000     0.056       8       9    40.0    34.0
   103.867    31.561    19.813    34.000     0.020       7       8    42.0    34.0
   103.853    31.548    19.813    34.000     0.026       4       9    44.0    34.0
   103.839    31.534    19.813    34.000     0.006       4       8    46.0    34.0
   103.824    31.521    19.813    34.000     0.006       8      34    48.0    34.0
   103.810    31.508    19.813    34.000     0.013       6      36    50.0    34.0
   103.796    31.495    19.813    34.000     0.045       7      35    52.0    34.0
   103.781    31.482    19.813    34.000     0.038      17       7    54.0    34.0
   103.767    31.468    19.813    34.000     0.050      16      10    56.0    34.0
   103.753    31.455    19.813    34.000     0.035      13       8    58.0    34.0
   103.738    31.442    19.813    34.000     0.027      15      11    60.0    34.0
   103.724    31.429    19.813    34.000     0.029       9       2    62.0    34.0
   103.710    31.416    19.813    34.000     0.048      10       2    64.0    34.0
   103.695    31.402    19.813    34.000     0.025       9       2    66.0    34.0
   103.681    31.389    19.813    34.000     0.005       9       2    68.0    34.0
   103.667    31.376    19.813    34.000     0.002       4      16    70.0    34.0
   103.652    31.363    19.813    34.000     0.010      20       3    72.0    34.0
   103.638    31.350    19.813    34.000     0.011      20       3    74.0    34.0
   103.624    31.336    19.813    34.000     0.017      19       4    76.0    34.0
   103.609    31.323    19.813    34.000     0.009      20       4    78.0    34.0
   104.183    31.827    18.694    34.000     0.005       1      20     0.0    32.0
   104.168    31.814    18.694    34.000     0.002       2      32     2.0    32.0
   104.154    31.801    18.694    34.000     0.008       6      18     4.0    32.0
   104.140    31.788    18.694    34.000     0.013       8      17     6.0    32.0
   104.125    31.775    18.694    34.000     0.016       5      18     8.0    32.0
   104.111    31.761    18.694    34.000     0.014       4      13    10.0    32.0
   104.096    31.748    18.694    34.000     0.013       2      29    12.0    32.0
   104.082    31.735    18.694    34.000     0.011       9      24    14.0    32.0
   104.067    31.722    18.694    34.000     0.022      19       1    16.0    32.0
   104.053    31.709    18.694    34.000     0.012      17       1    18.0    32.0
   104.039    31.696    18.694    34.000     0.008      20       1    20.0    32.0
   104.024    31.682    18.694    34.000     0.006      20       1    22.0    32.0
   104.010    31.669    18.694    34.000     0.002      11       8    24.0    32.0
   103.995    31.656    18.694    34.000     0.001      10       6    26.0    32.0
   103.981    31.643    18.694    34.000     0.002      14      13    28.0    32.0
   103.967    31.630    18.694    34.000     0.003      13      17    30.0    32.0
   103.952    31.617    18.694    34.000     0.007      13      18    32.0    32.0
   103.938    31.603    18.694    34.000     0.008      11      20    34.0    32.0
   103.923    31.590    18.694    34.000     0.011      11      18    36.0    32.0
   103.909    31.577    18.694    34.000     0.005      10      21    38.0    32.0
   103.895    31.564    18.694    34.000     0.002      11      32    40.0    32.0
   103.880    31.551    18.694    34.000     0.001       8      10    42.0    32.0
   103.866    31.537    18.694    34.000     0.003       1      36    44.0    32.0
   103.851    31.524    18.694    34.000     0.006       1      36    46.0    32.0
   103.837    31.511    18.694    34.000     0.004       2      36    48.0    32.0
   103.823    31.498    18.694    34.000     0.002      20       1    50.0    32.0
   103.808    31.485    18.694    34.000     0.003      10      32    52.0    32.0
   103.794    31.471    18.694    34.000     0.006      12      30    54.0    32.0
   103.780    31.458    18.694    34.000     0.002      11      28    56.0    32.0
   103.765    31.445    18.694    34.000     0.004      19       8    58.0    32.0
   103.751    31.432    18.694    34.000     0.007      19      10    60.0    32.0
   103.737    31.419    18.694    34.000     0.027      20      28    62.0    32.0
   103.722    31.405    18.694    34.000     0.047      19      26    64.0    32.0
   103.708    31.392    18.694    34.000     0.054      18      25    66.0    32.0
   103.694    31.379    18.694    34.000     0.023      19      24    68.0    32.0
   103.679    31.366    18.694    34.000     0.004       1      34    70.0    32.0
   103.665    31.353    18.694    34.000     0.013       1      34    72.0    32.0
   103.651    31.339    18.694    34.000     0.012       1      34    74.0    32.0
   103.636    31.326    18.694    34.000     0.009       2      30    76.0    32.0
   103.622    31.313    18.694    34.000     0.003       1      32    78.0    32.0
   104.196    31.817    17.576    34.000     0.002      20      33     0.0    30.0
   104.181    31.804    17.576    34.000     0.001      20      35     2.0    30.0
   104.167    31.791    17.576    34.000     0.001      20      29     4.0    30.0
   104.152    31.777    17.576    34.000     0.000       4       6     6.0    30.0
   104.138    31.764    17.576    34.000     0.003       7      37     8.0    30.0
   104.123    31.751    17.576    34.000     0.006       8      37    10.0    30.0
   104.109    31.738    17.576    34.000     0.012       7      37    12.0    30.0
   104.095    31.725    17.576    34.000     0.020       3      36    14.0    30.0
   104.080    31.712    17.576    34.000     0.037       3      36    16.0    30.0
   104.066    31.699    17.576    34.000     0.034       2      36    18.0    30.0
   104.051    31.685    17.576    34.000     0.029      20       1    20.0    30.0
   104.037    31.672    17.576    34.000     0.022      19       1    22.0    30.0
   104.023    31.659    17.576    34.000     0.020      18       1    24.0    30.0
   104.008    31.646    17.576    34.000     0.013      16       1    26.0    30.0
   103.994    31.633    17.576    34.000     0.005      17       1    28.0    30.0
   103.979    31.619    17.576    34.000     0.002      11      13    30.0    30.0
   103.965    31.606    17.576    34.000     0.007      19      30    32.0    30.0
   103.951    31.593    17.576    34.000     0.011      19      30    34.0    30.0
   103.936    31.580    17.576    34.000     0.006      16      31    36.0    30.0
   103.922    31.567    17.576    34.000     0.011      14      34    38.0    30.0
   103.907    31.554    17.576    34.000     0.011      14      32    40.0    30.0
   103.893    31.540    17.576    34.000     0.005      20      15    42.0    30.0
   103.879    31.527    17.576    34.000     0.005      18      15    44.0    30.0
   103.864    31.514    17.576    34.000     0.002      18       8    46.0    30.0
   103.850    31.501    17.576    34.000     0.005      13       1    48.0    30.0
   103.836    31.488    17.576    34.000     0.006      11       2    50.0    30.0
   103.821    31.474    17.576    34.000     0.018       9       2    52.0    30.0
   103.807    31.461    17.576    34.000     0.041       6      10    54.0    30.0
   103.792    31.448    17.576    34.000     0.059       8      10    56.0    30.0
   103.778    31.435    17.576    34.000     0.025       8       9    58.0    30.0
   103.764    31.422    17.576    34.000     0.007       6      14    60.0    30.0
   103.749    31.409    17.576    34.000     0.002       1       1    62.0    30.0
   103.735    31.395    17.576    34.000     0.004      19      18    64.0    30.0
   103.721    31.382    17.576    34.000     0.009      19      26    66.0    30.0
   103.706    31.369    17.576    34.000     0.008      18      10    68.0    30.0
   103.692    31.356    17.576    34.000     0.003      17      12    70.0    30.0
   103.678    31.342    17.576    34.000     0.003       2      37    72.0    30.0
   103.664    31.329    17.576    34.000     0.003       9      37    74.0    30.0
   103.649    31.316    17.576    34.000     0.004       1      36    76.0    30.0
   103.635    31.303    17.576    34.000     0.008       1      35    78.0    30.0
   104.208    31.807    16.457    34.000     0.009       1       7     0.0    28.0
   104.194    31.794    16.457    34.000     0.011       1       9     2.0    28.0
   104.180    31.780    16.457    34.000     0.011       1      10     4.0    28.0
   104.165    31.767    16.457    34.000     0.016      17      29     6.0    28.0
   104.151    31.754    16.457    34.000     0.008      18      21     8.0    28.0
   104.136    31.741    16.457    34.000     0.004      18      24    10.0    28.0
   104.122    31.728    16.457    34.000     0.006      20       5    12.0    28.0
   104.107    31.715    16.457    34.000     0.012       5      37    14.0    28.0
   104.093    31.701    16.457    34.000     0.050       5      37    16.0    28.0
   104.079    31.688    16.457    34.000     0.039       4      37    18.0    28.0
   104.064    31.675    16.457    34.000     0.036      18       1    20.0    28.0
   104.050    31.662    16.457    34.000     0.026      18       1    22.0    28.0
   104.035    31.649    16.457    34.000     0.015      17       1    24.0    28.0
   104.021    31.636    16.457    34.000     0.007      18       1    26.0    28.0
   104.006    31.622    16.457    34.000     0.002      12       1    28.0    28.0
   103.992    31.609    16.457    34.000     0.002       1       8    30.0    28.0
   103.978    31.596    16.457    34.000     0.016       1       9    32.0    28.0
   103.963    31.583    16.457    34.000     0.004       1       7    34.0    28.0
   103.949    31.570    16.457    34.000     0.004       3       6    36.0    28.0
   103.935    31.557    16.457    34.000     0.004       1       4    38.0    28.0
   103.920    31.543    16.457    34.000     0.004      20      16    40.0    28.0
   103.906    31.530    16.457    34.000     0.005      19      16    42.0    28.0
   103.891    31.517    16.457    34.000     0.005      18      21    44.0    28.0
   103.877    31.504    16.457    34.000     0.002      18      18    46.0    28.0
   103.863    31.491    16.457    34.000     0.006      11       6    48.0    28.0
   103.848    31.477    16.457    34.000     0.016       8       7    50.0    28.0
   103.834    31.464    16.457    34.000     0.034      11       6    52.0    28.0
   103.820    31.451    16.457    34.000     0.032       9       9    54.0    28.0
   103.805    31.438    16.457    34.000     0.031       7      16    56.0    28.0
   103.791    31.425    16.457    34.000     0.026      12       4    58.0    28.0
   103.777    31.412    16.457    34.000     0.012       9      18    60.0    28.0
   103.762    31.398    16.457    34.000     0.005       6      12    62.0    28.0
   103.748    31.385    16.457    34.000     0.004       6      12    64.0    28.0
   103.734    31.372    16.457    34.000     0.007      12      36    66.0    28.0
   103.719    31.359    16.457    34.000     0.013      15      33    68.0    28.0
   103.705    31.345    16.457    34.000     0.018      10      36    70.0    28.0
   103.691    31.332    16.457    34.000     0.036      11      36    72.0    28.0
   103.676    31.319    16.457    34.000     0.032      12      36    74.0    28.0
   103.662    31.306    16.457    34.000     0.014      11      36    76.0    28.0
   103.648    31.293    16.457    34.000     0.005       6      30    78.0    28.0
   104.221    31.796    15.339    34.000     0.014       2       4     0.0    26.0
   104.207    31.783    15.339    34.000     0.005       6       1     2.0    26.0
   104.192    31.770    15.339    34.000     0.004       6       1     4.0    26.0
   104.178    31.757    15.339    34.000     0.013       1      26     6.0    26.0
   104.163    31.744    15.339    34.000     0.005      19      34     8.0    26.0
   104.149    31.731    15.339    34.000     0.006      18      34    10.0    26.0
   104.135    31.718    15.339    34.000     0.004      18      32    12.0    26.0
   104.120    31.704    15.339    34.000     0.001      13      35    14.0    26.0
   104.106    31.691    15.339    34.000     0.003       7      37    16.0    26.0
   104.091    31.678    15.339    34.000     0.008       8      37    18.0    26.0
   104.077    31.665    15.339    34.000     0.010       9      35    20.0    26.0
   104.062    31.652    15.339    34.000     0.009       4      37    22.0    26.0
   104.048    31.639    15.339    34.000     0.011       4      37    24.0    26.0
   104.034    31.625    15.339    34.000     0.009       2      30    26.0    26.0
   104.019    31.612    15.339    34.000     0.013       1      30    28.0    26.0
   104.005    31.599    15.339    34.000     0.003       1      31    30.0    26.0
   103.990    31.586    15.339    34.000     0.003       6      14    32.0    26.0
   103.976    31.573    15.339    34.000     0.002       6      14    34.0    26.0
   103.962    31.560    15.339    34.000     0.004       8      34    36.0    26.0
   103.947    31.546    15.339    34.000     0.004       9      33    38.0    26.0
   103.933    31.533    15.339    34.000     0.009      10      26    40.0    26.0
   103.919    31.520    15.339    34.000     0.009      10      26    42.0    26.0
   103.904    31.507    15.339    34.000     0.002       9      30    44.0    26.0
   103.890    31.494    15.339    34.000     0.002      20      32    46.0    26.0
   103.875    31.480    15.339    34.000     0.003       9       3    48.0    26.0
   103.861    31.467    15.339    34.000     0.006      11       7    50.0    26.0
   103.847    31.454    15.339    34.000     0.007      12       3    52.0    26.0
   103.832    31.441    15.339    34.000     0.009       1      35    54.0    26.0
   103.818    31.428    15.339    34.000     0.025      15       1    56.0    26.0
   103.804    31.415    15.339    34.000     0.061      15       1    58.0    26.0
   103.789    31.401    15.339    34.000     0.032      15       3    60.0    26.0
   103.775    31.388    15.339    34.000     0.010       1      36    62.0    26.0
   103.761    31.375    15.339    34.000     0.003       4      28    64.0    26.0
   103.746    31.362    15.339    34.000     0.006       6      14    66.0    26.0
   103.732    31.349    15.339    34.000     0.010       6      10    68.0    26.0
   103.718    31.335    15.339    34.000     0.029      16      37    70.0    26.0
   103.703    31.322    15.339    34.000     0.016      14      37    72.0    26.0
   103.689    31.309    15.339    34.000     0.011      12      36    74.0    26.0
   103.675    31.296    15.339    34.000     0.037      12      36    76.0    26.0
   103.660    31.282    15.339    34.000     0.018      11      35    78.0    26.0
   104.234    31.786    14.221    34.000     0.006       7       2     0.0    24.0
   104.220    31.773    14.221    34.000     0.005      10      10     2.0    24.0
   104.205    31.760    14.221    34.000     0.015       5      28     4.0    24.0
   104.191    31.747    14.221    34.000     0.017       3      31     6.0    24.0
   104.176    31.734    14.221    34.000     0.011       4      28     8.0    24.0
   104.162    31.720    14.221    34.000     0.019       1      30    10.0    24.0
   104.147    31.707    14.221    34.000     0.011       1      22    12.0    24.0
   104.133    31.694    14.221    34.000     0.013       1      14    14.0    24.0
   104.118    31.681    14.221    34.000     0.009       1      12    16.0    24.0
   104.104    31.668    14.221    34.000     0.009       1      14    18.0    24.0
   104.090    31.655    14.221    34.000     0.007       1      12    20.0    24.0
   104.075    31.642    14.221    34.000     0.014       1      11    22.0    24.0
   104.061    31.628    14.221    34.000     0.015       7      31    24.0    24.0
   104.046    31.615    14.221    34.000     0.027       4      32    26.0    24.0
   104.032    31.602    14.221    34.000     0.025       4      32    28.0    24.0
   104.018    31.589    14.221    34.000     0.025       2      32    30.0    24.0
   104.003    31.576    14.221    34.000     0.004       4       4    32.0    24.0
   103.989    31.563    14.221    34.000     0.008       6      34    34.0    24.0
   103.974    31.549    14.221    34.000     0.007       7      35    36.0    24.0
   103.960    31.536    14.221    34.000     0.007      11      12    38.0    24.0
   103.946    31.523    14.221    34.000     0.019      10      12    40.0    24.0
   103.931    31.510    14.221    34.000     0.019      10      12    42.0    24.0
   103.917    31.497    14.221    34.000     0.025      10      14    44.0    24.0
   103.903    31.483    14.221    34.000     0.018       7       4    46.0    24.0
   103.888    31.470    14.221    34.000     0.005       6       9    48.0    24.0
   103.874    31.457    14.221    34.000     0.001       4       5    50.0    24.0
   103.859    31.444    14.221    34.000     0.001       1      11    52.0    24.0
   103.845    31.431    14.221    34.000     0.003       1      36    54.0    24.0
   103.831    31.418    14.221    34.000     0.007       1      13    56.0    24.0
   103.816    31.404    14.221    34.000     0.014       6      37    58.0    24.0
   103.802    31.391    14.221    34.000     0.029       1      35    60.0    24.0
   103.788    31.378    14.221    34.000     0.043       3      37    62.0    24.0
   103.773    31.365    14.221    34.000     0.004       4      37    64.0    24.0
   103.759    31.352    14.221    34.000     0.002       3      27    66.0    24.0
   103.745    31.338    14.221    34.000     0.003       6      11    68.0    24.0
   103.730    31.325    14.221    34.000     0.006       4      12    70.0    24.0
   103.716    31.312    14.221    34.000     0.003       3      15    72.0    24.0
   103.702    31.299    14.221    34.000     0.002       3      17    74.0    24.0
   103.688    31.286    14.221    34.000     0.001       1      36    76.0    24.0
   103.673    31.272    14.221    34.000     0.002       5      36    78.0    24.0
   104.247    31.776    13.102    34.000     0.012       3       2     0.0    22.0
   104.232    31.763    13.102    34.000     0.009       2       1     2.0    22.0
   104.218    31.750    13.102    34.000     0.006       2       1     4.0    22.0
   104.203    31.737    13.102    34.000     0.002       4       5     6.0    22.0
   104.189    31.723    13.102    34.000     0.002       7      31     8.0    22.0
   104.175    31.710    13.102    34.000     0.003       3      27    10.0    22.0
   104.160    31.697    13.102    34.000     0.009       1      31    12.0    22.0
   104.146    31.684    13.102    34.000     0.014       2      31    14.0    22.0
   104.131    31.671    13.102    34.000     0.014      11       2    16.0    22.0
   104.117    31.658    13.102    34.000     0.010       1      31    18.0    22.0
   104.102    31.644    13.102    34.000     0.016       3       5    20.0    22.0
   104.088    31.631    13.102    34.000     0.020       4       5    22.0    22.0
   104.074    31.618    13.102    34.000     0.018       4       4    24.0    22.0
   104.059    31.605    13.102    34.000     0.018       5       7    26.0    22.0
   104.045    31.592    13.102    34.000     0.010       4      12    28.0    22.0
   104.030    31.579    13.102    34.000     0.002       2      30    30.0    22.0
   104.016    31.565    13.102    34.000     0.005       3      34    32.0    22.0
   104.002    31.552    13.102    34.000     0.005      11       3    34.0    22.0
   103.987    31.539    13.102    34.000     0.008      12       3    36.0    22.0
   103.973    31.526    13.102    34.000     0.011      12      16    38.0    22.0
   103.958    31.513    13.102    34.000     0.016      11      15    40.0    22.0
   103.944    31.500    13.102    34.000     0.028       8      16    42.0    22.0
   103.930    31.486    13.102    34.000     0.060       8      17    44.0    22.0
   103.915    31.473    13.102    34.000     0.046       8      19    46.0    22.0
   103.901    31.460    13.102    34.000     0.016       7      22    48.0    22.0
   103.887    31.447    13.102    34.000     0.007       3      19    50.0    22.0
   103.872    31.434    13.102    34.000     0.004       4      19    52.0    22.0
   103.858    31.420    13.102    34.000     0.005      10      36    54.0    22.0
   103.844    31.407    13.102    34.000     0.004       1       7    56.0    22.0
   103.829    31.394    13.102    34.000     0.002       1      13    58.0    22.0
   103.815    31.381    13.102    34.000     0.003       5      36    60.0    22.0
   103.800    31.368    13.102    34.000     0.005       3      36    62.0    22.0
   103.786    31.355    13.102    34.000     0.005       3      36    64.0    22.0
   103.772    31.341    13.102    34.000     0.006       2      37    66.0    22.0
   103.758    31.328    13.102    34.000     0.003       1      30    68.0    22.0
   103.743    31.315    13.102    34.000     0.009      19       3    70.0    22.0
   103.729    31.302    13.102    34.000     0.018      16       4    72.0    22.0
   103.715    31.289    13.102    34.000     0.020      17       4    74.0    22.0
   103.700    31.275    13.102    34.000     0.035      19       4    76.0    22.0
   103.686    31.262    13.102    34.000     0.035      18       6    78.0    22.0
   104.259    31.766    11.984    34.000     0.018      15      36     0.0    20.0
   104.245    31.753    11.984    34.000     0.015      19      25     2.0    20.0
   104.231    31.739    11.984    34.000     0.011      15      25     4.0    20.0
   104.216    31.726    11.984    34.000     0.003      13      24     6.0    20.0
   104.202    31.713    11.984    34.000     0.006      15       7     8.0    20.0
   104.187    31.700    11.984    34.000     0.012      13       7    10.0    20.0
   104.173    31.687    11.984    34.000     0.012      13       6    12.0    20.0
   104.158    31.674    11.984    34.000     0.017      14       4    14.0    20.0
   104.144    31.661    11.984    34.000     0.012      11      12    16.0    20.0
   104.130    31.647    11.984    34.000     0.015       9       2    18.0    20.0
   104.115    31.634    11.984    34.000     0.015       8       2    20.0    20.0
   104.101    31.621    11.984    34.000     0.016      10       4    22.0    20.0
   104.086    31.608    11.984    34.000     0.009       8       4    24.0    20.0
   104.072    31.595    11.984    34.000     0.003       9       4    26.0    20.0
   104.057    31.582    11.984    34.000     0.002       7      32    28.0    20.0
   104.043    31.568    11.984    34.000     0.005      17       2    30.0    20.0
   104.029    31.555    11.984    34.000     0.007      14       3    32.0    20.0
   104.014    31.542    11.984    34.000     0.009      13       3    34.0    20.0
   104.000    31.529    11.984    34.000     0.008      12       3    36.0    20.0
   103.986    31.516    11.984    34.000     0.003      17       8    38.0    20.0
   103.971    31.503    11.984    34.000     0.003      20       9    40.0    20.0
   103.957    31.489    11.984    34.000     0.004      20       7    42.0    20.0
   103.942    31.476    11.984    34.000     0.006      11      31    44.0    20.0
   103.928    31.463    11.984    34.000     0.024      10      32    46.0    20.0
   103.914    31.450    11.984    34.000     0.018      13      35    48.0    20.0
   103.899    31.437    11.984    34.000     0.032      13      36    50.0    20.0
   103.885    31.423    11.984    34.000     0.023      12      36    52.0    20.0
   103.871    31.410    11.984    34.000     0.014      14      36    54.0    20.0
   103.856    31.397    11.984    34.000     0.012      15      36    56.0    20.0
   103.842    31.384    11.984    34.000     0.007      17      34    58.0    20.0
   103.828    31.371    11.984    34.000     0.003      16      34    60.0    20.0
   103.813    31.358    11.984    34.000     0.002       1      25    62.0    20.0
   103.799    31.344    11.984    34.000     0.002       1      28    64.0    20.0
   103.785    31.331    11.984    34.000     0.003       8      37    66.0    20.0
   103.770    31.318    11.984    34.000     0.011      19       2    68.0    20.0
   103.756    31.305    11.984    34.000     0.019      19       2    70.0    20.0
   103.742    31.292    11.984    34.000     0.018      19       2    72.0    20.0
   103.727    31.278    11.984    34.000     0.008      18       7    74.0    20.0
   103.713    31.265    11.984    34.000     0.014      14       9    76.0    20.0
   103.699    31.252    11.984    34.000     0.006      14       2    78.0    20.0
   104.272    31.755    10.865    34.000     0.043      20      22     0.0    18.0
   104.258    31.742    10.865    34.000     0.054      20      25     2.0    18.0
   104.243    31.729    10.865    34.000     0.059      17      25     4.0    18.0
   104.229    31.716    10.865    34.000     0.026      18      26     6.0    18.0
   104.214    31.703    10.865    34.000     0.016      16      27     8.0    18.0
   104.200    31.690    10.865    34.000     0.012      16       3    10.0    18.0
   104.186    31.677    10.865    34.000     0.020      16       3    12.0    18.0
   104.171    31.663    10.865    34.000     0.017      13       5    14.0    18.0
   104.157    31.650    10.865    34.000     0.020      12       5    16.0    18.0
   104.142    31.637    10.865    34.000     0.012       9       1    18.0    18.0
   104.128    31.624    10.865    34.000     0.032      18      29    20.0    18.0
   104.113    31.611    10.865    34.000     0.022      16      29    22.0    18.0
   104.099    31.598    10.865    34.000     0.019      15      19    24.0    18.0
   104.085    31.585    10.865    34.000     0.011      14      21    26.0    18.0
   104.070    31.571    10.865    34.000     0.002      12      28    28.0    18.0
   104.056    31.558    10.865    34.000     0.001       2      37    30.0    18.0
   104.041    31.545    10.865    34.000     0.001      15       2    32.0    18.0
   104.027    31.532    10.865    34.000     0.003      17       2    34.0    18.0
   104.013    31.519    10.865    34.000     0.003      18       2    36.0    18.0
   103.998    31.506    10.865    34.000     0.004      19       3    38.0    18.0
   103.984    31.492    10.865    34.000     0.002      18       5    40.0    18.0
   103.970    31.479    10.865    34.000     0.002      19      20    42.0    18.0
   103.955    31.466    10.865    34.000     0.004      20       5    44.0    18.0
   103.941    31.453    10.865    34.000     0.009      15      21    46.0    18.0
   103.926    31.440    10.865    34.000     0.024      15      28    48.0    18.0
   103.912    31.426    10.865    34.000     0.044      15      26    50.0    18.0
   103.898    31.413    10.865    34.000     0.022      12      26    52.0    18.0
   103.883    31.400    10.865    34.000     0.013      19      37    54.0    18.0
   103.869    31.387    10.865    34.000     0.014      20      37    56.0    18.0
   103.855    31.374    10.865    34.000     0.015      20      37    58.0    18.0
   103.840    31.361    10.865    34.000     0.003      20      37    60.0    18.0
   103.826    31.347    10.865    34.000     0.003       4       6    62.0    18.0
   103.812    31.334    10.865    34.000     0.009       6      30    64.0    18.0
   103.797    31.321    10.865    34.000     0.008       7      31    66.0    18.0
   103.783    31.308    10.865    34.000     0.009       4      29    68.0    18.0
   103.769    31.295    10.865    34.000     0.004      20       2    70.0    18.0
   103.754    31.281    10.865    34.000     0.003      20       2    72.0    18.0
   103.740    31.268    10.865    34.000     0.005      12       1    74.0    18.0
   103.726    31.255    10.865    34.000     0.006      19       4    76.0    18.0
   103.711    31.242    10.865    34.000     0.008      18       1    78.0    18.0
   104.285    31.745     9.747    34.000     0.004      20       5     0.0    16.0
   104.271    31.732     9.747    34.000     0.004      18      34     2.0    16.0
   104.256    31.719     9.747    34.000     0.007      18      34     4.0    16.0
   104.242    31.706     9.747    34.000     0.037      19      34     6.0    16.0
   104.227    31.693     9.747    34.000     0.017      20      34     8.0    16.0
   104.213    31.680     9.747    34.000     0.008      19      27    10.0    16.0
   104.198    31.666     9.747    34.000     0.003      20      29    12.0    16.0
   104.184    31.653     9.747    34.000     0.001      20       4    14.0    16.0
   104.169    31.640     9.747    34.000     0.003      20       4    16.0    16.0
   104.155    31.627     9.747    34.000     0.003      20       5    18.0    16.0
   104.141    31.614     9.747    34.000     0.007      20       9    20.0    16.0
   104.126    31.601     9.747    34.000     0.025      20      18    22.0    16.0
   104.112    31.587     9.747    34.000     0.014      20      24    24.0    16.0
   104.097    31.574     9.747    34.000     0.020      20      24    26.0    16.0
   104.083    31.561     9.747    34.000     0.004      20      18    28.0    16.0
   104.069    31.548     9.747    34.000     0.001      19      18    30.0    16.0
   104.054    31.535     9.747    34.000     0.001      13       1    32.0    16.0
   104.040    31.522     9.747    34.000     0.004      16       1    34.0    16.0
   104.025    31.508     9.747    34.000     0.002      18       1    36.0    16.0
   104.011    31.495     9.747    34.000     0.004      18       1    38.0    16.0
   103.997    31.482     9.747    34.000     0.005      19       4    40.0    16.0
   103.982    31.469     9.747    34.000     0.006      15       1    42.0    16.0
   103.968    31.456     9.747    34.000     0.004      19       7    44.0    16.0
   103.954    31.443     9.747    34.000     0.003      19      20    46.0    16.0
   103.939    31.429     9.747    34.000     0.008      19      28    48.0    16.0
   103.925    31.416     9.747    34.000     0.011      19      32    50.0    16.0
   103.910    31.403     9.747    34.000     0.005      16      23    52.0    16.0
   103.896    31.390     9.747    34.000     0.003      10      16    54.0    16.0
   103.882    31.377     9.747    34.000     0.003      15      32    56.0    16.0
   103.867    31.364     9.747    34.000     0.002      15      36    58.0    16.0
   103.853    31.350     9.747    34.000     0.006       6       3    60.0    16.0
   103.839    31.337     9.747    34.000     0.010       6       6    62.0    16.0
   103.824    31.324     9.747    34.000     0.009       6       7    64.0    16.0
   103.810    31.311     9.747    34.000     0.005       8       1    66.0    16.0
   103.796    31.298     9.747    34.000     0.004       3      29    68.0    16.0
   103.781    31.284     9.747    34.000     0.008       2      29    70.0    16.0
   103.767    31.271     9.747    34.000     0.004       3      29    72.0    16.0
   103.753    31.258     9.747    34.000     0.006       2      27    74.0    16.0
   103.738    31.245     9.747    34.000     0.007      18       1    76.0    16.0
   103.724    31.232     9.747    34.000     0.016      20       1    78.0    16.0
   104.298    31.735     8.629    34.000     0.004       8      25     0.0    14.0
   104.283    31.722     8.629    34.000     0.003       6      25     2.0    14.0
   104.269    31.709     8.629    34.000     0.001       1       2     4.0    14.0
   104.254    31.696     8.629    34.000     0.009       1       4     6.0    14.0
   104.240    31.682     8.629    34.000     0.007       1       2     8.0    14.0
   104.226    31.669     8.629    34.000     0.007       4       3    10.0    14.0
   104.211    31.656     8.629    34.000     0.023       6       1    12.0    14.0
   104.197    31.643     8.629    34.000     0.035       6       1    14.0    14.0
   104.182    31.630     8.629    34.000     0.008       4       1    16.0    14.0
   104.168    31.617     8.629    34.000     0.007       3       1    18.0    14.0
   104.153    31.604     8.629    34.000     0.009       5       1    20.0    14.0
   104.139    31.590     8.629    34.000     0.002       3       1    22.0    14.0
   104.125    31.577     8.629    34.000     0.002      20      30    24.0    14.0
   104.110    31.564     8.629    34.000     0.003       4      35    26.0    14.0
   104.096    31.551     8.629    34.000     0.003       2      33    28.0    14.0
   104.081    31.538     8.629    34.000     0.003      20      20    30.0    14.0
   104.067    31.525     8.629    34.000     0.006      20       9    32.0    14.0
   104.053    31.511     8.629    34.000     0.005      17       9    34.0    14.0
   104.038    31.498     8.629    34.000     0.002       4       1    36.0    14.0
   104.024    31.485     8.629    34.000     0.002       1       2    38.0    14.0
   104.009    31.472     8.629    34.000     0.008       1       2    40.0    14.0
   103.995    31.459     8.629    34.000     0.007       2       2    42.0    14.0
   103.981    31.446     8.629    34.000     0.002       1       1    44.0    14.0
   103.966    31.432     8.629    34.000     0.002       1       1    46.0    14.0
   103.952    31.419     8.629    34.000     0.000      20      10    48.0    14.0
   103.938    31.406     8.629    34.000     0.002      20      31    50.0    14.0
   103.923    31.393     8.629    34.000     0.005      20      30    52.0    14.0
   103.909    31.380     8.629    34.000     0.004      19      30    54.0    14.0
   103.894    31.366     8.629    34.000     0.010      19      30    56.0    14.0
   103.880    31.353     8.629    34.000     0.012      19      32    58.0    14.0
   103.866    31.340     8.629    34.000     0.007      20      26    60.0    14.0
   103.851    31.327     8.629    34.000     0.005      20      29    62.0    14.0
   103.837    31.314     8.629    34.000     0.003      12       1    64.0    14.0
   103.823    31.301     8.629    34.000     0.002       1      36    66.0    14.0
   103.808    31.287     8.629    34.000     0.004      16       1    68.0    14.0
   103.794    31.274     8.629    34.000     0.003      17       1    70.0    14.0
   103.780    31.261     8.629    34.000     0.007      16       1    72.0    14.0
   103.766    31.248     8.629    34.000     0.002       1      32    74.0    14.0
   103.751    31.235     8.629    34.000     0.006       1      29    76.0    14.0
   103.737    31.221     8.629    34.000     0.011       1      31    78.0    14.0
   104.310    31.725     7.510    34.000     0.012       9      24     0.0    12.0
   104.296    31.712     7.510    34.000     0.006      10      28     2.0    12.0
   104.282    31.698     7.510    34.000     0.013       2       2     4.0    12.0
   104.267    31.685     7.510    34.000     0.015       2       2     6.0    12.0
   104.253    31.672     7.510    34.000     0.007       5       2     8.0    12.0
   104.238    31.659     7.510    34.000     0.006       4       1    10.0    12.0
   104.224    31.646     7.510    34.000     0.003      10       1    12.0    12.0
   104.209    31.633     7.510    34.000     0.029      20      36    14.0    12.0
   104.195    31.620     7.510    34.000     0.019      20      36    16.0    12.0
   104.181    31.606     7.510    34.000     0.008      18      37    18.0    12.0
   104.166    31.593     7.510    34.000     0.014      16      37    20.0    12.0
   104.152    31.580     7.510    34.000     0.014      15      37    22.0    12.0
   104.137    31.567     7.510    34.000     0.024      14      37    24.0    12.0
   104.123    31.554     7.510    34.000     0.019      13      37    26.0    12.0
   104.108    31.541     7.510    34.000     0.012      12      37    28.0    12.0
   104.094    31.528     7.510    34.000     0.017      19      11    30.0    12.0
   104.080    31.514     7.510    34.000     0.022      19      11    32.0    12.0
   104.065    31.501     7.510    34.000     0.012      17      13    34.0    12.0
   104.051    31.488     7.510    34.000     0.007      16      10    36.0    12.0
   104.037    31.475     7.510    34.000     0.006      13       7    38.0    12.0
   104.022    31.462     7.510    34.000     0.003      15       2    40.0    12.0
   104.008    31.449     7.510    34.000     0.003      14       1    42.0    12.0
   103.993    31.435     7.510    34.000     0.003      19       3    44.0    12.0
   103.979    31.422     7.510    34.000     0.002      18       2    46.0    12.0
   103.965    31.409     7.510    34.000     0.001      18       2    48.0    12.0
   103.950    31.396     7.510    34.000     0.001      20      11    50.0    12.0
   103.936    31.383     7.510    34.000     0.002      20      11    52.0    12.0
   103.922    31.369     7.510    34.000     0.004      20      29    54.0    12.0
   103.907    31.356     7.510    34.000     0.019      19      25    56.0    12.0
   103.893    31.343     7.510    34.000     0.023      19      32    58.0    12.0
   103.879    31.330     7.510    34.000     0.033      19      29    60.0    12.0
   103.864    31.317     7.510    34.000     0.031      20      32    62.0    12.0
   103.850    31.304     7.510    34.000     0.030      20      33    64.0    12.0
   103.836    31.290     7.510    34.000     0.008      19      33    66.0    12.0
   103.821    31.277     7.510    34.000     0.005      19       7    68.0    12.0
   103.807    31.264     7.510    34.000     0.012       2      37    70.0    12.0
   103.793    31.251     7.510    34.000     0.018       2      37    72.0    12.0
   103.778    31.238     7.510    34.000     0.017       2      37    74.0    12.0
   103.764    31.224     7.510    34.000     0.022       4      37    76.0    12.0
   103.750    31.211     7.510    34.000     0.016       2      37    78.0    12.0
   104.323    31.715     6.392    34.000     0.016       8      30     0.0    10.0
   104.309    31.701     6.392    34.000     0.025       8      32     2.0    10.0
   104.294    31.688     6.392    34.000     0.015       9      24     4.0    10.0
   104.280    31.675     6.392    34.000     0.007      11      28     6.0    10.0
   104.265    31.662     6.392    34.000     0.006      13      32     8.0    10.0
   104.251    31.649     6.392    34.000     0.006      12      29    10.0    10.0
   104.237    31.636     6.392    34.000     0.004       3       5    12.0    10.0
   104.222    31.623     6.392    34.000     0.004       6       1    14.0    10.0
   104.208    31.609     6.392    34.000     0.006       7       1    16.0    10.0
   104.193    31.596     6.392    34.000     0.004      10       3    18.0    10.0
   104.179    31.583     6.392    34.000     0.006      13       3    20.0    10.0
   104.164    31.570     6.392    34.000     0.006      12       3    22.0    10.0
   104.150    31.557     6.392    34.000     0.005      11       3    24.0    10.0
   104.136    31.544     6.392    34.000     0.003       6       1    26.0    10.0
   104.121    31.530     6.392    34.000     0.006      17      28    28.0    10.0
   104.107    31.517     6.392    34.000     0.009      17      32    30.0    10.0
   104.092    31.504     6.392    34.000     0.011      17      29    32.0    10.0
   104.078    31.491     6.392    34.000     0.007      10      28    34.0    10.0
   104.064    31.478     6.392    34.000     0.008      10      22    36.0    10.0
   104.049    31.465     6.392    34.000     0.005       9      22    38.0    10.0
   104.035    31.451     6.392    34.000     0.008      20       2    40.0    10.0
   104.020    31.438     6.392    34.000     0.012      19       2    42.0    10.0
   104.006    31.425     6.392    34.000     0.018       2      37    44.0    10.0
   103.992    31.412     6.392    34.000     0.008       3      37    46.0    10.0
   103.977    31.399     6.392    34.000     0.003       1      37    48.0    10.0
   103.963    31.386     6.392    34.000     0.001      14      37    50.0    10.0
   103.949    31.372     6.392    34.000     0.004      12      37    52.0    10.0
   103.934    31.359     6.392    34.000     0.007      11      37    54.0    10.0
   103.920    31.346     6.392    34.000     0.006      10      37    56.0    10.0
   103.906    31.333     6.392    34.000     0.002      18      27    58.0    10.0
   103.891    31.320     6.392    34.000     0.009      17      24    60.0    10.0
   103.877    31.307     6.392    34.000     0.012      18      22    62.0    10.0
   103.863    31.293     6.392    34.000     0.012      18      23    64.0    10.0
   103.848    31.280     6.392    34.000     0.006      12       1    66.0    10.0
   103.834    31.267     6.392    34.000     0.007       1      37    68.0    10.0
   103.820    31.254     6.392    34.000     0.016       1      37    70.0    10.0
   103.805    31.241     6.392    34.000     0.002      20       2    72.0    10.0
   103.791    31.227     6.392    34.000     0.003      20      13    74.0    10.0
   103.777    31.214     6.392    34.000     0.005       4      37    76.0    10.0
   103.762    31.201     6.392    34.000     0.003      14      24    78.0    10.0
   104.336    31.704     5.274    34.000     0.002       1       1     0.0     8.0
   104.322    31.691     5.274    34.000     0.004       9      36     2.0     8.0
   104.307    31.678     5.274    34.000     0.002       8      35     4.0     8.0
   104.293    31.665     5.274    34.000     0.003      11      22     6.0     8.0
   104.278    31.652     5.274    34.000     0.003      14      23     8.0     8.0
   104.264    31.639     5.274    34.000     0.005      14      24    10.0     8.0
   104.249    31.625     5.274    34.000     0.004       5       1    12.0     8.0
   104.235    31.612     5.274    34.000     0.005       3       1    14.0     8.0
   104.220    31.599     5.274    34.000     0.006       3       1    16.0     8.0
   104.206    31.586     5.274    34.000     0.002       5       1    18.0     8.0
   104.192    31.573     5.274    34.000     0.013      16       6    20.0     8.0
   104.177    31.560     5.274    34.000     0.046      18       7    22.0     8.0
   104.163    31.547     5.274    34.000     0.067      17       7    24.0     8.0
   104.148    31.533     5.274    34.000     0.049      15       6    26.0     8.0
   104.134    31.520     5.274    34.000     0.040      16       5    28.0     8.0
   104.120    31.507     5.274    34.000     0.016      16       4    30.0     8.0
   104.105    31.494     5.274    34.000     0.004      16       5    32.0     8.0
   104.091    31.481     5.274    34.000     0.004      11      28    34.0     8.0
   104.076    31.468     5.274    34.000     0.006       8      37    36.0     8.0
   104.062    31.454     5.274    34.000     0.015       8      36    38.0     8.0
   104.048    31.441     5.274    34.000     0.015       7      33    40.0     8.0
   104.033    31.428     5.274    34.000     0.013      10      34    42.0     8.0
   104.019    31.415     5.274    34.000     0.009       9      37    44.0     8.0
   104.004    31.402     5.274    34.000     0.006      11      37    46.0     8.0
   103.990    31.389     5.274    34.000     0.002       8      32    48.0     8.0
   103.976    31.375     5.274    34.000     0.001       5      20    50.0     8.0
   103.961    31.362     5.274    34.000     0.001      11      11    52.0     8.0
   103.947    31.349     5.274    34.000     0.000       9      12    54.0     8.0
   103.933    31.336     5.274    34.000     0.001       6       1    56.0     8.0
   103.918    31.323     5.274    34.000     0.003       6       1    58.0     8.0
   103.904    31.310     5.274    34.000     0.006      12      37    60.0     8.0
   103.890    31.296     5.274    34.000     0.012       1       1    62.0     8.0
   103.875    31.283     5.274    34.000     0.019       1       1    64.0     8.0
   103.861    31.270     5.274    34.000     0.018      19      14    66.0     8.0
   103.847    31.257     5.274    34.000     0.008      18      15    68.0     8.0
   103.832    31.244     5.274    34.000     0.004      20      14    70.0     8.0
   103.818    31.230     5.274    34.000     0.002      18      14    72.0     8.0
   103.804    31.217     5.274    34.000     0.002       1       1    74.0     8.0
   103.789    31.204     5.274    34.000     0.001      19      26    76.0     8.0
   103.775    31.191     5.274    34.000     0.002      20      37    78.0     8.0
   104.349    31.694     4.155    34.000     0.006       1      35     0.0     6.0
   104.334    31.681     4.155    34.000     0.003       1      35     2.0     6.0
   104.320    31.668     4.155    34.000     0.002       4      35     4.0     6.0
   104.305    31.655     4.155    34.000     0.005       4      35     6.0     6.0
   104.291    31.641     4.155    34.000     0.004       4      35     8.0     6.0
   104.276    31.628     4.155    34.000     0.005       2      35    10.0     6.0
   104.262    31.615     4.155    34.000     0.004       2      35    12.0     6.0
   104.248    31.602     4.155    34.000     0.012      20      20    14.0     6.0
   104.233    31.589     4.155    34.000     0.014      20      13    16.0     6.0
   104.219    31.576     4.155    34.000     0.019      20      20    18.0     6.0
   104.204    31.563     4.155    34.000     0.015      20      19    20.0     6.0
   104.190    31.549     4.155    34.000     0.011      20       6    22.0     6.0
   104.175    31.536     4.155    34.000     0.004      19       6    24.0     6.0
   104.161    31.523     4.155    34.000     0.004       8       1    26.0     6.0
   104.147    31.510     4.155    34.000     0.004       6       1    28.0     6.0
   104.132    31.497     4.155    34.000     0.004       1      25    30.0     6.0
   104.118    31.484     4.155    34.000     0.007       3      21    32.0     6.0
   104.103    31.471     4.155    34.000     0.010       2      22    34.0     6.0
   104.089    31.457     4.155    34.000     0.013       1      12    36.0     6.0
   104.075    31.444     4.155    34.000     0.014       3      11    38.0     6.0
   104.060    31.431     4.155    34.000     0.022       2       1    40.0     6.0
   104.046    31.418     4.155    34.000     0.013       2       1    42.0     6.0
   104.032    31.405     4.155    34.000     0.006      10      30    44.0     6.0
   104.017    31.392     4.155    34.000     0.003       1       1    46.0     6.0
   104.003    31.378     4.155    34.000     0.005       5      32    48.0     6.0
   103.988    31.365     4.155    34.000     0.014       3      34    50.0     6.0
   103.974    31.352     4.155    34.000     0.021       2      34    52.0     6.0
   103.960    31.339     4.155    34.000     0.031       2      34    54.0     6.0
   103.945    31.326     4.155    34.000     0.014       2      34    56.0     6.0
   103.931    31.312     4.155    34.000     0.006      20      11    58.0     6.0
   103.917    31.299     4.155    34.000     0.005      19      10    60.0     6.0
   103.902    31.286     4.155    34.000     0.008      20      36    62.0     6.0
   103.888    31.273     4.155    34.000     0.018      19      36    64.0     6.0
   103.874    31.260     4.155    34.000     0.027      17      36    66.0     6.0
   103.859    31.247     4.155    34.000     0.024      17      36    68.0     6.0
   103.845    31.233     4.155    34.000     0.035       2       1    70.0     6.0
   103.831    31.220     4.155    34.000     0.037       4       1    72.0     6.0
   103.816    31.207     4.155    34.000     0.052       5       1    74.0     6.0
   103.802    31.194     4.155    34.000     0.024       6       2    76.0     6.0
   103.788    31.181     4.155    34.000     0.017       6       1    78.0     6.0
   104.361    31.684     3.037    34.000     0.011       1      32     0.0     4.0
   104.347    31.671     3.037    34.000     0.011       2      30     2.0     4.0
   104.333    31.657     3.037    34.000     0.005       2      33     4.0     4.0
   104.318    31.644     3.037    34.000     0.005      12       6     6.0     4.0
   104.304    31.631     3.037    34.000     0.004       9      15     8.0     4.0
   104.289    31.618     3.037    34.000     0.009       1       3    10.0     4.0
   104.275    31.605     3.037    34.000     0.023       8      35    12.0     4.0
   104.260    31.592     3.037    34.000     0.029      10      36    14.0     4.0
   104.246    31.579     3.037    34.000     0.007      15      24    16.0     4.0
   104.231    31.566     3.037    34.000     0.008      16      26    18.0     4.0
   104.217    31.552     3.037    34.000     0.003      17      27    20.0     4.0
   104.203    31.539     3.037    34.000     0.007       1      34    22.0     4.0
   104.188    31.526     3.037    34.000     0.002       1      34    24.0     4.0
   104.174    31.513     3.037    34.000     0.001       1      18    26.0     4.0
   104.159    31.500     3.037    34.000     0.007       1      19    28.0     4.0
   104.145    31.487     3.037    34.000     0.011       1      10    30.0     4.0
   104.131    31.473     3.037    34.000     0.010       1       8    32.0     4.0
   104.116    31.460     3.037    34.000     0.005       1       8    34.0     4.0
   104.102    31.447     3.037    34.000     0.003       2      26    36.0     4.0
   104.087    31.434     3.037    34.000     0.003      14       1    38.0     4.0
   104.073    31.421     3.037    34.000     0.008      13       1    40.0     4.0
   104.059    31.408     3.037    34.000     0.008      11       1    42.0     4.0
   104.044    31.394     3.037    34.000     0.010      19      21    44.0     4.0
   104.030    31.381     3.037    34.000     0.015      17      21    46.0     4.0
   104.016    31.368     3.037    34.000     0.018      16      16    48.0     4.0
   104.001    31.355     3.037    34.000     0.015      15      19    50.0     4.0
   103.987    31.342     3.037    34.000     0.012      12      28    52.0     4.0
   103.972    31.329     3.037    34.000     0.022      13      34    54.0     4.0
   103.958    31.315     3.037    34.000     0.028      13      31    56.0     4.0
   103.944    31.302     3.037    34.000     0.032      13      31    58.0     4.0
   103.929    31.289     3.037    34.000     0.030      11      31    60.0     4.0
   103.915    31.276     3.037    34.000     0.013      10      32    62.0     4.0
   103.901    31.263     3.037    34.000     0.005       6      25    64.0     4.0
   103.886    31.250     3.037    34.000     0.006       3      34    66.0     4.0
   103.872    31.236     3.037    34.000     0.015      11       4    68.0     4.0
   103.858    31.223     3.037    34.000     0.040      10       3    70.0     4.0
   103.843    31.210     3.037    34.000     0.012       9       3    72.0     4.0
   103.829    31.197     3.037    34.000     0.014       1      34    74.0     4.0
   103.815    31.184     3.037    34.000     0.009       1      34    76.0     4.0
   103.801    31.170     3.037    34.000     0.005       8       1    78.0     4.0
   104.374    31.674     1.918    34.000     0.004      17       9     0.0     2.0
   104.360    31.660     1.918    34.000     0.004      17       2     2.0     2.0
   104.345    31.647     1.918    34.000     0.003      17       2     4.0     2.0
   104.331    31.634     1.918    34.000     0.002       3      21     6.0     2.0
   104.316    31.621     1.918    34.000     0.002       5       7     8.0     2.0
   104.302    31.608     1.918    34.000     0.002       2      16    10.0     2.0
   104.287    31.595     1.918    34.000     0.004      11       8    12.0     2.0
   104.273    31.582     1.918    34.000     0.017      12      11    14.0     2.0
   104.259    31.568     1.918    34.000     0.033      11      15    16.0     2.0
   104.244    31.555     1.918    34.000     0.027      11      24    18.0     2.0
   104.230    31.542     1.918    34.000     0.015      11      34    20.0     2.0
   104.215    31.529     1.918    34.000     0.016      10      34    22.0     2.0
   104.201    31.516     1.918    34.000     0.007      11      35    24.0     2.0
   104.187    31.503     1.918    34.000     0.004      13      36    26.0     2.0
   104.172    31.490     1.918    34.000     0.002      11      36    28.0     2.0
   104.158    31.476     1.918    34.000     0.002      11      36    30.0     2.0
   104.143    31.463     1.918    34.000     0.002       4      37    32.0     2.0
   104.129    31.450     1.918    34.000     0.005       4      37    34.0     2.0
   104.115    31.437     1.918    34.000     0.003       3      37    36.0     2.0
   104.100    31.424     1.918    34.000     0.011      20       1    38.0     2.0
   104.086    31.411     1.918    34.000     0.015      20       1    40.0     2.0
   104.071    31.397     1.918    34.000     0.014      17       4    42.0     2.0
   104.057    31.384     1.918    34.000     0.009      20       1    44.0     2.0
   104.043    31.371     1.918    34.000     0.004      14       2    46.0     2.0
   104.028    31.358     1.918    34.000     0.005      14       5    48.0     2.0
   104.014    31.345     1.918    34.000     0.006      11       3    50.0     2.0
   104.000    31.332     1.918    34.000     0.015      10       2    52.0     2.0
   103.985    31.318     1.918    34.000     0.022      11       3    54.0     2.0
   103.971    31.305     1.918    34.000     0.017      12       3    56.0     2.0
   103.957    31.292     1.918    34.000     0.015       7       3    58.0     2.0
   103.942    31.279     1.918    34.000     0.017       8       3    60.0     2.0
   103.928    31.266     1.918    34.000     0.024      13      23    62.0     2.0
   103.914    31.253     1.918    34.000     0.033      11      23    64.0     2.0
   103.899    31.239     1.918    34.000     0.024      12      33    66.0     2.0
   103.885    31.226     1.918    34.000     0.016      12      34    68.0     2.0
   103.871    31.213     1.918    34.000     0.009      12      36    70.0     2.0
   103.856    31.200     1.918    34.000     0.006      11      36    72.0     2.0
   103.842    31.187     1.918    34.000     0.002      12      37    74.0     2.0
   103.828    31.173     1.918    34.000     0.002      10      37    76.0     2.0
   103.813    31.160     1.918    34.000     0.002       1      10    78.0     2.0
   104.387    31.663     0.800    34.000     0.061      17      35     0.0     0.0
   104.372    31.650     0.800    34.000     0.033      19      36     2.0     0.0
   104.358    31.637     0.800    34.000     0.023      20      36     4.0     0.0
   104.344    31.624     0.800    34.000     0.007       4      15     6.0     0.0
   104.329    31.611     0.800    34.000     0.008       8      37     8.0     0.0
   104.315    31.598     0.800    34.000     0.030      10      35    10.0     0.0
   104.300    31.584     0.800    34.000     0.025       9      35    12.0     0.0
   104.286    31.571     0.800    34.000     0.023       7      37    14.0     0.0
   104.271    31.558     0.800    34.000     0.024      13      21    16.0     0.0
   104.257    31.545     0.800    34.000     0.014      12      24    18.0     0.0
   104.242    31.532     0.800    34.000     0.006      10       7    20.0     0.0
   104.228    31.519     0.800    34.000     0.008       9       8    22.0     0.0
   104.214    31.506     0.800    34.000     0.006       4       3    24.0     0.0
   104.199    31.492     0.800    34.000     0.004       4       3    26.0     0.0
   104.185    31.479     0.800    34.000     0.003      19       6    28.0     0.0
   104.170    31.466     0.800    34.000     0.007      18       5    30.0     0.0
   104.156    31.453     0.800    34.000     0.011      16       1    32.0     0.0
   104.142    31.440     0.800    34.000     0.012       1      31    34.0     0.0
   104.127    31.427     0.800    34.000     0.015       2      37    36.0     0.0
   104.113    31.414     0.800    34.000     0.030       2      37    38.0     0.0
   104.099    31.400     0.800    34.000     0.006       1      37    40.0     0.0
   104.084    31.387     0.800    34.000     0.007      15      29    42.0     0.0
   104.070    31.374     0.800    34.000     0.009      15      30    44.0     0.0
   104.055    31.361     0.800    34.000     0.007      12      30    46.0     0.0
   104.041    31.348     0.800    34.000     0.002      11      28    48.0     0.0
   104.027    31.335     0.800    34.000     0.002      20       1    50.0     0.0
   104.012    31.321     0.800    34.000     0.007      19       1    52.0     0.0
   103.998    31.308     0.800    34.000     0.014      18       1    54.0     0.0
   103.984    31.295     0.800    34.000     0.026      19       1    56.0     0.0
   103.969    31.282     0.800    34.000     0.051      19       1    58.0     0.0
   103.955    31.269     0.800    34.000     0.021      19       1    60.0     0.0
   103.941    31.255     0.800    34.000     0.016      14      10    62.0     0.0
   103.926    31.242     0.800    34.000     0.030      15      29    64.0     0.0
   103.912    31.229     0.800    34.000     0.022      14      28    66.0     0.0
   103.898    31.216     0.800    34.000     0.011      15      30    68.0     0.0
   103.883    31.203     0.800    34.000     0.008      20      36    70.0     0.0
   103.869    31.190     0.800    34.000     0.009      20      36    72.0     0.0
   103.855    31.176     0.800    34.000     0.007      17      36    74.0     0.0
   103.840    31.163     0.800    34.000     0.007      11       4    76.0     0.0
   103.826    31.150     0.800    34.000     0.003      12       3    78.0     0.0
