   0.00000000      0.229952365      0.191000000      0.616999984    
   2.00000000      0.259999990      0.213000000      0.639999986    
   4.00000000      0.273809552      0.244000003      0.791000009    
   6.00000000      0.240190476      0.194000006      0.676999986    
   8.00000000      0.196380928      0.177000001      0.363999993    
   10.0000000      0.192095235      0.192000002      0.319000006    
   12.0000000      0.165000007      0.143999994      0.340000004    
   14.0000000      0.158285722      0.142000005      0.248999998    
   16.0000000      0.152714297      0.148000002      0.319000006    
   18.0000000      0.138666660      0.112999998      0.282999992    
   20.0000000      0.129619047      0.112999998      0.338000000    
   22.0000000      0.118619032      0.105999999      0.240999997    
   24.0000000      0.121571414      0.101999998      0.228000000    
   26.0000000      0.121238098      0.111000001      0.280000001    
   28.0000000      0.121904761      0.107000001      0.326999992    
   30.0000000      0.138047621      0.126000002      0.317000002    
   32.0000000      0.140523791      0.127000004      0.261999995    
   34.0000000      0.145761892      0.136999995      0.263999999    
   36.0000000      0.142904788      0.143000007      0.231999993    
   38.0000000      0.126190484      0.119999997      0.203999996    
   40.0000000      0.125095233      0.115999997      0.243000001    
   42.0000000      0.141380951      0.144999996      0.272000015    
   44.0000000      0.159333333      0.150999993      0.335000008    
   46.0000000      0.151619047      0.136999995      0.314999998    
   48.0000000      0.154857129      0.141000003      0.266999990    
   50.0000000      0.154809535      0.147000000      0.312000006    
   52.0000000      0.146142855      0.123999998      0.377999991    
   54.0000000      0.160047621      0.130999997      0.476999998    
   56.0000000      0.181142852      0.152999997      0.449999988    
   58.0000000      0.189000010      0.133000001      0.614000022    
   60.0000000      0.169571429      0.144999996      0.509999990    
   62.0000000      0.156952411      0.141000003      0.535000026    
   64.0000000      0.126714289      0.112000003      0.335000008    
