   0.00000000      0.157428563      0.151999995      0.300000012    
   2.00000000      0.151857153      0.128999993      0.365000010    
   4.00000000      0.163380936      0.119999997      0.513000011    
   6.00000000      0.144190460      0.126000002      0.344999999    
   8.00000000      0.143666670      0.130999997      0.287000000    
   10.0000000      0.137333319      0.133000001      0.310999990    
   12.0000000      0.124095246      0.101999998      0.263000011    
   14.0000000      0.125476182      0.112999998      0.280999988    
   16.0000000      0.126047626      0.116999999      0.263999999    
   18.0000000      0.131190464      0.119000003      0.246000007    
   20.0000000      0.126714304      0.111000001      0.238999993    
   22.0000000      0.130476177      0.140000001      0.189999998    
   24.0000000      0.127619058      0.108999997      0.238000005    
   26.0000000      0.133857131      0.125000000      0.275000006    
   28.0000000      0.150523826      0.131999999      0.250000000    
   30.0000000      0.133714288      0.135000005      0.244000003    
   32.0000000      0.128380969      0.114000000      0.229000002    
   34.0000000      0.132857144      0.111000001      0.347999990    
   36.0000000      0.144142851      0.119999997      0.354999989    
   38.0000000      0.135523811      0.122000001      0.300999999    
   40.0000000      0.131285712      0.123999998      0.213000000    
   42.0000000      0.112000011      0.101000004      0.250000000    
   44.0000000      0.111142859      0.104999997      0.192000002    
   46.0000000      0.114190467      0.114000000      0.215000004    
   48.0000000      0.108333327      0.105999999      0.163000003    
   50.0000000      0.106714286       9.30000022E-02  0.175999999    
   52.0000000      0.120142847      0.123999998      0.230000004    
   54.0000000      0.114285707      0.101000004      0.213000000    
   56.0000000      0.111285724      0.115000002      0.187000006    
   58.0000000      0.119238116      0.107000001      0.189999998    
   60.0000000      0.123571433      0.137999997      0.186000004    
   62.0000000      0.128857151      0.112999998      0.238000005    
   64.0000000      0.149476171      0.136000007      0.247999996    
   66.0000000      0.154761910      0.128999993      0.252999991    
   68.0000000      0.141761899      0.134000003      0.234999999    
   70.0000000      0.159904763      0.145999998      0.312999994    
   72.0000000      0.196142852      0.171000004      0.442999989    
   74.0000000      0.212476209      0.160999998      0.759000003    
   76.0000000      0.200809509      0.174999997      0.759999990    
   78.0000000      0.194047630      0.165999994      0.439999998    
