   104.700    32.381    33.161    54.000     0.024       5       3     0.0    40.0
   104.685    32.368    33.161    54.000     0.022       4       4     2.0    40.0
   104.670    32.355    33.161    54.000     0.011       5       6     4.0    40.0
   104.655    32.342    33.161    54.000     0.009       2      33     6.0    40.0
   104.641    32.329    33.161    54.000     0.025       7       8     8.0    40.0
   104.626    32.316    33.161    54.000     0.033       2      33    10.0    40.0
   104.611    32.303    33.161    54.000     0.014       2      31    12.0    40.0
   104.596    32.290    33.161    54.000     0.010       3      31    14.0    40.0
   104.581    32.278    33.161    54.000     0.009       5      14    16.0    40.0
   104.567    32.265    33.161    54.000     0.011       8      36    18.0    40.0
   104.552    32.252    33.161    54.000     0.012       8      36    20.0    40.0
   104.537    32.239    33.161    54.000     0.012       9      30    22.0    40.0
   104.522    32.226    33.161    54.000     0.018       1       1    24.0    40.0
   104.508    32.213    33.161    54.000     0.019       1       1    26.0    40.0
   104.493    32.200    33.161    54.000     0.010       1       1    28.0    40.0
   104.478    32.187    33.161    54.000     0.020       7      23    30.0    40.0
   104.463    32.174    33.161    54.000     0.024       8      27    32.0    40.0
   104.449    32.161    33.161    54.000     0.017       8      27    34.0    40.0
   104.434    32.148    33.161    54.000     0.012       7      20    36.0    40.0
   104.419    32.135    33.161    54.000     0.009       8      31    38.0    40.0
   104.404    32.122    33.161    54.000     0.017       6      32    40.0    40.0
   104.390    32.109    33.161    54.000     0.015       2      35    42.0    40.0
   104.375    32.096    33.161    54.000     0.044       4      33    44.0    40.0
   104.360    32.083    33.161    54.000     0.034       6      34    46.0    40.0
   104.346    32.070    33.161    54.000     0.027       3      33    48.0    40.0
   104.331    32.057    33.161    54.000     0.022       2      36    50.0    40.0
   104.316    32.044    33.161    54.000     0.007      10       3    52.0    40.0
   104.301    32.031    33.161    54.000     0.004      18      32    54.0    40.0
   104.287    32.018    33.161    54.000     0.008      20      31    56.0    40.0
   104.272    32.005    33.161    54.000     0.005      20      32    58.0    40.0
   104.257    31.992    33.161    54.000     0.004      15      30    60.0    40.0
   104.243    31.979    33.161    54.000     0.003      18      32    62.0    40.0
   104.228    31.966    33.161    54.000     0.006      10       6    64.0    40.0
   104.709    32.374    31.543    54.000     0.022      16      37     0.0    38.0
   104.694    32.361    31.543    54.000     0.023       6       1     2.0    38.0
   104.679    32.348    31.543    54.000     0.023       5       1     4.0    38.0
   104.664    32.335    31.543    54.000     0.012      15      16     6.0    38.0
   104.649    32.322    31.543    54.000     0.007      12       8     8.0    38.0
   104.635    32.309    31.543    54.000     0.008      15       7    10.0    38.0
   104.620    32.296    31.543    54.000     0.004      16       7    12.0    38.0
   104.605    32.283    31.543    54.000     0.001      15       7    14.0    38.0
   104.590    32.270    31.543    54.000     0.002       1      27    16.0    38.0
   104.576    32.257    31.543    54.000     0.003       1      18    18.0    38.0
   104.561    32.244    31.543    54.000     0.001       1       1    20.0    38.0
   104.546    32.231    31.543    54.000     0.002       1       1    22.0    38.0
   104.531    32.218    31.543    54.000     0.002       1       1    24.0    38.0
   104.517    32.205    31.543    54.000     0.003       2       1    26.0    38.0
   104.502    32.192    31.543    54.000     0.003       5       1    28.0    38.0
   104.487    32.179    31.543    54.000     0.006       9      20    30.0    38.0
   104.472    32.166    31.543    54.000     0.008      13      29    32.0    38.0
   104.458    32.154    31.543    54.000     0.013      12      31    34.0    38.0
   104.443    32.141    31.543    54.000     0.011      11      31    36.0    38.0
   104.428    32.128    31.543    54.000     0.024      11       9    38.0    38.0
   104.413    32.115    31.543    54.000     0.023      10      11    40.0    38.0
   104.399    32.102    31.543    54.000     0.022      13      14    42.0    38.0
   104.384    32.089    31.543    54.000     0.019       5      34    44.0    38.0
   104.369    32.076    31.543    54.000     0.009      10      29    46.0    38.0
   104.355    32.063    31.543    54.000     0.009       9      29    48.0    38.0
   104.340    32.050    31.543    54.000     0.003       4      27    50.0    38.0
   104.325    32.037    31.543    54.000     0.010       2      32    52.0    38.0
   104.310    32.024    31.543    54.000     0.008       2      30    54.0    38.0
   104.296    32.011    31.543    54.000     0.004       1      28    56.0    38.0
   104.281    31.998    31.543    54.000     0.002       1      31    58.0    38.0
   104.266    31.985    31.543    54.000     0.001       2      37    60.0    38.0
   104.252    31.972    31.543    54.000     0.002      19      12    62.0    38.0
   104.237    31.959    31.543    54.000     0.006      20      12    64.0    38.0
   104.718    32.366    29.925    54.000     0.019      18      31     0.0    36.0
   104.703    32.353    29.925    54.000     0.023      18      31     2.0    36.0
   104.688    32.340    29.925    54.000     0.053      16      17     4.0    36.0
   104.673    32.328    29.925    54.000     0.053      17      19     6.0    36.0
   104.658    32.315    29.925    54.000     0.056      17      36     8.0    36.0
   104.644    32.302    29.925    54.000     0.043      16      36    10.0    36.0
   104.629    32.289    29.925    54.000     0.038      19      35    12.0    36.0
   104.614    32.276    29.925    54.000     0.023      19      35    14.0    36.0
   104.599    32.263    29.925    54.000     0.004       1      27    16.0    36.0
   104.585    32.250    29.925    54.000     0.002       1      17    18.0    36.0
   104.570    32.237    29.925    54.000     0.001      19       2    20.0    36.0
   104.555    32.224    29.925    54.000     0.002      17       2    22.0    36.0
   104.540    32.211    29.925    54.000     0.005      18       2    24.0    36.0
   104.526    32.198    29.925    54.000     0.002      10      10    26.0    36.0
   104.511    32.185    29.925    54.000     0.013       9      11    28.0    36.0
   104.496    32.172    29.925    54.000     0.007       8       6    30.0    36.0
   104.481    32.159    29.925    54.000     0.005      19       2    32.0    36.0
   104.467    32.146    29.925    54.000     0.011      16      21    34.0    36.0
   104.452    32.133    29.925    54.000     0.016      14      25    36.0    36.0
   104.437    32.120    29.925    54.000     0.023      13      20    38.0    36.0
   104.422    32.107    29.925    54.000     0.016      16       8    40.0    36.0
   104.408    32.094    29.925    54.000     0.021      16      26    42.0    36.0
   104.393    32.081    29.925    54.000     0.047      16      31    44.0    36.0
   104.378    32.068    29.925    54.000     0.041      18      33    46.0    36.0
   104.364    32.055    29.925    54.000     0.031      18      32    48.0    36.0
   104.349    32.042    29.925    54.000     0.029      11      37    50.0    36.0
   104.334    32.029    29.925    54.000     0.010       8      37    52.0    36.0
   104.319    32.016    29.925    54.000     0.008       6      37    54.0    36.0
   104.305    32.003    29.925    54.000     0.022       4      37    56.0    36.0
   104.290    31.990    29.925    54.000     0.028       5      37    58.0    36.0
   104.275    31.977    29.925    54.000     0.035       3      32    60.0    36.0
   104.261    31.964    29.925    54.000     0.010       1      37    62.0    36.0
   104.246    31.951    29.925    54.000     0.003       5      37    64.0    36.0
   104.727    32.359    28.307    54.000     0.007      14       5     0.0    34.0
   104.712    32.346    28.307    54.000     0.009      20      35     2.0    34.0
   104.697    32.333    28.307    54.000     0.012      19      36     4.0    34.0
   104.682    32.320    28.307    54.000     0.022      20      34     6.0    34.0
   104.667    32.307    28.307    54.000     0.024      18      35     8.0    34.0
   104.653    32.294    28.307    54.000     0.022      16      35    10.0    34.0
   104.638    32.281    28.307    54.000     0.024       2       1    12.0    34.0
   104.623    32.268    28.307    54.000     0.007      15      37    14.0    34.0
   104.608    32.255    28.307    54.000     0.002       1       2    16.0    34.0
   104.594    32.242    28.307    54.000     0.003      16      37    18.0    34.0
   104.579    32.230    28.307    54.000     0.001      15       7    20.0    34.0
   104.564    32.217    28.307    54.000     0.005      10       5    22.0    34.0
   104.549    32.204    28.307    54.000     0.010      12       6    24.0    34.0
   104.534    32.191    28.307    54.000     0.020      12       5    26.0    34.0
   104.520    32.178    28.307    54.000     0.010      13      15    28.0    34.0
   104.505    32.165    28.307    54.000     0.016      15      12    30.0    34.0
   104.490    32.152    28.307    54.000     0.020      12       9    32.0    34.0
   104.476    32.139    28.307    54.000     0.020      13      19    34.0    34.0
   104.461    32.126    28.307    54.000     0.018      13      14    36.0    34.0
   104.446    32.113    28.307    54.000     0.003      12      37    38.0    34.0
   104.431    32.100    28.307    54.000     0.006      11      37    40.0    34.0
   104.417    32.087    28.307    54.000     0.002      12      37    42.0    34.0
   104.402    32.074    28.307    54.000     0.004       1       3    44.0    34.0
   104.387    32.061    28.307    54.000     0.015      15      37    46.0    34.0
   104.372    32.048    28.307    54.000     0.027      15      37    48.0    34.0
   104.358    32.035    28.307    54.000     0.045      14      37    50.0    34.0
   104.343    32.022    28.307    54.000     0.059      13      37    52.0    34.0
   104.328    32.009    28.307    54.000     0.109      13      37    54.0    34.0
   104.314    31.996    28.307    54.000     0.101      12      37    56.0    34.0
   104.299    31.983    28.307    54.000     0.087      10      37    58.0    34.0
   104.284    31.970    28.307    54.000     0.051       9      37    60.0    34.0
   104.270    31.957    28.307    54.000     0.026       8      37    62.0    34.0
   104.255    31.944    28.307    54.000     0.013       7      37    64.0    34.0
   104.736    32.352    26.689    54.000     0.019       8      24     0.0    32.0
   104.721    32.339    26.689    54.000     0.007       4      23     2.0    32.0
   104.706    32.326    26.689    54.000     0.004       1       2     4.0    32.0
   104.691    32.313    26.689    54.000     0.009      11      37     6.0    32.0
   104.676    32.300    26.689    54.000     0.020       1       2     8.0    32.0
   104.662    32.287    26.689    54.000     0.022      14      37    10.0    32.0
   104.647    32.274    26.689    54.000     0.020      17      20    12.0    32.0
   104.632    32.261    26.689    54.000     0.014      12      34    14.0    32.0
   104.617    32.248    26.689    54.000     0.011      16      15    16.0    32.0
   104.602    32.235    26.689    54.000     0.008      16       8    18.0    32.0
   104.588    32.222    26.689    54.000     0.018      15       5    20.0    32.0
   104.573    32.209    26.689    54.000     0.023      14       4    22.0    32.0
   104.558    32.196    26.689    54.000     0.018      16      29    24.0    32.0
   104.543    32.183    26.689    54.000     0.011      15      29    26.0    32.0
   104.529    32.170    26.689    54.000     0.011      16      29    28.0    32.0
   104.514    32.157    26.689    54.000     0.007      18      22    30.0    32.0
   104.499    32.144    26.689    54.000     0.009      17       9    32.0    32.0
   104.484    32.131    26.689    54.000     0.007      20      12    34.0    32.0
   104.470    32.118    26.689    54.000     0.002      20      10    36.0    32.0
   104.455    32.105    26.689    54.000     0.001      18       4    38.0    32.0
   104.440    32.093    26.689    54.000     0.002       3       4    40.0    32.0
   104.426    32.080    26.689    54.000     0.011       3      11    42.0    32.0
   104.411    32.067    26.689    54.000     0.016       2      10    44.0    32.0
   104.396    32.054    26.689    54.000     0.004       9      34    46.0    32.0
   104.381    32.041    26.689    54.000     0.007      11      35    48.0    32.0
   104.367    32.028    26.689    54.000     0.019      12      35    50.0    32.0
   104.352    32.015    26.689    54.000     0.037      14      35    52.0    32.0
   104.337    32.002    26.689    54.000     0.038      13       9    54.0    32.0
   104.323    31.989    26.689    54.000     0.033      15      17    56.0    32.0
   104.308    31.976    26.689    54.000     0.024      16      37    58.0    32.0
   104.293    31.963    26.689    54.000     0.035       3       3    60.0    32.0
   104.279    31.950    26.689    54.000     0.021       4       2    62.0    32.0
   104.264    31.937    26.689    54.000     0.028       1      12    64.0    32.0
   104.745    32.344    25.071    54.000     0.025       3      26     0.0    30.0
   104.730    32.331    25.071    54.000     0.024       4      25     2.0    30.0
   104.715    32.318    25.071    54.000     0.018       2      24     4.0    30.0
   104.700    32.305    25.071    54.000     0.011      14      35     6.0    30.0
   104.685    32.292    25.071    54.000     0.013      20      34     8.0    30.0
   104.671    32.279    25.071    54.000     0.028      20      32    10.0    30.0
   104.656    32.267    25.071    54.000     0.038      20      30    12.0    30.0
   104.641    32.254    25.071    54.000     0.019      18      22    14.0    30.0
   104.626    32.241    25.071    54.000     0.012      20      29    16.0    30.0
   104.611    32.228    25.071    54.000     0.008      19      32    18.0    30.0
   104.597    32.215    25.071    54.000     0.009      12       1    20.0    30.0
   104.582    32.202    25.071    54.000     0.009      12       1    22.0    30.0
   104.567    32.189    25.071    54.000     0.014       9       1    24.0    30.0
   104.552    32.176    25.071    54.000     0.010      11       1    26.0    30.0
   104.538    32.163    25.071    54.000     0.003      10       1    28.0    30.0
   104.523    32.150    25.071    54.000     0.002       2      37    30.0    30.0
   104.508    32.137    25.071    54.000     0.004       1      37    32.0    30.0
   104.493    32.124    25.071    54.000     0.002       1      37    34.0    30.0
   104.479    32.111    25.071    54.000     0.001       2      32    36.0    30.0
   104.464    32.098    25.071    54.000     0.001      14      35    38.0    30.0
   104.449    32.085    25.071    54.000     0.003      12      36    40.0    30.0
   104.435    32.072    25.071    54.000     0.005      13      34    42.0    30.0
   104.420    32.059    25.071    54.000     0.005      11      35    44.0    30.0
   104.405    32.046    25.071    54.000     0.004      14      35    46.0    30.0
   104.390    32.033    25.071    54.000     0.006      14       4    48.0    30.0
   104.376    32.020    25.071    54.000     0.033      15       4    50.0    30.0
   104.361    32.007    25.071    54.000     0.098      15       4    52.0    30.0
   104.346    31.994    25.071    54.000     0.116      15       4    54.0    30.0
   104.332    31.981    25.071    54.000     0.082      15       4    56.0    30.0
   104.317    31.968    25.071    54.000     0.043      14       5    58.0    30.0
   104.302    31.955    25.071    54.000     0.017      13       7    60.0    30.0
   104.288    31.942    25.071    54.000     0.013      10       5    62.0    30.0
   104.273    31.929    25.071    54.000     0.027      11      32    64.0    30.0
   104.753    32.337    23.452    54.000     0.032       1      22     0.0    28.0
   104.739    32.324    23.452    54.000     0.045       2      24     2.0    28.0
   104.724    32.311    23.452    54.000     0.050       2      26     4.0    28.0
   104.709    32.298    23.452    54.000     0.021       2      28     6.0    28.0
   104.694    32.285    23.452    54.000     0.022       2      30     8.0    28.0
   104.679    32.272    23.452    54.000     0.021       3      37    10.0    28.0
   104.665    32.259    23.452    54.000     0.008       2      37    12.0    28.0
   104.650    32.246    23.452    54.000     0.004      16      25    14.0    28.0
   104.635    32.233    23.452    54.000     0.013      20      31    16.0    28.0
   104.620    32.220    23.452    54.000     0.010      20      27    18.0    28.0
   104.606    32.207    23.452    54.000     0.019      20      13    20.0    28.0
   104.591    32.194    23.452    54.000     0.050      20      10    22.0    28.0
   104.576    32.181    23.452    54.000     0.066      19      11    24.0    28.0
   104.561    32.169    23.452    54.000     0.035      19       8    26.0    28.0
   104.547    32.156    23.452    54.000     0.027      19       6    28.0    28.0
   104.532    32.143    23.452    54.000     0.027      20       7    30.0    28.0
   104.517    32.130    23.452    54.000     0.022      20       7    32.0    28.0
   104.502    32.117    23.452    54.000     0.020      19      32    34.0    28.0
   104.488    32.104    23.452    54.000     0.027      19      34    36.0    28.0
   104.473    32.091    23.452    54.000     0.044      20      35    38.0    28.0
   104.458    32.078    23.452    54.000     0.028      18      36    40.0    28.0
   104.443    32.065    23.452    54.000     0.009      19      36    42.0    28.0
   104.429    32.052    23.452    54.000     0.004       5       2    44.0    28.0
   104.414    32.039    23.452    54.000     0.003      14       3    46.0    28.0
   104.399    32.026    23.452    54.000     0.024      18       4    48.0    28.0
   104.385    32.013    23.452    54.000     0.039      19       2    50.0    28.0
   104.370    32.000    23.452    54.000     0.058      19       4    52.0    28.0
   104.355    31.987    23.452    54.000     0.101      20       3    54.0    28.0
   104.341    31.974    23.452    54.000     0.150      19       3    56.0    28.0
   104.326    31.961    23.452    54.000     0.096      20       3    58.0    28.0
   104.311    31.948    23.452    54.000     0.051      20       3    60.0    28.0
   104.296    31.935    23.452    54.000     0.060      14      31    62.0    28.0
   104.282    31.922    23.452    54.000     0.041      14      32    64.0    28.0
   104.762    32.329    21.834    54.000     0.013      17       1     0.0    26.0
   104.748    32.316    21.834    54.000     0.014      17       1     2.0    26.0
   104.733    32.304    21.834    54.000     0.015      20       1     4.0    26.0
   104.718    32.291    21.834    54.000     0.029      19       1     6.0    26.0
   104.703    32.278    21.834    54.000     0.039      20       1     8.0    26.0
   104.688    32.265    21.834    54.000     0.020      19       1    10.0    26.0
   104.674    32.252    21.834    54.000     0.031       2      37    12.0    26.0
   104.659    32.239    21.834    54.000     0.015       2      37    14.0    26.0
   104.644    32.226    21.834    54.000     0.011      17      17    16.0    26.0
   104.629    32.213    21.834    54.000     0.019      17      29    18.0    26.0
   104.615    32.200    21.834    54.000     0.013      16      28    20.0    26.0
   104.600    32.187    21.834    54.000     0.011      20       9    22.0    26.0
   104.585    32.174    21.834    54.000     0.006      20      15    24.0    26.0
   104.570    32.161    21.834    54.000     0.005       7      37    26.0    26.0
   104.556    32.148    21.834    54.000     0.018      20      32    28.0    26.0
   104.541    32.135    21.834    54.000     0.043      20      32    30.0    26.0
   104.526    32.122    21.834    54.000     0.031      19      31    32.0    26.0
   104.511    32.109    21.834    54.000     0.020      19      31    34.0    26.0
   104.497    32.096    21.834    54.000     0.032      20      31    36.0    26.0
   104.482    32.083    21.834    54.000     0.059      19      32    38.0    26.0
   104.467    32.070    21.834    54.000     0.026       5       1    40.0    26.0
   104.452    32.057    21.834    54.000     0.013      18      24    42.0    26.0
   104.438    32.044    21.834    54.000     0.008      18      22    44.0    26.0
   104.423    32.032    21.834    54.000     0.002      12       1    46.0    26.0
   104.408    32.019    21.834    54.000     0.003      14       1    48.0    26.0
   104.394    32.006    21.834    54.000     0.002      18       1    50.0    26.0
   104.379    31.993    21.834    54.000     0.002       1      33    52.0    26.0
   104.364    31.980    21.834    54.000     0.001       1      32    54.0    26.0
   104.349    31.967    21.834    54.000     0.002       1       2    56.0    26.0
   104.335    31.954    21.834    54.000     0.007       4       1    58.0    26.0
   104.320    31.941    21.834    54.000     0.013       1       1    60.0    26.0
   104.305    31.928    21.834    54.000     0.015       1       2    62.0    26.0
   104.291    31.915    21.834    54.000     0.009      15      34    64.0    26.0
   104.771    32.322    20.216    54.000     0.005      16      32     0.0    24.0
   104.757    32.309    20.216    54.000     0.002      15      17     2.0    24.0
   104.742    32.296    20.216    54.000     0.007      20       1     4.0    24.0
   104.727    32.283    20.216    54.000     0.010      16       2     6.0    24.0
   104.712    32.270    20.216    54.000     0.028       1      35     8.0    24.0
   104.697    32.257    20.216    54.000     0.042      19       1    10.0    24.0
   104.683    32.244    20.216    54.000     0.054       2      35    12.0    24.0
   104.668    32.231    20.216    54.000     0.061       2      35    14.0    24.0
   104.653    32.219    20.216    54.000     0.041       1      32    16.0    24.0
   104.638    32.206    20.216    54.000     0.029       1      36    18.0    24.0
   104.624    32.193    20.216    54.000     0.031       1      36    20.0    24.0
   104.609    32.180    20.216    54.000     0.013       2      32    22.0    24.0
   104.594    32.167    20.216    54.000     0.004       4      32    24.0    24.0
   104.579    32.154    20.216    54.000     0.005      13      37    26.0    24.0
   104.564    32.141    20.216    54.000     0.019       4       8    28.0    24.0
   104.550    32.128    20.216    54.000     0.021       2       8    30.0    24.0
   104.535    32.115    20.216    54.000     0.012       3      13    32.0    24.0
   104.520    32.102    20.216    54.000     0.006       1      14    34.0    24.0
   104.506    32.089    20.216    54.000     0.005       1      10    36.0    24.0
   104.491    32.076    20.216    54.000     0.010      20      30    38.0    24.0
   104.476    32.063    20.216    54.000     0.018      20      30    40.0    24.0
   104.461    32.050    20.216    54.000     0.020      18      31    42.0    24.0
   104.447    32.037    20.216    54.000     0.029      19      23    44.0    24.0
   104.432    32.024    20.216    54.000     0.031      18      24    46.0    24.0
   104.417    32.011    20.216    54.000     0.011      20      13    48.0    24.0
   104.403    31.998    20.216    54.000     0.003      19      13    50.0    24.0
   104.388    31.985    20.216    54.000     0.003       9       2    52.0    24.0
   104.373    31.972    20.216    54.000     0.013       3      31    54.0    24.0
   104.358    31.959    20.216    54.000     0.018       4      29    56.0    24.0
   104.344    31.946    20.216    54.000     0.014       4      32    58.0    24.0
   104.329    31.933    20.216    54.000     0.008       7       8    60.0    24.0
   104.314    31.920    20.216    54.000     0.016       7       9    62.0    24.0
   104.300    31.907    20.216    54.000     0.015      18      37    64.0    24.0
   104.780    32.315    18.598    54.000     0.002      19      37     0.0    22.0
   104.766    32.302    18.598    54.000     0.003       6       1     2.0    22.0
   104.751    32.289    18.598    54.000     0.008       1      35     4.0    22.0
   104.736    32.276    18.598    54.000     0.002       1      34     6.0    22.0
   104.721    32.263    18.598    54.000     0.003       1      36     8.0    22.0
   104.706    32.250    18.598    54.000     0.004       3      36    10.0    22.0
   104.692    32.237    18.598    54.000     0.013       2      36    12.0    22.0
   104.677    32.224    18.598    54.000     0.030       8      36    14.0    22.0
   104.662    32.211    18.598    54.000     0.029       6      35    16.0    22.0
   104.647    32.198    18.598    54.000     0.024       8      35    18.0    22.0
   104.632    32.185    18.598    54.000     0.019       8      34    20.0    22.0
   104.618    32.172    18.598    54.000     0.008       7      32    22.0    22.0
   104.603    32.159    18.598    54.000     0.022       6      26    24.0    22.0
   104.588    32.146    18.598    54.000     0.023       6      27    26.0    22.0
   104.573    32.133    18.598    54.000     0.012       7      24    28.0    22.0
   104.559    32.120    18.598    54.000     0.032       1      26    30.0    22.0
   104.544    32.108    18.598    54.000     0.026       1      22    32.0    22.0
   104.529    32.095    18.598    54.000     0.036       1      19    34.0    22.0
   104.514    32.082    18.598    54.000     0.027       1      19    36.0    22.0
   104.500    32.069    18.598    54.000     0.014       1      12    38.0    22.0
   104.485    32.056    18.598    54.000     0.009       2       4    40.0    22.0
   104.470    32.043    18.598    54.000     0.008       4       1    42.0    22.0
   104.456    32.030    18.598    54.000     0.019      20      26    44.0    22.0
   104.441    32.017    18.598    54.000     0.031      20      32    46.0    22.0
   104.426    32.004    18.598    54.000     0.023      20      32    48.0    22.0
   104.411    31.991    18.598    54.000     0.009      16      37    50.0    22.0
   104.397    31.978    18.598    54.000     0.005      18      37    52.0    22.0
   104.382    31.965    18.598    54.000     0.003       7      26    54.0    22.0
   104.367    31.952    18.598    54.000     0.009       9      33    56.0    22.0
   104.353    31.939    18.598    54.000     0.017      16       2    58.0    22.0
   104.338    31.926    18.598    54.000     0.063      14       2    60.0    22.0
   104.323    31.913    18.598    54.000     0.105      13       2    62.0    22.0
   104.309    31.900    18.598    54.000     0.060      10       2    64.0    22.0
   104.789    32.307    16.980    54.000     0.001       4      34     0.0    20.0
   104.774    32.294    16.980    54.000     0.006      19      21     2.0    20.0
   104.760    32.281    16.980    54.000     0.014      14       7     4.0    20.0
   104.745    32.268    16.980    54.000     0.017      14       9     6.0    20.0
   104.730    32.256    16.980    54.000     0.027      14      30     8.0    20.0
   104.715    32.243    16.980    54.000     0.013      14      15    10.0    20.0
   104.701    32.230    16.980    54.000     0.009      15      32    12.0    20.0
   104.686    32.217    16.980    54.000     0.010      13      34    14.0    20.0
   104.671    32.204    16.980    54.000     0.003       5       1    16.0    20.0
   104.656    32.191    16.980    54.000     0.003      18      37    18.0    20.0
   104.641    32.178    16.980    54.000     0.009       2      12    20.0    20.0
   104.627    32.165    16.980    54.000     0.019       1       9    22.0    20.0
   104.612    32.152    16.980    54.000     0.022       1       6    24.0    20.0
   104.597    32.139    16.980    54.000     0.025       1       6    26.0    20.0
   104.582    32.126    16.980    54.000     0.011       1       6    28.0    20.0
   104.568    32.113    16.980    54.000     0.005       5      32    30.0    20.0
   104.553    32.100    16.980    54.000     0.027       1      32    32.0    20.0
   104.538    32.087    16.980    54.000     0.036      15       1    34.0    20.0
   104.523    32.074    16.980    54.000     0.053       1      35    36.0    20.0
   104.509    32.061    16.980    54.000     0.028      12       1    38.0    20.0
   104.494    32.048    16.980    54.000     0.024      12       1    40.0    20.0
   104.479    32.035    16.980    54.000     0.008      11       1    42.0    20.0
   104.465    32.022    16.980    54.000     0.004       5       1    44.0    20.0
   104.450    32.009    16.980    54.000     0.012       6       1    46.0    20.0
   104.435    31.996    16.980    54.000     0.045       5       1    48.0    20.0
   104.420    31.983    16.980    54.000     0.087       7       1    50.0    20.0
   104.406    31.970    16.980    54.000     0.171       6       1    52.0    20.0
   104.391    31.958    16.980    54.000     0.136       5       1    54.0    20.0
   104.376    31.945    16.980    54.000     0.080       5       1    56.0    20.0
   104.362    31.932    16.980    54.000     0.032       8       1    58.0    20.0
   104.347    31.919    16.980    54.000     0.017       8       1    60.0    20.0
   104.332    31.906    16.980    54.000     0.016       8       1    62.0    20.0
   104.318    31.893    16.980    54.000     0.057      16       2    64.0    20.0
   104.798    32.300    15.362    54.000     0.006      15      10     0.0    18.0
   104.783    32.287    15.362    54.000     0.006      15       6     2.0    18.0
   104.769    32.274    15.362    54.000     0.005      14      25     4.0    18.0
   104.754    32.261    15.362    54.000     0.001      14      21     6.0    18.0
   104.739    32.248    15.362    54.000     0.001       4       1     8.0    18.0
   104.724    32.235    15.362    54.000     0.008       7       1    10.0    18.0
   104.709    32.222    15.362    54.000     0.009       6       1    12.0    18.0
   104.695    32.209    15.362    54.000     0.008       6       1    14.0    18.0
   104.680    32.196    15.362    54.000     0.004      16      34    16.0    18.0
   104.665    32.183    15.362    54.000     0.003      13      33    18.0    18.0
   104.650    32.170    15.362    54.000     0.004      14      33    20.0    18.0
   104.636    32.158    15.362    54.000     0.004      10      13    22.0    18.0
   104.621    32.145    15.362    54.000     0.015      10       9    24.0    18.0
   104.606    32.132    15.362    54.000     0.005      12       9    26.0    18.0
   104.591    32.119    15.362    54.000     0.003      14      35    28.0    18.0
   104.577    32.106    15.362    54.000     0.002      13      34    30.0    18.0
   104.562    32.093    15.362    54.000     0.010       5      30    32.0    18.0
   104.547    32.080    15.362    54.000     0.025       5      34    34.0    18.0
   104.532    32.067    15.362    54.000     0.042       4      34    36.0    18.0
   104.518    32.054    15.362    54.000     0.027       2      33    38.0    18.0
   104.503    32.041    15.362    54.000     0.033      16       1    40.0    18.0
   104.488    32.028    15.362    54.000     0.036      17       1    42.0    18.0
   104.473    32.015    15.362    54.000     0.026      14       1    44.0    18.0
   104.459    32.002    15.362    54.000     0.017      12       1    46.0    18.0
   104.444    31.989    15.362    54.000     0.023      10       1    48.0    18.0
   104.429    31.976    15.362    54.000     0.032      11       1    50.0    18.0
   104.415    31.963    15.362    54.000     0.051      11       1    52.0    18.0
   104.400    31.950    15.362    54.000     0.068      12       1    54.0    18.0
   104.385    31.937    15.362    54.000     0.144       9       1    56.0    18.0
   104.371    31.924    15.362    54.000     0.099       8       1    58.0    18.0
   104.356    31.911    15.362    54.000     0.084      10       1    60.0    18.0
   104.341    31.898    15.362    54.000     0.034       9       1    62.0    18.0
   104.327    31.885    15.362    54.000     0.006       1       9    64.0    18.0
   104.807    32.292    13.744    54.000     0.006       9      22     0.0    16.0
   104.792    32.280    13.744    54.000     0.012       9      17     2.0    16.0
   104.778    32.267    13.744    54.000     0.024       6      26     4.0    16.0
   104.763    32.254    13.744    54.000     0.047       4      24     6.0    16.0
   104.748    32.241    13.744    54.000     0.043       5      16     8.0    16.0
   104.733    32.228    13.744    54.000     0.036       5      13    10.0    16.0
   104.718    32.215    13.744    54.000     0.059       3       2    12.0    16.0
   104.704    32.202    13.744    54.000     0.032       1       2    14.0    16.0
   104.689    32.189    13.744    54.000     0.014       3       2    16.0    16.0
   104.674    32.176    13.744    54.000     0.016       1      23    18.0    16.0
   104.659    32.163    13.744    54.000     0.008       1      25    20.0    16.0
   104.645    32.150    13.744    54.000     0.002      11       6    22.0    16.0
   104.630    32.137    13.744    54.000     0.001       3       9    24.0    16.0
   104.615    32.124    13.744    54.000     0.001       7      10    26.0    16.0
   104.600    32.111    13.744    54.000     0.003       6       9    28.0    16.0
   104.586    32.098    13.744    54.000     0.004       4       4    30.0    16.0
   104.571    32.085    13.744    54.000     0.002      18      37    32.0    16.0
   104.556    32.072    13.744    54.000     0.005      11      25    34.0    16.0
   104.541    32.059    13.744    54.000     0.006       5       5    36.0    16.0
   104.527    32.047    13.744    54.000     0.005       2       5    38.0    16.0
   104.512    32.034    13.744    54.000     0.004       5       9    40.0    16.0
   104.497    32.021    13.744    54.000     0.008       4      12    42.0    16.0
   104.482    32.008    13.744    54.000     0.011       5      19    44.0    16.0
   104.468    31.995    13.744    54.000     0.041      20       1    46.0    16.0
   104.453    31.982    13.744    54.000     0.041      19       2    48.0    16.0
   104.438    31.969    13.744    54.000     0.038      15       1    50.0    16.0
   104.424    31.956    13.744    54.000     0.020       7      37    52.0    16.0
   104.409    31.943    13.744    54.000     0.014       6      37    54.0    16.0
   104.394    31.930    13.744    54.000     0.011      20      14    56.0    16.0
   104.380    31.917    13.744    54.000     0.030      20      13    58.0    16.0
   104.365    31.904    13.744    54.000     0.034      20      17    60.0    16.0
   104.350    31.891    13.744    54.000     0.029      19      19    62.0    16.0
   104.336    31.878    13.744    54.000     0.011      20      25    64.0    16.0
   104.816    32.285    12.126    54.000     0.039       7       1     0.0    14.0
   104.801    32.272    12.126    54.000     0.047       6       9     2.0    14.0
   104.786    32.259    12.126    54.000     0.071       3       3     4.0    14.0
   104.772    32.246    12.126    54.000     0.052       1       2     6.0    14.0
   104.757    32.233    12.126    54.000     0.010       1       4     8.0    14.0
   104.742    32.220    12.126    54.000     0.013       7      33    10.0    14.0
   104.727    32.207    12.126    54.000     0.019       5      32    12.0    14.0
   104.713    32.195    12.126    54.000     0.019       2      33    14.0    14.0
   104.698    32.182    12.126    54.000     0.047       3      21    16.0    14.0
   104.683    32.169    12.126    54.000     0.083       3      24    18.0    14.0
   104.668    32.156    12.126    54.000     0.059       3      10    20.0    14.0
   104.653    32.143    12.126    54.000     0.021       3      11    22.0    14.0
   104.639    32.130    12.126    54.000     0.005       4      16    24.0    14.0
   104.624    32.117    12.126    54.000     0.002      20       2    26.0    14.0
   104.609    32.104    12.126    54.000     0.007      19      23    28.0    14.0
   104.594    32.091    12.126    54.000     0.024      18      24    30.0    14.0
   104.580    32.078    12.126    54.000     0.033      16      21    32.0    14.0
   104.565    32.065    12.126    54.000     0.082      14      11    34.0    14.0
   104.550    32.052    12.126    54.000     0.079      15      14    36.0    14.0
   104.536    32.039    12.126    54.000     0.046      13      10    38.0    14.0
   104.521    32.026    12.126    54.000     0.026      13      16    40.0    14.0
   104.506    32.013    12.126    54.000     0.007      12      18    42.0    14.0
   104.491    32.000    12.126    54.000     0.006       1      19    44.0    14.0
   104.477    31.987    12.126    54.000     0.005       1      16    46.0    14.0
   104.462    31.974    12.126    54.000     0.006       1       7    48.0    14.0
   104.447    31.961    12.126    54.000     0.015       9      37    50.0    14.0
   104.433    31.948    12.126    54.000     0.039      20       2    52.0    14.0
   104.418    31.935    12.126    54.000     0.054      20       2    54.0    14.0
   104.403    31.922    12.126    54.000     0.061      10      37    56.0    14.0
   104.388    31.909    12.126    54.000     0.053      10      36    58.0    14.0
   104.374    31.896    12.126    54.000     0.039       8      37    60.0    14.0
   104.359    31.884    12.126    54.000     0.012       8      37    62.0    14.0
   104.344    31.871    12.126    54.000     0.007      20      29    64.0    14.0
   104.825    32.278    10.508    54.000     0.005      20      36     0.0    12.0
   104.810    32.265    10.508    54.000     0.009       1       8     2.0    12.0
   104.795    32.252    10.508    54.000     0.014       2      13     4.0    12.0
   104.781    32.239    10.508    54.000     0.017       2      17     6.0    12.0
   104.766    32.226    10.508    54.000     0.021       1       3     8.0    12.0
   104.751    32.213    10.508    54.000     0.026       1       4    10.0    12.0
   104.736    32.200    10.508    54.000     0.044       1       4    12.0    12.0
   104.722    32.187    10.508    54.000     0.035       2       5    14.0    12.0
   104.707    32.174    10.508    54.000     0.016       1       7    16.0    12.0
   104.692    32.161    10.508    54.000     0.010       4      30    18.0    12.0
   104.677    32.148    10.508    54.000     0.014       6       4    20.0    12.0
   104.662    32.135    10.508    54.000     0.008       5       9    22.0    12.0
   104.648    32.122    10.508    54.000     0.007       7       6    24.0    12.0
   104.633    32.109    10.508    54.000     0.006      19       1    26.0    12.0
   104.618    32.097    10.508    54.000     0.008      16       4    28.0    12.0
   104.603    32.084    10.508    54.000     0.019      16       4    30.0    12.0
   104.589    32.071    10.508    54.000     0.019       2      37    32.0    12.0
   104.574    32.058    10.508    54.000     0.007      19      12    34.0    12.0
   104.559    32.045    10.508    54.000     0.010      17      24    36.0    12.0
   104.544    32.032    10.508    54.000     0.007      15      20    38.0    12.0
   104.530    32.019    10.508    54.000     0.006      12      26    40.0    12.0
   104.515    32.006    10.508    54.000     0.003       2       2    42.0    12.0
   104.500    31.993    10.508    54.000     0.002       4      29    44.0    12.0
   104.486    31.980    10.508    54.000     0.011       4       7    46.0    12.0
   104.471    31.967    10.508    54.000     0.021       4      12    48.0    12.0
   104.456    31.954    10.508    54.000     0.025       3      26    50.0    12.0
   104.441    31.941    10.508    54.000     0.012       5      17    52.0    12.0
   104.427    31.928    10.508    54.000     0.013       4      10    54.0    12.0
   104.412    31.915    10.508    54.000     0.009       1       2    56.0    12.0
   104.397    31.902    10.508    54.000     0.030      10      37    58.0    12.0
   104.383    31.889    10.508    54.000     0.070      11      37    60.0    12.0
   104.368    31.876    10.508    54.000     0.122       1       2    62.0    12.0
   104.353    31.863    10.508    54.000     0.062       1       2    64.0    12.0
   104.834    32.270     8.890    54.000     0.139      13      37     0.0    10.0
   104.819    32.257     8.890    54.000     0.096      12      37     2.0    10.0
   104.804    32.244     8.890    54.000     0.074      11      37     4.0    10.0
   104.790    32.231     8.890    54.000     0.034      12      37     6.0    10.0
   104.775    32.219     8.890    54.000     0.031      20      32     8.0    10.0
   104.760    32.206     8.890    54.000     0.121      18      32    10.0    10.0
   104.745    32.193     8.890    54.000     0.146      18      31    12.0    10.0
   104.730    32.180     8.890    54.000     0.083      19      27    14.0    10.0
   104.716    32.167     8.890    54.000     0.060      19      11    16.0    10.0
   104.701    32.154     8.890    54.000     0.052      20      14    18.0    10.0
   104.686    32.141     8.890    54.000     0.069      15       2    20.0    10.0
   104.671    32.128     8.890    54.000     0.122      14       2    22.0    10.0
   104.657    32.115     8.890    54.000     0.139      14       2    24.0    10.0
   104.642    32.102     8.890    54.000     0.138      13       2    26.0    10.0
   104.627    32.089     8.890    54.000     0.094      15       2    28.0    10.0
   104.612    32.076     8.890    54.000     0.054      15       2    30.0    10.0
   104.598    32.063     8.890    54.000     0.007      16       2    32.0    10.0
   104.583    32.050     8.890    54.000     0.003       5      36    34.0    10.0
   104.568    32.037     8.890    54.000     0.005      14      35    36.0    10.0
   104.553    32.024     8.890    54.000     0.024      13      35    38.0    10.0
   104.539    32.011     8.890    54.000     0.036      11      36    40.0    10.0
   104.524    31.998     8.890    54.000     0.033      12      36    42.0    10.0
   104.509    31.986     8.890    54.000     0.018      10      36    44.0    10.0
   104.495    31.973     8.890    54.000     0.017       9      36    46.0    10.0
   104.480    31.960     8.890    54.000     0.006       8      36    48.0    10.0
   104.465    31.947     8.890    54.000     0.015       4      36    50.0    10.0
   104.450    31.934     8.890    54.000     0.048       3      36    52.0    10.0
   104.436    31.921     8.890    54.000     0.062       3      36    54.0    10.0
   104.421    31.908     8.890    54.000     0.057       2      36    56.0    10.0
   104.406    31.895     8.890    54.000     0.075       1      36    58.0    10.0
   104.392    31.882     8.890    54.000     0.030       1      36    60.0    10.0
   104.377    31.869     8.890    54.000     0.012      15      32    62.0    10.0
   104.362    31.856     8.890    54.000     0.037      14      32    64.0    10.0
   104.843    32.263     7.272    54.000     0.026      16      35     0.0     8.0
   104.828    32.250     7.272    54.000     0.028      17      36     2.0     8.0
   104.813    32.237     7.272    54.000     0.024      17      36     4.0     8.0
   104.799    32.224     7.272    54.000     0.015      18      21     6.0     8.0
   104.784    32.211     7.272    54.000     0.031      20      20     8.0     8.0
   104.769    32.198     7.272    54.000     0.018      18      17    10.0     8.0
   104.754    32.185     7.272    54.000     0.032      19      31    12.0     8.0
   104.739    32.172     7.272    54.000     0.063      20      27    14.0     8.0
   104.725    32.159     7.272    54.000     0.086      20      25    16.0     8.0
   104.710    32.147     7.272    54.000     0.107      18      26    18.0     8.0
   104.695    32.134     7.272    54.000     0.103      17      24    20.0     8.0
   104.680    32.121     7.272    54.000     0.072      18       9    22.0     8.0
   104.666    32.108     7.272    54.000     0.054      17       6    24.0     8.0
   104.651    32.095     7.272    54.000     0.024      16       4    26.0     8.0
   104.636    32.082     7.272    54.000     0.010      17       4    28.0     8.0
   104.621    32.069     7.272    54.000     0.006      18       3    30.0     8.0
   104.607    32.056     7.272    54.000     0.002       1      21    32.0     8.0
   104.592    32.043     7.272    54.000     0.005       1      15    34.0     8.0
   104.577    32.030     7.272    54.000     0.005      16      36    36.0     8.0
   104.562    32.017     7.272    54.000     0.007      14      36    38.0     8.0
   104.548    32.004     7.272    54.000     0.046      12      36    40.0     8.0
   104.533    31.991     7.272    54.000     0.067      12      36    42.0     8.0
   104.518    31.978     7.272    54.000     0.055      14      36    44.0     8.0
   104.503    31.965     7.272    54.000     0.042      14      36    46.0     8.0
   104.489    31.952     7.272    54.000     0.029      11      36    48.0     8.0
   104.474    31.939     7.272    54.000     0.024       9      36    50.0     8.0
   104.459    31.926     7.272    54.000     0.044       7      36    52.0     8.0
   104.445    31.913     7.272    54.000     0.090       4      37    54.0     8.0
   104.430    31.900     7.272    54.000     0.083       4      36    56.0     8.0
   104.415    31.887     7.272    54.000     0.068       4      36    58.0     8.0
   104.401    31.874     7.272    54.000     0.040       3      36    60.0     8.0
   104.386    31.861     7.272    54.000     0.038       6      36    62.0     8.0
   104.371    31.848     7.272    54.000     0.015       5      36    64.0     8.0
   104.852    32.255     5.654    54.000     0.035      16       2     0.0     6.0
   104.837    32.243     5.654    54.000     0.056      17       2     2.0     6.0
   104.822    32.230     5.654    54.000     0.110      16       3     4.0     6.0
   104.807    32.217     5.654    54.000     0.142      13       3     6.0     6.0
   104.793    32.204     5.654    54.000     0.101      14       4     8.0     6.0
   104.778    32.191     5.654    54.000     0.145      14       6    10.0     6.0
   104.763    32.178     5.654    54.000     0.099      13       5    12.0     6.0
   104.748    32.165     5.654    54.000     0.062      13       6    14.0     6.0
   104.734    32.152     5.654    54.000     0.035      14      15    16.0     6.0
   104.719    32.139     5.654    54.000     0.047      19      27    18.0     6.0
   104.704    32.126     5.654    54.000     0.035      19      31    20.0     6.0
   104.689    32.113     5.654    54.000     0.046      20      34    22.0     6.0
   104.674    32.100     5.654    54.000     0.048      20      36    24.0     6.0
   104.660    32.087     5.654    54.000     0.033      16      37    26.0     6.0
   104.645    32.074     5.654    54.000     0.021       2       1    28.0     6.0
   104.630    32.061     5.654    54.000     0.025       1       8    30.0     6.0
   104.616    32.049     5.654    54.000     0.028       1      22    32.0     6.0
   104.601    32.036     5.654    54.000     0.013       3      31    34.0     6.0
   104.586    32.023     5.654    54.000     0.026       1      31    36.0     6.0
   104.571    32.010     5.654    54.000     0.010      11       2    38.0     6.0
   104.557    31.997     5.654    54.000     0.006      10       2    40.0     6.0
   104.542    31.984     5.654    54.000     0.004      10       2    42.0     6.0
   104.527    31.971     5.654    54.000     0.003      18      36    44.0     6.0
   104.512    31.958     5.654    54.000     0.011      16      37    46.0     6.0
   104.498    31.945     5.654    54.000     0.041      12      33    48.0     6.0
   104.483    31.932     5.654    54.000     0.049      12      33    50.0     6.0
   104.468    31.919     5.654    54.000     0.062      13      36    52.0     6.0
   104.454    31.906     5.654    54.000     0.058      14      34    54.0     6.0
   104.439    31.893     5.654    54.000     0.034      12      33    56.0     6.0
   104.424    31.880     5.654    54.000     0.017       6       3    58.0     6.0
   104.410    31.867     5.654    54.000     0.033      18      37    60.0     6.0
   104.395    31.854     5.654    54.000     0.043      17      37    62.0     6.0
   104.380    31.841     5.654    54.000     0.055      15      37    64.0     6.0
   104.861    32.248     4.036    54.000     0.016      18       3     0.0     4.0
   104.846    32.235     4.036    54.000     0.007       2      37     2.0     4.0
   104.831    32.222     4.036    54.000     0.017       1      37     4.0     4.0
   104.816    32.209     4.036    54.000     0.010       1      37     6.0     4.0
   104.802    32.196     4.036    54.000     0.004      11      30     8.0     4.0
   104.787    32.183     4.036    54.000     0.006       9      32    10.0     4.0
   104.772    32.171     4.036    54.000     0.012       8      30    12.0     4.0
   104.757    32.158     4.036    54.000     0.011      10      37    14.0     4.0
   104.742    32.145     4.036    54.000     0.011      10      36    16.0     4.0
   104.728    32.132     4.036    54.000     0.006       1       3    18.0     4.0
   104.713    32.119     4.036    54.000     0.013       1       4    20.0     4.0
   104.698    32.106     4.036    54.000     0.024       1       4    22.0     4.0
   104.683    32.093     4.036    54.000     0.025       2       4    24.0     4.0
   104.669    32.080     4.036    54.000     0.024       1       4    26.0     4.0
   104.654    32.067     4.036    54.000     0.013       1       4    28.0     4.0
   104.639    32.054     4.036    54.000     0.004      20      31    30.0     4.0
   104.624    32.041     4.036    54.000     0.003      12       1    32.0     4.0
   104.610    32.028     4.036    54.000     0.006      15       1    34.0     4.0
   104.595    32.015     4.036    54.000     0.005       4      30    36.0     4.0
   104.580    32.002     4.036    54.000     0.031       2      33    38.0     4.0
   104.566    31.989     4.036    54.000     0.056       3      28    40.0     4.0
   104.551    31.976     4.036    54.000     0.067       1      35    42.0     4.0
   104.536    31.963     4.036    54.000     0.086       1      35    44.0     4.0
   104.521    31.950     4.036    54.000     0.040       1      37    46.0     4.0
   104.507    31.937     4.036    54.000     0.020      11       1    48.0     4.0
   104.492    31.925     4.036    54.000     0.045      11       1    50.0     4.0
   104.477    31.912     4.036    54.000     0.085      10       1    52.0     4.0
   104.463    31.899     4.036    54.000     0.041       9       1    54.0     4.0
   104.448    31.886     4.036    54.000     0.022       8       1    56.0     4.0
   104.433    31.873     4.036    54.000     0.022      20      36    58.0     4.0
   104.418    31.860     4.036    54.000     0.009      15       1    60.0     4.0
   104.404    31.847     4.036    54.000     0.023       1      37    62.0     4.0
   104.389    31.834     4.036    54.000     0.058      17       3    64.0     4.0
   104.870    32.241     2.418    54.000     0.009       5      27     0.0     2.0
   104.855    32.228     2.418    54.000     0.021       4       4     2.0     2.0
   104.840    32.215     2.418    54.000     0.043       5       9     4.0     2.0
   104.825    32.202     2.418    54.000     0.093       4      16     6.0     2.0
   104.811    32.189     2.418    54.000     0.077       3      17     8.0     2.0
   104.796    32.176     2.418    54.000     0.060       1      14    10.0     2.0
   104.781    32.163     2.418    54.000     0.068       1      18    12.0     2.0
   104.766    32.150     2.418    54.000     0.058       1      24    14.0     2.0
   104.751    32.137     2.418    54.000     0.046       2      26    16.0     2.0
   104.737    32.124     2.418    54.000     0.042       4      28    18.0     2.0
   104.722    32.111     2.418    54.000     0.029       2      26    20.0     2.0
   104.707    32.098     2.418    54.000     0.045       3      34    22.0     2.0
   104.692    32.086     2.418    54.000     0.012       4      35    24.0     2.0
   104.678    32.073     2.418    54.000     0.006       1      35    26.0     2.0
   104.663    32.060     2.418    54.000     0.005      12       6    28.0     2.0
   104.648    32.047     2.418    54.000     0.002      17      33    30.0     2.0
   104.633    32.034     2.418    54.000     0.005      18      21    32.0     2.0
   104.619    32.021     2.418    54.000     0.018      18      33    34.0     2.0
   104.604    32.008     2.418    54.000     0.012      18      31    36.0     2.0
   104.589    31.995     2.418    54.000     0.010       1       2    38.0     2.0
   104.574    31.982     2.418    54.000     0.017       2       2    40.0     2.0
   104.560    31.969     2.418    54.000     0.018       4       2    42.0     2.0
   104.545    31.956     2.418    54.000     0.025       1       2    44.0     2.0
   104.530    31.943     2.418    54.000     0.016       2       7    46.0     2.0
   104.516    31.930     2.418    54.000     0.037       9      37    48.0     2.0
   104.501    31.917     2.418    54.000     0.039       7      37    50.0     2.0
   104.486    31.904     2.418    54.000     0.046       9      37    52.0     2.0
   104.471    31.891     2.418    54.000     0.030      20       1    54.0     2.0
   104.457    31.878     2.418    54.000     0.011       8      37    56.0     2.0
   104.442    31.865     2.418    54.000     0.003       9      37    58.0     2.0
   104.427    31.852     2.418    54.000     0.011       1       2    60.0     2.0
   104.413    31.839     2.418    54.000     0.036       1       3    62.0     2.0
   104.398    31.826     2.418    54.000     0.048       1       4    64.0     2.0
   104.879    32.233     0.800    54.000     0.026       8       2     0.0     0.0
   104.864    32.220     0.800    54.000     0.057       7       2     2.0     0.0
   104.849    32.207     0.800    54.000     0.052       6       3     4.0     0.0
   104.834    32.195     0.800    54.000     0.053       3       4     6.0     0.0
   104.819    32.182     0.800    54.000     0.025       7       3     8.0     0.0
   104.805    32.169     0.800    54.000     0.028       7       3    10.0     0.0
   104.790    32.156     0.800    54.000     0.025       7       5    12.0     0.0
   104.775    32.143     0.800    54.000     0.064       7      32    14.0     0.0
   104.760    32.130     0.800    54.000     0.072       6      32    16.0     0.0
   104.746    32.117     0.800    54.000     0.105       6      34    18.0     0.0
   104.731    32.104     0.800    54.000     0.104       7      31    20.0     0.0
   104.716    32.091     0.800    54.000     0.064       8      31    22.0     0.0
   104.701    32.078     0.800    54.000     0.056      10      36    24.0     0.0
   104.687    32.065     0.800    54.000     0.025       8      29    26.0     0.0
   104.672    32.052     0.800    54.000     0.019      12      35    28.0     0.0
   104.657    32.039     0.800    54.000     0.010       9      36    30.0     0.0
   104.642    32.026     0.800    54.000     0.004      20      19    32.0     0.0
   104.628    32.013     0.800    54.000     0.013      20      23    34.0     0.0
   104.613    32.000     0.800    54.000     0.011      20      22    36.0     0.0
   104.598    31.988     0.800    54.000     0.007       2       2    38.0     0.0
   104.583    31.975     0.800    54.000     0.004       1       4    40.0     0.0
   104.569    31.962     0.800    54.000     0.003       1      12    42.0     0.0
   104.554    31.949     0.800    54.000     0.006      14       1    44.0     0.0
   104.539    31.936     0.800    54.000     0.017      13       1    46.0     0.0
   104.525    31.923     0.800    54.000     0.031       1      34    48.0     0.0
   104.510    31.910     0.800    54.000     0.032       1      35    50.0     0.0
   104.495    31.897     0.800    54.000     0.027       4      28    52.0     0.0
   104.480    31.884     0.800    54.000     0.011       1      32    54.0     0.0
   104.466    31.871     0.800    54.000     0.006       2      29    56.0     0.0
   104.451    31.858     0.800    54.000     0.004       1      31    58.0     0.0
   104.436    31.845     0.800    54.000     0.004       1      34    60.0     0.0
   104.422    31.832     0.800    54.000     0.014      15       1    62.0     0.0
   104.407    31.819     0.800    54.000     0.019      14       1    64.0     0.0
