   104.700    32.381    33.161    54.000     0.079      64      35     0.0    40.0
   104.685    32.368    33.161    54.000     0.155      64      33     2.0    40.0
   104.670    32.355    33.161    54.000     0.089      65      30     4.0    40.0
   104.655    32.342    33.161    54.000     0.114      23      32     6.0    40.0
   104.641    32.329    33.161    54.000     0.165      22      32     8.0    40.0
   104.626    32.316    33.161    54.000     0.143      38       1    10.0    40.0
   104.611    32.303    33.161    54.000     0.182      38       1    12.0    40.0
   104.596    32.290    33.161    54.000     0.115      37       1    14.0    40.0
   104.581    32.278    33.161    54.000     0.065      52      33    16.0    40.0
   104.567    32.265    33.161    54.000     0.015      24       9    18.0    40.0
   104.552    32.252    33.161    54.000     0.018      25       7    20.0    40.0
   104.537    32.239    33.161    54.000     0.032      22       8    22.0    40.0
   104.522    32.226    33.161    54.000     0.051      20      10    24.0    40.0
   104.508    32.213    33.161    54.000     0.056      20      10    26.0    40.0
   104.493    32.200    33.161    54.000     0.043      19       3    28.0    40.0
   104.478    32.187    33.161    54.000     0.024      16       1    30.0    40.0
   104.463    32.174    33.161    54.000     0.038      13       1    32.0    40.0
   104.449    32.161    33.161    54.000     0.024      99       2    34.0    40.0
   104.434    32.148    33.161    54.000     0.011      45       6    36.0    40.0
   104.419    32.135    33.161    54.000     0.028      10       9    38.0    40.0
   104.404    32.122    33.161    54.000     0.024      95      31    40.0    40.0
   104.390    32.109    33.161    54.000     0.071      41      11    42.0    40.0
   104.375    32.096    33.161    54.000     0.091      41      14    44.0    40.0
   104.360    32.083    33.161    54.000     0.107      42      17    46.0    40.0
   104.346    32.070    33.161    54.000     0.139      51      37    48.0    40.0
   104.331    32.057    33.161    54.000     0.105      49      37    50.0    40.0
   104.316    32.044    33.161    54.000     0.073      50      37    52.0    40.0
   104.301    32.031    33.161    54.000     0.052      98      18    54.0    40.0
   104.287    32.018    33.161    54.000     0.019      97      20    56.0    40.0
   104.272    32.005    33.161    54.000     0.011      58      29    58.0    40.0
   104.257    31.992    33.161    54.000     0.012      98      36    60.0    40.0
   104.243    31.979    33.161    54.000     0.007     100      36    62.0    40.0
   104.228    31.966    33.161    54.000     0.007      37      27    64.0    40.0
   104.709    32.374    31.543    54.000     0.011      53       3     0.0    38.0
   104.694    32.361    31.543    54.000     0.011      53       5     2.0    38.0
   104.679    32.348    31.543    54.000     0.014     100      29     4.0    38.0
   104.664    32.335    31.543    54.000     0.048     100      28     6.0    38.0
   104.649    32.322    31.543    54.000     0.043      98      25     8.0    38.0
   104.635    32.309    31.543    54.000     0.038      53      34    10.0    38.0
   104.620    32.296    31.543    54.000     0.063      53      31    12.0    38.0
   104.605    32.283    31.543    54.000     0.112      53      28    14.0    38.0
   104.590    32.270    31.543    54.000     0.113      51      25    16.0    38.0
   104.576    32.257    31.543    54.000     0.110      53      25    18.0    38.0
   104.561    32.244    31.543    54.000     0.044      51      19    20.0    38.0
   104.546    32.231    31.543    54.000     0.027      54       3    22.0    38.0
   104.531    32.218    31.543    54.000     0.019      53       3    24.0    38.0
   104.517    32.205    31.543    54.000     0.024      53       3    26.0    38.0
   104.502    32.192    31.543    54.000     0.025      50       5    28.0    38.0
   104.487    32.179    31.543    54.000     0.045      51       4    30.0    38.0
   104.472    32.166    31.543    54.000     0.060      51       4    32.0    38.0
   104.458    32.154    31.543    54.000     0.046      50       4    34.0    38.0
   104.443    32.141    31.543    54.000     0.027      84       7    36.0    38.0
   104.428    32.128    31.543    54.000     0.025      78      14    38.0    38.0
   104.413    32.115    31.543    54.000     0.024      79      25    40.0    38.0
   104.399    32.102    31.543    54.000     0.037      56      36    42.0    38.0
   104.384    32.089    31.543    54.000     0.058      56      36    44.0    38.0
   104.369    32.076    31.543    54.000     0.064      70       1    46.0    38.0
   104.355    32.063    31.543    54.000     0.076      56      36    48.0    38.0
   104.340    32.050    31.543    54.000     0.080      53      36    50.0    38.0
   104.325    32.037    31.543    54.000     0.077      54      36    52.0    38.0
   104.310    32.024    31.543    54.000     0.076      54      35    54.0    38.0
   104.296    32.011    31.543    54.000     0.030      52      35    56.0    38.0
   104.281    31.998    31.543    54.000     0.021      93      30    58.0    38.0
   104.266    31.985    31.543    54.000     0.029      92      27    60.0    38.0
   104.252    31.972    31.543    54.000     0.019      94      26    62.0    38.0
   104.237    31.959    31.543    54.000     0.019      37      37    64.0    38.0
   104.718    32.366    29.925    54.000     0.016      62       4     0.0    36.0
   104.703    32.353    29.925    54.000     0.017      63      14     2.0    36.0
   104.688    32.340    29.925    54.000     0.027      62      14     4.0    36.0
   104.673    32.328    29.925    54.000     0.063      61      28     6.0    36.0
   104.658    32.315    29.925    54.000     0.095      62      32     8.0    36.0
   104.644    32.302    29.925    54.000     0.078      62      31    10.0    36.0
   104.629    32.289    29.925    54.000     0.064      52       1    12.0    36.0
   104.614    32.276    29.925    54.000     0.038      53       8    14.0    36.0
   104.599    32.263    29.925    54.000     0.080      52      13    16.0    36.0
   104.585    32.250    29.925    54.000     0.101      53      27    18.0    36.0
   104.570    32.237    29.925    54.000     0.097      52      29    20.0    36.0
   104.555    32.224    29.925    54.000     0.131      52      32    22.0    36.0
   104.540    32.211    29.925    54.000     0.037      53      32    24.0    36.0
   104.526    32.198    29.925    54.000     0.047      58       2    26.0    36.0
   104.511    32.185    29.925    54.000     0.044       8       1    28.0    36.0
   104.496    32.172    29.925    54.000     0.106       5       1    30.0    36.0
   104.481    32.159    29.925    54.000     0.077       5       1    32.0    36.0
   104.467    32.146    29.925    54.000     0.089       6       1    34.0    36.0
   104.452    32.133    29.925    54.000     0.072       8       1    36.0    36.0
   104.437    32.120    29.925    54.000     0.029      24      36    38.0    36.0
   104.422    32.107    29.925    54.000     0.035      84      37    40.0    36.0
   104.408    32.094    29.925    54.000     0.142      86      36    42.0    36.0
   104.393    32.081    29.925    54.000     0.152      87      36    44.0    36.0
   104.378    32.068    29.925    54.000     0.111      87      37    46.0    36.0
   104.364    32.055    29.925    54.000     0.044      88      37    48.0    36.0
   104.349    32.042    29.925    54.000     0.033      91      36    50.0    36.0
   104.334    32.029    29.925    54.000     0.013      90      35    52.0    36.0
   104.319    32.016    29.925    54.000     0.012      17      20    54.0    36.0
   104.305    32.003    29.925    54.000     0.007      57      31    56.0    36.0
   104.290    31.990    29.925    54.000     0.023      32      37    58.0    36.0
   104.275    31.977    29.925    54.000     0.019      56      33    60.0    36.0
   104.261    31.964    29.925    54.000     0.022      56      33    62.0    36.0
   104.246    31.951    29.925    54.000     0.017      11      10    64.0    36.0
   104.727    32.359    28.307    54.000     0.069      67       5     0.0    34.0
   104.712    32.346    28.307    54.000     0.030      67       4     2.0    34.0
   104.697    32.333    28.307    54.000     0.010      20       1     4.0    34.0
   104.682    32.320    28.307    54.000     0.006      99       3     6.0    34.0
   104.667    32.307    28.307    54.000     0.022      55       5     8.0    34.0
   104.653    32.294    28.307    54.000     0.054      55       5    10.0    34.0
   104.638    32.281    28.307    54.000     0.096      55       5    12.0    34.0
   104.623    32.268    28.307    54.000     0.114      56       5    14.0    34.0
   104.608    32.255    28.307    54.000     0.058      54       5    16.0    34.0
   104.594    32.242    28.307    54.000     0.066      24       6    18.0    34.0
   104.579    32.230    28.307    54.000     0.032      54      27    20.0    34.0
   104.564    32.217    28.307    54.000     0.023      55      32    22.0    34.0
   104.549    32.204    28.307    54.000     0.020      53      32    24.0    34.0
   104.534    32.191    28.307    54.000     0.031      39       1    26.0    34.0
   104.520    32.178    28.307    54.000     0.065      38       1    28.0    34.0
   104.505    32.165    28.307    54.000     0.076      38       1    30.0    34.0
   104.490    32.152    28.307    54.000     0.083      28      35    32.0    34.0
   104.476    32.139    28.307    54.000     0.040      25      37    34.0    34.0
   104.461    32.126    28.307    54.000     0.037      25      37    36.0    34.0
   104.446    32.113    28.307    54.000     0.050      25      37    38.0    34.0
   104.431    32.100    28.307    54.000     0.020      22      35    40.0    34.0
   104.417    32.087    28.307    54.000     0.023      22      36    42.0    34.0
   104.402    32.074    28.307    54.000     0.037      19      35    44.0    34.0
   104.387    32.061    28.307    54.000     0.038      43      35    46.0    34.0
   104.372    32.048    28.307    54.000     0.091      44      35    48.0    34.0
   104.358    32.035    28.307    54.000     0.107      45      34    50.0    34.0
   104.343    32.022    28.307    54.000     0.130      43      34    52.0    34.0
   104.328    32.009    28.307    54.000     0.099      44      35    54.0    34.0
   104.314    31.996    28.307    54.000     0.078      19      31    56.0    34.0
   104.299    31.983    28.307    54.000     0.036      18      26    58.0    34.0
   104.284    31.970    28.307    54.000     0.067      49      14    60.0    34.0
   104.270    31.957    28.307    54.000     0.085      48      14    62.0    34.0
   104.255    31.944    28.307    54.000     0.050      47       7    64.0    34.0
   104.736    32.352    26.689    54.000     0.010      98       1     0.0    32.0
   104.721    32.339    26.689    54.000     0.008      30      31     2.0    32.0
   104.706    32.326    26.689    54.000     0.016      31      22     4.0    32.0
   104.691    32.313    26.689    54.000     0.018      55       7     6.0    32.0
   104.676    32.300    26.689    54.000     0.040      31      35     8.0    32.0
   104.662    32.287    26.689    54.000     0.045      32      32    10.0    32.0
   104.647    32.274    26.689    54.000     0.036      34      35    12.0    32.0
   104.632    32.261    26.689    54.000     0.026      34      27    14.0    32.0
   104.617    32.248    26.689    54.000     0.016      59      12    16.0    32.0
   104.602    32.235    26.689    54.000     0.032      33       4    18.0    32.0
   104.588    32.222    26.689    54.000     0.067      32       4    20.0    32.0
   104.573    32.209    26.689    54.000     0.024       5       6    22.0    32.0
   104.558    32.196    26.689    54.000     0.023      76      11    24.0    32.0
   104.543    32.183    26.689    54.000     0.048      76      12    26.0    32.0
   104.529    32.170    26.689    54.000     0.066      74      10    28.0    32.0
   104.514    32.157    26.689    54.000     0.101      75       4    30.0    32.0
   104.499    32.144    26.689    54.000     0.068      43       5    32.0    32.0
   104.484    32.131    26.689    54.000     0.043      68      16    34.0    32.0
   104.470    32.118    26.689    54.000     0.048      69      24    36.0    32.0
   104.455    32.105    26.689    54.000     0.025      67      25    38.0    32.0
   104.440    32.093    26.689    54.000     0.044      38       1    40.0    32.0
   104.426    32.080    26.689    54.000     0.050      23      31    42.0    32.0
   104.411    32.067    26.689    54.000     0.044      23      14    44.0    32.0
   104.396    32.054    26.689    54.000     0.035      65       1    46.0    32.0
   104.381    32.041    26.689    54.000     0.057      82      30    48.0    32.0
   104.367    32.028    26.689    54.000     0.056      81      32    50.0    32.0
   104.352    32.015    26.689    54.000     0.021      80      33    52.0    32.0
   104.337    32.002    26.689    54.000     0.025      83       7    54.0    32.0
   104.323    31.989    26.689    54.000     0.020      43      37    56.0    32.0
   104.308    31.976    26.689    54.000     0.014      42      37    58.0    32.0
   104.293    31.963    26.689    54.000     0.035      48      16    60.0    32.0
   104.279    31.950    26.689    54.000     0.046      48      13    62.0    32.0
   104.264    31.937    26.689    54.000     0.035      48      13    64.0    32.0
   104.745    32.344    25.071    54.000     0.009      94      32     0.0    30.0
   104.730    32.331    25.071    54.000     0.009      17       1     2.0    30.0
   104.715    32.318    25.071    54.000     0.046      31      37     4.0    30.0
   104.700    32.305    25.071    54.000     0.041      32      37     6.0    30.0
   104.685    32.292    25.071    54.000     0.086      33      37     8.0    30.0
   104.671    32.279    25.071    54.000     0.092      33      37    10.0    30.0
   104.656    32.267    25.071    54.000     0.094      48       1    12.0    30.0
   104.641    32.254    25.071    54.000     0.073      35      36    14.0    30.0
   104.626    32.241    25.071    54.000     0.047      30      37    16.0    30.0
   104.611    32.228    25.071    54.000     0.052      40       5    18.0    30.0
   104.597    32.215    25.071    54.000     0.108      39       9    20.0    30.0
   104.582    32.202    25.071    54.000     0.121      38       9    22.0    30.0
   104.567    32.189    25.071    54.000     0.100      38      11    24.0    30.0
   104.552    32.176    25.071    54.000     0.046      39      20    26.0    30.0
   104.538    32.163    25.071    54.000     0.033      42      26    28.0    30.0
   104.523    32.150    25.071    54.000     0.029      71      32    30.0    30.0
   104.508    32.137    25.071    54.000     0.034      70      32    32.0    30.0
   104.493    32.124    25.071    54.000     0.022      70      32    34.0    30.0
   104.479    32.111    25.071    54.000     0.044      68      23    36.0    30.0
   104.464    32.098    25.071    54.000     0.031      68      22    38.0    30.0
   104.449    32.085    25.071    54.000     0.021      69      24    40.0    30.0
   104.435    32.072    25.071    54.000     0.007      30      28    42.0    30.0
   104.420    32.059    25.071    54.000     0.005      45       1    44.0    30.0
   104.405    32.046    25.071    54.000     0.023      33      37    46.0    30.0
   104.390    32.033    25.071    54.000     0.015      56      37    48.0    30.0
   104.376    32.020    25.071    54.000     0.021      46       3    50.0    30.0
   104.361    32.007    25.071    54.000     0.033      95       1    52.0    30.0
   104.346    31.994    25.071    54.000     0.028      45       2    54.0    30.0
   104.332    31.981    25.071    54.000     0.013      42      14    56.0    30.0
   104.317    31.968    25.071    54.000     0.029      42      28    58.0    30.0
   104.302    31.955    25.071    54.000     0.021      42      27    60.0    30.0
   104.288    31.942    25.071    54.000     0.014      43      28    62.0    30.0
   104.273    31.929    25.071    54.000     0.015      48      36    64.0    30.0
   104.753    32.337    23.452    54.000     0.033      18      11     0.0    28.0
   104.739    32.324    23.452    54.000     0.026      55       1     2.0    28.0
   104.724    32.311    23.452    54.000     0.025      53       1     4.0    28.0
   104.709    32.298    23.452    54.000     0.025      52       1     6.0    28.0
   104.694    32.285    23.452    54.000     0.019      67      36     8.0    28.0
   104.679    32.272    23.452    54.000     0.024      83       2    10.0    28.0
   104.665    32.259    23.452    54.000     0.060      82       1    12.0    28.0
   104.650    32.246    23.452    54.000     0.071      81       1    14.0    28.0
   104.635    32.233    23.452    54.000     0.048      80       1    16.0    28.0
   104.620    32.220    23.452    54.000     0.051      76       3    18.0    28.0
   104.606    32.207    23.452    54.000     0.070      77       1    20.0    28.0
   104.591    32.194    23.452    54.000     0.086      43       3    22.0    28.0
   104.576    32.181    23.452    54.000     0.076      40       6    24.0    28.0
   104.561    32.169    23.452    54.000     0.077      40       7    26.0    28.0
   104.547    32.156    23.452    54.000     0.033      62       7    28.0    28.0
   104.532    32.143    23.452    54.000     0.024      62       2    30.0    28.0
   104.517    32.130    23.452    54.000     0.021      79      31    32.0    28.0
   104.502    32.117    23.452    54.000     0.018      78      31    34.0    28.0
   104.488    32.104    23.452    54.000     0.034      38      37    36.0    28.0
   104.473    32.091    23.452    54.000     0.054      38      37    38.0    28.0
   104.458    32.078    23.452    54.000     0.038      67      37    40.0    28.0
   104.443    32.065    23.452    54.000     0.049      67      37    42.0    28.0
   104.429    32.052    23.452    54.000     0.038      66      37    44.0    28.0
   104.414    32.039    23.452    54.000     0.026      68      37    46.0    28.0
   104.399    32.026    23.452    54.000     0.038      21      29    48.0    28.0
   104.385    32.013    23.452    54.000     0.050      55      25    50.0    28.0
   104.370    32.000    23.452    54.000     0.076      55      17    52.0    28.0
   104.355    31.987    23.452    54.000     0.019      60      35    54.0    28.0
   104.341    31.974    23.452    54.000     0.016      59      35    56.0    28.0
   104.326    31.961    23.452    54.000     0.009      58      34    58.0    28.0
   104.311    31.948    23.452    54.000     0.005      62       9    60.0    28.0
   104.296    31.935    23.452    54.000     0.018      61       6    62.0    28.0
   104.282    31.922    23.452    54.000     0.036      62       8    64.0    28.0
   104.762    32.329    21.834    54.000     0.036      72      37     0.0    26.0
   104.748    32.316    21.834    54.000     0.063      41      34     2.0    26.0
   104.733    32.304    21.834    54.000     0.042      42      33     4.0    26.0
   104.718    32.291    21.834    54.000     0.054      72      37     6.0    26.0
   104.703    32.278    21.834    54.000     0.032      10       2     8.0    26.0
   104.688    32.265    21.834    54.000     0.045      34       5    10.0    26.0
   104.674    32.252    21.834    54.000     0.084      38       8    12.0    26.0
   104.659    32.239    21.834    54.000     0.124      36      11    14.0    26.0
   104.644    32.226    21.834    54.000     0.091      37       4    16.0    26.0
   104.629    32.213    21.834    54.000     0.048       1      14    18.0    26.0
   104.615    32.200    21.834    54.000     0.030       1       6    20.0    26.0
   104.600    32.187    21.834    54.000     0.023       1       9    22.0    26.0
   104.585    32.174    21.834    54.000     0.015       1       8    24.0    26.0
   104.570    32.161    21.834    54.000     0.021       4      34    26.0    26.0
   104.556    32.148    21.834    54.000     0.025      82      36    28.0    26.0
   104.541    32.135    21.834    54.000     0.064      24       1    30.0    26.0
   104.526    32.122    21.834    54.000     0.084      23       1    32.0    26.0
   104.511    32.109    21.834    54.000     0.065      24       1    34.0    26.0
   104.497    32.096    21.834    54.000     0.041      24       1    36.0    26.0
   104.482    32.083    21.834    54.000     0.021       3      36    38.0    26.0
   104.467    32.070    21.834    54.000     0.018       5      36    40.0    26.0
   104.452    32.057    21.834    54.000     0.042      69      37    42.0    26.0
   104.438    32.044    21.834    54.000     0.041      83       1    44.0    26.0
   104.423    32.032    21.834    54.000     0.038      98      37    46.0    26.0
   104.408    32.019    21.834    54.000     0.044      97      33    48.0    26.0
   104.394    32.006    21.834    54.000     0.051      98      37    50.0    26.0
   104.379    31.993    21.834    54.000     0.044      72      37    52.0    26.0
   104.364    31.980    21.834    54.000     0.062      56      29    54.0    26.0
   104.349    31.967    21.834    54.000     0.075      29      28    56.0    26.0
   104.335    31.954    21.834    54.000     0.089      29      26    58.0    26.0
   104.320    31.941    21.834    54.000     0.096      30      25    60.0    26.0
   104.305    31.928    21.834    54.000     0.103      29      24    62.0    26.0
   104.291    31.915    21.834    54.000     0.039      29       6    64.0    26.0
   104.771    32.322    20.216    54.000     0.019      83      22     0.0    24.0
   104.757    32.309    20.216    54.000     0.036      77      33     2.0    24.0
   104.742    32.296    20.216    54.000     0.073      75      33     4.0    24.0
   104.727    32.283    20.216    54.000     0.058      75      31     6.0    24.0
   104.712    32.270    20.216    54.000     0.055      40      23     8.0    24.0
   104.697    32.257    20.216    54.000     0.078      38      23    10.0    24.0
   104.683    32.244    20.216    54.000     0.074      39       9    12.0    24.0
   104.668    32.231    20.216    54.000     0.107      72      14    14.0    24.0
   104.653    32.219    20.216    54.000     0.133      71      14    16.0    24.0
   104.638    32.206    20.216    54.000     0.041      70       8    18.0    24.0
   104.624    32.193    20.216    54.000     0.036      38       4    20.0    24.0
   104.609    32.180    20.216    54.000     0.021      30      27    22.0    24.0
   104.594    32.167    20.216    54.000     0.018      28      29    24.0    24.0
   104.579    32.154    20.216    54.000     0.053      90      30    26.0    24.0
   104.564    32.141    20.216    54.000     0.061      87      30    28.0    24.0
   104.550    32.128    20.216    54.000     0.104      27       4    30.0    24.0
   104.535    32.115    20.216    54.000     0.091      27       4    32.0    24.0
   104.520    32.102    20.216    54.000     0.054      38      35    34.0    24.0
   104.506    32.089    20.216    54.000     0.035      36      35    36.0    24.0
   104.491    32.076    20.216    54.000     0.029       9      35    38.0    24.0
   104.476    32.063    20.216    54.000     0.030       9      28    40.0    24.0
   104.461    32.050    20.216    54.000     0.026      92       9    42.0    24.0
   104.447    32.037    20.216    54.000     0.028      37      27    44.0    24.0
   104.432    32.024    20.216    54.000     0.022      66      31    46.0    24.0
   104.417    32.011    20.216    54.000     0.040      96      34    48.0    24.0
   104.403    31.998    20.216    54.000     0.039      95      34    50.0    24.0
   104.388    31.985    20.216    54.000     0.040      98      33    52.0    24.0
   104.373    31.972    20.216    54.000     0.054      98      33    54.0    24.0
   104.358    31.959    20.216    54.000     0.030      32       9    56.0    24.0
   104.344    31.946    20.216    54.000     0.066      31      10    58.0    24.0
   104.329    31.933    20.216    54.000     0.107      32      13    60.0    24.0
   104.314    31.920    20.216    54.000     0.065      28      11    62.0    24.0
   104.300    31.907    20.216    54.000     0.063      34      30    64.0    24.0
   104.780    32.315    18.598    54.000     0.027      14      37     0.0    22.0
   104.766    32.302    18.598    54.000     0.041      82      30     2.0    22.0
   104.751    32.289    18.598    54.000     0.057      15      37     4.0    22.0
   104.736    32.276    18.598    54.000     0.062      15      37     6.0    22.0
   104.721    32.263    18.598    54.000     0.090      76      29     8.0    22.0
   104.706    32.250    18.598    54.000     0.066      75      20    10.0    22.0
   104.692    32.237    18.598    54.000     0.103      71      20    12.0    22.0
   104.677    32.224    18.598    54.000     0.100      70      18    14.0    22.0
   104.662    32.211    18.598    54.000     0.058      74      13    16.0    22.0
   104.647    32.198    18.598    54.000     0.025      70       3    18.0    22.0
   104.632    32.185    18.598    54.000     0.025      34      37    20.0    22.0
   104.618    32.172    18.598    54.000     0.038      36      37    22.0    22.0
   104.603    32.159    18.598    54.000     0.027      36      37    24.0    22.0
   104.588    32.146    18.598    54.000     0.048      91      27    26.0    22.0
   104.573    32.133    18.598    54.000     0.098      92      30    28.0    22.0
   104.559    32.120    18.598    54.000     0.054      92      25    30.0    22.0
   104.544    32.108    18.598    54.000     0.061      45      34    32.0    22.0
   104.529    32.095    18.598    54.000     0.033      44      34    34.0    22.0
   104.514    32.082    18.598    54.000     0.027      92       5    36.0    22.0
   104.500    32.069    18.598    54.000     0.022      41      15    38.0    22.0
   104.485    32.056    18.598    54.000     0.015      70       2    40.0    22.0
   104.470    32.043    18.598    54.000     0.019      97       6    42.0    22.0
   104.456    32.030    18.598    54.000     0.048       4      21    44.0    22.0
   104.441    32.017    18.598    54.000     0.058      36      34    46.0    22.0
   104.426    32.004    18.598    54.000     0.062      35      30    48.0    22.0
   104.411    31.991    18.598    54.000     0.034      36      30    50.0    22.0
   104.397    31.978    18.598    54.000     0.036      63      37    52.0    22.0
   104.382    31.965    18.598    54.000     0.047      64      37    54.0    22.0
   104.367    31.952    18.598    54.000     0.028      97      14    56.0    22.0
   104.353    31.939    18.598    54.000     0.015      46      35    58.0    22.0
   104.338    31.926    18.598    54.000     0.013      97      32    60.0    22.0
   104.323    31.913    18.598    54.000     0.024       4       7    62.0    22.0
   104.309    31.900    18.598    54.000     0.035       4       7    64.0    22.0
   104.789    32.307    16.980    54.000     0.031       1       1     0.0    20.0
   104.774    32.294    16.980    54.000     0.048      39       4     2.0    20.0
   104.760    32.281    16.980    54.000     0.103      36       1     4.0    20.0
   104.745    32.268    16.980    54.000     0.053      17      37     6.0    20.0
   104.730    32.256    16.980    54.000     0.070      17      37     8.0    20.0
   104.715    32.243    16.980    54.000     0.063      18      37    10.0    20.0
   104.701    32.230    16.980    54.000     0.035      17      37    12.0    20.0
   104.686    32.217    16.980    54.000     0.028      28       1    14.0    20.0
   104.671    32.204    16.980    54.000     0.066      42      37    16.0    20.0
   104.656    32.191    16.980    54.000     0.104      41      37    18.0    20.0
   104.641    32.178    16.980    54.000     0.125      41      37    20.0    20.0
   104.627    32.165    16.980    54.000     0.089      42      37    22.0    20.0
   104.612    32.152    16.980    54.000     0.042      41      37    24.0    20.0
   104.597    32.139    16.980    54.000     0.020      90       3    26.0    20.0
   104.582    32.126    16.980    54.000     0.017      75      35    28.0    20.0
   104.568    32.113    16.980    54.000     0.017      46       5    30.0    20.0
   104.553    32.100    16.980    54.000     0.038      44       4    32.0    20.0
   104.538    32.087    16.980    54.000     0.034      44       5    34.0    20.0
   104.523    32.074    16.980    54.000     0.014      44       8    36.0    20.0
   104.509    32.061    16.980    54.000     0.010      44      13    38.0    20.0
   104.494    32.048    16.980    54.000     0.010       1       8    40.0    20.0
   104.479    32.035    16.980    54.000     0.017      85      34    42.0    20.0
   104.465    32.022    16.980    54.000     0.013      84      34    44.0    20.0
   104.450    32.009    16.980    54.000     0.012      85      35    46.0    20.0
   104.435    31.996    16.980    54.000     0.032      39      31    48.0    20.0
   104.420    31.983    16.980    54.000     0.099      38      31    50.0    20.0
   104.406    31.970    16.980    54.000     0.085      37      31    52.0    20.0
   104.391    31.958    16.980    54.000     0.067      40      33    54.0    20.0
   104.376    31.945    16.980    54.000     0.026      40      32    56.0    20.0
   104.362    31.932    16.980    54.000     0.013      65      22    58.0    20.0
   104.347    31.919    16.980    54.000     0.011      37       5    60.0    20.0
   104.332    31.906    16.980    54.000     0.013      36       5    62.0    20.0
   104.318    31.893    16.980    54.000     0.012      35       6    64.0    20.0
   104.798    32.300    15.362    54.000     0.044      95      33     0.0    18.0
   104.783    32.287    15.362    54.000     0.042      92      33     2.0    18.0
   104.769    32.274    15.362    54.000     0.025      67       7     4.0    18.0
   104.754    32.261    15.362    54.000     0.031      53      37     6.0    18.0
   104.739    32.248    15.362    54.000     0.020      17       7     8.0    18.0
   104.724    32.235    15.362    54.000     0.012      52      28    10.0    18.0
   104.709    32.222    15.362    54.000     0.026      51      25    12.0    18.0
   104.695    32.209    15.362    54.000     0.047      51      20    14.0    18.0
   104.680    32.196    15.362    54.000     0.070      91       1    16.0    18.0
   104.665    32.183    15.362    54.000     0.081      89       1    18.0    18.0
   104.650    32.170    15.362    54.000     0.047      88       1    20.0    18.0
   104.636    32.158    15.362    54.000     0.028      89       1    22.0    18.0
   104.621    32.145    15.362    54.000     0.015      92       1    24.0    18.0
   104.606    32.132    15.362    54.000     0.028      95       1    26.0    18.0
   104.591    32.119    15.362    54.000     0.020      94       1    28.0    18.0
   104.577    32.106    15.362    54.000     0.012      49       4    30.0    18.0
   104.562    32.093    15.362    54.000     0.023      48       4    32.0    18.0
   104.547    32.080    15.362    54.000     0.017      64      37    34.0    18.0
   104.532    32.067    15.362    54.000     0.018       4       1    36.0    18.0
   104.518    32.054    15.362    54.000     0.021       3       1    38.0    18.0
   104.503    32.041    15.362    54.000     0.048      17      34    40.0    18.0
   104.488    32.028    15.362    54.000     0.035      17      35    42.0    18.0
   104.473    32.015    15.362    54.000     0.028      18      34    44.0    18.0
   104.459    32.002    15.362    54.000     0.027      47      31    46.0    18.0
   104.444    31.989    15.362    54.000     0.028      45      34    48.0    18.0
   104.429    31.976    15.362    54.000     0.031      68       1    50.0    18.0
   104.415    31.963    15.362    54.000     0.028      66       4    52.0    18.0
   104.400    31.950    15.362    54.000     0.041      38      14    54.0    18.0
   104.385    31.937    15.362    54.000     0.048      38      31    56.0    18.0
   104.371    31.924    15.362    54.000     0.039      39      33    58.0    18.0
   104.356    31.911    15.362    54.000     0.024      37      32    60.0    18.0
   104.341    31.898    15.362    54.000     0.014      68      32    62.0    18.0
   104.327    31.885    15.362    54.000     0.007      81       2    64.0    18.0
   104.807    32.292    13.744    54.000     0.088      99      18     0.0    16.0
   104.792    32.280    13.744    54.000     0.043      98      20     2.0    16.0
   104.778    32.267    13.744    54.000     0.033      53       6     4.0    16.0
   104.763    32.254    13.744    54.000     0.094      50       6     6.0    16.0
   104.748    32.241    13.744    54.000     0.111      51       4     8.0    16.0
   104.733    32.228    13.744    54.000     0.124      52       6    10.0    16.0
   104.718    32.215    13.744    54.000     0.138      57       8    12.0    16.0
   104.704    32.202    13.744    54.000     0.112      55       6    14.0    16.0
   104.689    32.189    13.744    54.000     0.056      54      23    16.0    16.0
   104.674    32.176    13.744    54.000     0.050      95       1    18.0    16.0
   104.659    32.163    13.744    54.000     0.029      95       1    20.0    16.0
   104.645    32.150    13.744    54.000     0.027      48       5    22.0    16.0
   104.630    32.137    13.744    54.000     0.021      46       7    24.0    16.0
   104.615    32.124    13.744    54.000     0.017      46       8    26.0    16.0
   104.600    32.111    13.744    54.000     0.017      84       3    28.0    16.0
   104.586    32.098    13.744    54.000     0.051      80       4    30.0    16.0
   104.571    32.085    13.744    54.000     0.040      81       4    32.0    16.0
   104.556    32.072    13.744    54.000     0.018      81       3    34.0    16.0
   104.541    32.059    13.744    54.000     0.023      22      36    36.0    16.0
   104.527    32.047    13.744    54.000     0.039      21      35    38.0    16.0
   104.512    32.034    13.744    54.000     0.066      47      36    40.0    16.0
   104.497    32.021    13.744    54.000     0.058      48      36    42.0    16.0
   104.482    32.008    13.744    54.000     0.104      48      36    44.0    16.0
   104.468    31.995    13.744    54.000     0.060      49      36    46.0    16.0
   104.453    31.982    13.744    54.000     0.036      50      35    48.0    16.0
   104.438    31.969    13.744    54.000     0.025      52      35    50.0    16.0
   104.424    31.956    13.744    54.000     0.053      83      31    52.0    16.0
   104.409    31.943    13.744    54.000     0.039      82      32    54.0    16.0
   104.394    31.930    13.744    54.000     0.018      83      31    56.0    16.0
   104.380    31.917    13.744    54.000     0.016      15      13    58.0    16.0
   104.365    31.904    13.744    54.000     0.021      14      14    60.0    16.0
   104.350    31.891    13.744    54.000     0.024      13      16    62.0    16.0
   104.336    31.878    13.744    54.000     0.016      15      18    64.0    16.0
   104.816    32.285    12.126    54.000     0.022      97       5     0.0    14.0
   104.801    32.272    12.126    54.000     0.023      96       6     2.0    14.0
   104.786    32.259    12.126    54.000     0.035      55       8     4.0    14.0
   104.772    32.246    12.126    54.000     0.123      55       9     6.0    14.0
   104.757    32.233    12.126    54.000     0.237      55       9     8.0    14.0
   104.742    32.220    12.126    54.000     0.212      91      28    10.0    14.0
   104.727    32.207    12.126    54.000     0.193      91      28    12.0    14.0
   104.713    32.195    12.126    54.000     0.121      89      30    14.0    14.0
   104.698    32.182    12.126    54.000     0.059      49       4    16.0    14.0
   104.683    32.169    12.126    54.000     0.040      50       4    18.0    14.0
   104.668    32.156    12.126    54.000     0.023      19       6    20.0    14.0
   104.653    32.143    12.126    54.000     0.018      84       2    22.0    14.0
   104.639    32.130    12.126    54.000     0.011      45      25    24.0    14.0
   104.624    32.117    12.126    54.000     0.023      43      26    26.0    14.0
   104.609    32.104    12.126    54.000     0.019      17      35    28.0    14.0
   104.594    32.091    12.126    54.000     0.033      18      34    30.0    14.0
   104.580    32.078    12.126    54.000     0.067      82      34    32.0    14.0
   104.565    32.065    12.126    54.000     0.188      68       1    34.0    14.0
   104.550    32.052    12.126    54.000     0.108      67       1    36.0    14.0
   104.536    32.039    12.126    54.000     0.064      54      36    38.0    14.0
   104.521    32.026    12.126    54.000     0.076      17       3    40.0    14.0
   104.506    32.013    12.126    54.000     0.055      16       3    42.0    14.0
   104.491    32.000    12.126    54.000     0.042      17       3    44.0    14.0
   104.477    31.987    12.126    54.000     0.017      18       5    46.0    14.0
   104.462    31.974    12.126    54.000     0.025      52      36    48.0    14.0
   104.447    31.961    12.126    54.000     0.057      51      31    50.0    14.0
   104.433    31.948    12.126    54.000     0.099      49      31    52.0    14.0
   104.418    31.935    12.126    54.000     0.080      51      18    54.0    14.0
   104.403    31.922    12.126    54.000     0.101      51      16    56.0    14.0
   104.388    31.909    12.126    54.000     0.070      51      16    58.0    14.0
   104.374    31.896    12.126    54.000     0.020      72       1    60.0    14.0
   104.359    31.884    12.126    54.000     0.012      80      31    62.0    14.0
   104.344    31.871    12.126    54.000     0.013      43      34    64.0    14.0
   104.825    32.278    10.508    54.000     0.065      52       6     0.0    12.0
   104.810    32.265    10.508    54.000     0.059      52       9     2.0    12.0
   104.795    32.252    10.508    54.000     0.072      89       2     4.0    12.0
   104.781    32.239    10.508    54.000     0.090      87       2     6.0    12.0
   104.766    32.226    10.508    54.000     0.143      88       4     8.0    12.0
   104.751    32.213    10.508    54.000     0.120      93      28    10.0    12.0
   104.736    32.200    10.508    54.000     0.129      93      31    12.0    12.0
   104.722    32.187    10.508    54.000     0.102      91      32    14.0    12.0
   104.707    32.174    10.508    54.000     0.077      91      32    16.0    12.0
   104.692    32.161    10.508    54.000     0.035      92      34    18.0    12.0
   104.677    32.148    10.508    54.000     0.017      91      31    20.0    12.0
   104.662    32.135    10.508    54.000     0.027      95      37    22.0    12.0
   104.648    32.122    10.508    54.000     0.020      93      37    24.0    12.0
   104.633    32.109    10.508    54.000     0.019      39       1    26.0    12.0
   104.618    32.097    10.508    54.000     0.013      90      35    28.0    12.0
   104.603    32.084    10.508    54.000     0.014      88      36    30.0    12.0
   104.589    32.071    10.508    54.000     0.015      89      36    32.0    12.0
   104.574    32.058    10.508    54.000     0.010      62      34    34.0    12.0
   104.559    32.045    10.508    54.000     0.014      59      35    36.0    12.0
   104.544    32.032    10.508    54.000     0.011      62      31    38.0    12.0
   104.530    32.019    10.508    54.000     0.028      60      30    40.0    12.0
   104.515    32.006    10.508    54.000     0.015      61      21    42.0    12.0
   104.500    31.993    10.508    54.000     0.018      63      30    44.0    12.0
   104.486    31.980    10.508    54.000     0.017      38      37    46.0    12.0
   104.471    31.967    10.508    54.000     0.015      30       8    48.0    12.0
   104.456    31.954    10.508    54.000     0.022      99      34    50.0    12.0
   104.441    31.941    10.508    54.000     0.020      51      27    52.0    12.0
   104.427    31.928    10.508    54.000     0.055      49      33    54.0    12.0
   104.412    31.915    10.508    54.000     0.060      52      32    56.0    12.0
   104.397    31.902    10.508    54.000     0.070      52      32    58.0    12.0
   104.383    31.889    10.508    54.000     0.037      51      31    60.0    12.0
   104.368    31.876    10.508    54.000     0.014     100       2    62.0    12.0
   104.353    31.863    10.508    54.000     0.005      90      27    64.0    12.0
   104.834    32.270     8.890    54.000     0.172      86       7     0.0    10.0
   104.819    32.257     8.890    54.000     0.144      85       6     2.0    10.0
   104.804    32.244     8.890    54.000     0.041      33      36     4.0    10.0
   104.790    32.231     8.890    54.000     0.038      34      35     6.0    10.0
   104.775    32.219     8.890    54.000     0.027      32      35     8.0    10.0
   104.760    32.206     8.890    54.000     0.030      93       5    10.0    10.0
   104.745    32.193     8.890    54.000     0.036      32      30    12.0    10.0
   104.730    32.180     8.890    54.000     0.048      65      10    14.0    10.0
   104.716    32.167     8.890    54.000     0.035      66       8    16.0    10.0
   104.701    32.154     8.890    54.000     0.038      39       1    18.0    10.0
   104.686    32.141     8.890    54.000     0.066      35       2    20.0    10.0
   104.671    32.128     8.890    54.000     0.055      34       2    22.0    10.0
   104.657    32.115     8.890    54.000     0.025      32       2    24.0    10.0
   104.642    32.102     8.890    54.000     0.017      26       6    26.0    10.0
   104.627    32.089     8.890    54.000     0.017      10      37    28.0    10.0
   104.612    32.076     8.890    54.000     0.018      82       1    30.0    10.0
   104.598    32.063     8.890    54.000     0.020      83       1    32.0    10.0
   104.583    32.050     8.890    54.000     0.014      60       1    34.0    10.0
   104.568    32.037     8.890    54.000     0.006      55       4    36.0    10.0
   104.553    32.024     8.890    54.000     0.018      56       1    38.0    10.0
   104.539    32.011     8.890    54.000     0.010       9       1    40.0    10.0
   104.524    31.998     8.890    54.000     0.016      29      24    42.0    10.0
   104.509    31.986     8.890    54.000     0.025      30      20    44.0    10.0
   104.495    31.973     8.890    54.000     0.012      31      21    46.0    10.0
   104.480    31.960     8.890    54.000     0.005      34       5    48.0    10.0
   104.465    31.947     8.890    54.000     0.005      58      32    50.0    10.0
   104.450    31.934     8.890    54.000     0.006      55      32    52.0    10.0
   104.436    31.921     8.890    54.000     0.029      28       4    54.0    10.0
   104.421    31.908     8.890    54.000     0.026      26       5    56.0    10.0
   104.406    31.895     8.890    54.000     0.038      25       5    58.0    10.0
   104.392    31.882     8.890    54.000     0.036      25       5    60.0    10.0
   104.377    31.869     8.890    54.000     0.039      51      33    62.0    10.0
   104.362    31.856     8.890    54.000     0.038      51      33    64.0    10.0
   104.843    32.263     7.272    54.000     0.055      49       1     0.0     8.0
   104.828    32.250     7.272    54.000     0.031      89       8     2.0     8.0
   104.813    32.237     7.272    54.000     0.053      71      36     4.0     8.0
   104.799    32.224     7.272    54.000     0.062      38       9     6.0     8.0
   104.784    32.211     7.272    54.000     0.110      37       4     8.0     8.0
   104.769    32.198     7.272    54.000     0.071      35       9    10.0     8.0
   104.754    32.185     7.272    54.000     0.070      32      17    12.0     8.0
   104.739    32.172     7.272    54.000     0.088      32      27    14.0     8.0
   104.725    32.159     7.272    54.000     0.098      34      24    16.0     8.0
   104.710    32.147     7.272    54.000     0.089      63      37    18.0     8.0
   104.695    32.134     7.272    54.000     0.100      76       1    20.0     8.0
   104.680    32.121     7.272    54.000     0.071      77       1    22.0     8.0
   104.666    32.108     7.272    54.000     0.044      75       1    24.0     8.0
   104.651    32.095     7.272    54.000     0.035      75       1    26.0     8.0
   104.636    32.082     7.272    54.000     0.021      98       6    28.0     8.0
   104.621    32.069     7.272    54.000     0.023      98      15    30.0     8.0
   104.607    32.056     7.272    54.000     0.022      94       6    32.0     8.0
   104.592    32.043     7.272    54.000     0.022      26       7    34.0     8.0
   104.577    32.030     7.272    54.000     0.017      25       9    36.0     8.0
   104.562    32.017     7.272    54.000     0.014      90      25    38.0     8.0
   104.548    32.004     7.272    54.000     0.009      91      27    40.0     8.0
   104.533    31.991     7.272    54.000     0.011      28      36    42.0     8.0
   104.518    31.978     7.272    54.000     0.018      27      36    44.0     8.0
   104.503    31.965     7.272    54.000     0.026      28      36    46.0     8.0
   104.489    31.952     7.272    54.000     0.016      31      34    48.0     8.0
   104.474    31.939     7.272    54.000     0.019      94      36    50.0     8.0
   104.459    31.926     7.272    54.000     0.024      62      23    52.0     8.0
   104.445    31.913     7.272    54.000     0.041      65      33    54.0     8.0
   104.430    31.900     7.272    54.000     0.037      64      33    56.0     8.0
   104.415    31.887     7.272    54.000     0.020     100      24    58.0     8.0
   104.401    31.874     7.272    54.000     0.012      31       4    60.0     8.0
   104.386    31.861     7.272    54.000     0.013      58      33    62.0     8.0
   104.371    31.848     7.272    54.000     0.017      56      33    64.0     8.0
   104.852    32.255     5.654    54.000     0.030      24       1     0.0     6.0
   104.837    32.243     5.654    54.000     0.021      22       1     2.0     6.0
   104.822    32.230     5.654    54.000     0.059      72       8     4.0     6.0
   104.807    32.217     5.654    54.000     0.069      70       8     6.0     6.0
   104.793    32.204     5.654    54.000     0.043      70       8     8.0     6.0
   104.778    32.191     5.654    54.000     0.024      69       9    10.0     6.0
   104.763    32.178     5.654    54.000     0.054      75      32    12.0     6.0
   104.748    32.165     5.654    54.000     0.126      73      29    14.0     6.0
   104.734    32.152     5.654    54.000     0.129      74      31    16.0     6.0
   104.719    32.139     5.654    54.000     0.071      72      32    18.0     6.0
   104.704    32.126     5.654    54.000     0.036      52       1    20.0     6.0
   104.689    32.113     5.654    54.000     0.051      33      37    22.0     6.0
   104.674    32.100     5.654    54.000     0.029      19       3    24.0     6.0
   104.660    32.087     5.654    54.000     0.016      65      15    26.0     6.0
   104.645    32.074     5.654    54.000     0.015      65       8    28.0     6.0
   104.630    32.061     5.654    54.000     0.011      56      31    30.0     6.0
   104.616    32.049     5.654    54.000     0.014      96      33    32.0     6.0
   104.601    32.036     5.654    54.000     0.012      98      33    34.0     6.0
   104.586    32.023     5.654    54.000     0.032      28       4    36.0     6.0
   104.571    32.010     5.654    54.000     0.020      97      34    38.0     6.0
   104.557    31.997     5.654    54.000     0.010      63      36    40.0     6.0
   104.542    31.984     5.654    54.000     0.015      70      13    42.0     6.0
   104.527    31.971     5.654    54.000     0.010      67      36    44.0     6.0
   104.512    31.958     5.654    54.000     0.016      67      36    46.0     6.0
   104.498    31.945     5.654    54.000     0.029      66      35    48.0     6.0
   104.483    31.932     5.654    54.000     0.021      66      36    50.0     6.0
   104.468    31.919     5.654    54.000     0.035      67      34    52.0     6.0
   104.454    31.906     5.654    54.000     0.046      64      34    54.0     6.0
   104.439    31.893     5.654    54.000     0.057      63      35    56.0     6.0
   104.424    31.880     5.654    54.000     0.028     100      33    58.0     6.0
   104.410    31.867     5.654    54.000     0.019      41       3    60.0     6.0
   104.395    31.854     5.654    54.000     0.040      42       2    62.0     6.0
   104.380    31.841     5.654    54.000     0.035      39       3    64.0     6.0
   104.861    32.248     4.036    54.000     0.052      75       5     0.0     4.0
   104.846    32.235     4.036    54.000     0.032     100      25     2.0     4.0
   104.831    32.222     4.036    54.000     0.033      99      28     4.0     4.0
   104.816    32.209     4.036    54.000     0.030      97      35     6.0     4.0
   104.802    32.196     4.036    54.000     0.015      45      34     8.0     4.0
   104.787    32.183     4.036    54.000     0.018      47      34    10.0     4.0
   104.772    32.171     4.036    54.000     0.043      95       1    12.0     4.0
   104.757    32.158     4.036    54.000     0.156      96       1    14.0     4.0
   104.742    32.145     4.036    54.000     0.200      94       1    16.0     4.0
   104.728    32.132     4.036    54.000     0.183      80      37    18.0     4.0
   104.713    32.119     4.036    54.000     0.153      80      37    20.0     4.0
   104.698    32.106     4.036    54.000     0.103      79      37    22.0     4.0
   104.683    32.093     4.036    54.000     0.041      72      29    24.0     4.0
   104.669    32.080     4.036    54.000     0.036      40      35    26.0     4.0
   104.654    32.067     4.036    54.000     0.049      39      34    28.0     4.0
   104.639    32.054     4.036    54.000     0.035      39      36    30.0     4.0
   104.624    32.041     4.036    54.000     0.016      62      25    32.0     4.0
   104.610    32.028     4.036    54.000     0.030      61      30    34.0     4.0
   104.595    32.015     4.036    54.000     0.030      82      14    36.0     4.0
   104.580    32.002     4.036    54.000     0.061      40       5    38.0     4.0
   104.566    31.989     4.036    54.000     0.042      41       4    40.0     4.0
   104.551    31.976     4.036    54.000     0.017      40       4    42.0     4.0
   104.536    31.963     4.036    54.000     0.011      17      22    44.0     4.0
   104.521    31.950     4.036    54.000     0.017      14      28    46.0     4.0
   104.507    31.937     4.036    54.000     0.009      81      37    48.0     4.0
   104.492    31.925     4.036    54.000     0.016      81      37    50.0     4.0
   104.477    31.912     4.036    54.000     0.020      97       7    52.0     4.0
   104.463    31.899     4.036    54.000     0.022      95       7    54.0     4.0
   104.448    31.886     4.036    54.000     0.027      95       6    56.0     4.0
   104.433    31.873     4.036    54.000     0.034      70      30    58.0     4.0
   104.418    31.860     4.036    54.000     0.055      69      29    60.0     4.0
   104.404    31.847     4.036    54.000     0.054      66      31    62.0     4.0
   104.389    31.834     4.036    54.000     0.046      67      32    64.0     4.0
   104.870    32.241     2.418    54.000     0.009      32      28     0.0     2.0
   104.855    32.228     2.418    54.000     0.021      47       1     2.0     2.0
   104.840    32.215     2.418    54.000     0.013      34      32     4.0     2.0
   104.825    32.202     2.418    54.000     0.042      96       7     6.0     2.0
   104.811    32.189     2.418    54.000     0.043      93       6     8.0     2.0
   104.796    32.176     2.418    54.000     0.021      58      16    10.0     2.0
   104.781    32.163     2.418    54.000     0.024      95      27    12.0     2.0
   104.766    32.150     2.418    54.000     0.064      95      27    14.0     2.0
   104.751    32.137     2.418    54.000     0.071      94      35    16.0     2.0
   104.737    32.124     2.418    54.000     0.060      93      35    18.0     2.0
   104.722    32.111     2.418    54.000     0.030      78       2    20.0     2.0
   104.707    32.098     2.418    54.000     0.015      74       1    22.0     2.0
   104.692    32.086     2.418    54.000     0.036      55      29    24.0     2.0
   104.678    32.073     2.418    54.000     0.052      55      36    26.0     2.0
   104.663    32.060     2.418    54.000     0.031      55      36    28.0     2.0
   104.648    32.047     2.418    54.000     0.039      75      33    30.0     2.0
   104.633    32.034     2.418    54.000     0.024      75      34    32.0     2.0
   104.619    32.021     2.418    54.000     0.013      74      34    34.0     2.0
   104.604    32.008     2.418    54.000     0.009      81      34    36.0     2.0
   104.589    31.995     2.418    54.000     0.015      82      36    38.0     2.0
   104.574    31.982     2.418    54.000     0.026      84      36    40.0     2.0
   104.560    31.969     2.418    54.000     0.025      85      36    42.0     2.0
   104.545    31.956     2.418    54.000     0.015      88      36    44.0     2.0
   104.530    31.943     2.418    54.000     0.025      86      36    46.0     2.0
   104.516    31.930     2.418    54.000     0.017      74       1    48.0     2.0
   104.501    31.917     2.418    54.000     0.012      62      36    50.0     2.0
   104.486    31.904     2.418    54.000     0.019      61      37    52.0     2.0
   104.471    31.891     2.418    54.000     0.012      16      23    54.0     2.0
   104.457    31.878     2.418    54.000     0.016      85      26    56.0     2.0
   104.442    31.865     2.418    54.000     0.013      85      11    58.0     2.0
   104.427    31.852     2.418    54.000     0.029      85       3    60.0     2.0
   104.413    31.839     2.418    54.000     0.044      53      36    62.0     2.0
   104.398    31.826     2.418    54.000     0.037      53      36    64.0     2.0
   104.879    32.233     0.800    54.000     0.003      49      33     0.0     0.0
   104.864    32.220     0.800    54.000     0.015      63       1     2.0     0.0
   104.849    32.207     0.800    54.000     0.015      61       1     4.0     0.0
   104.834    32.195     0.800    54.000     0.032      78      37     6.0     0.0
   104.819    32.182     0.800    54.000     0.065      77      37     8.0     0.0
   104.805    32.169     0.800    54.000     0.024      89       1    10.0     0.0
   104.790    32.156     0.800    54.000     0.014      92       1    12.0     0.0
   104.775    32.143     0.800    54.000     0.050      94       1    14.0     0.0
   104.760    32.130     0.800    54.000     0.067      94       1    16.0     0.0
   104.746    32.117     0.800    54.000     0.044      94       1    18.0     0.0
   104.731    32.104     0.800    54.000     0.071       8       1    20.0     0.0
   104.716    32.091     0.800    54.000     0.041       8       1    22.0     0.0
   104.701    32.078     0.800    54.000     0.014      88      24    24.0     0.0
   104.687    32.065     0.800    54.000     0.020      92      35    26.0     0.0
   104.672    32.052     0.800    54.000     0.028      92      35    28.0     0.0
   104.657    32.039     0.800    54.000     0.044      93      36    30.0     0.0
   104.642    32.026     0.800    54.000     0.067      93      35    32.0     0.0
   104.628    32.013     0.800    54.000     0.048      93      35    34.0     0.0
   104.613    32.000     0.800    54.000     0.025      90      35    36.0     0.0
   104.598    31.988     0.800    54.000     0.016      90      35    38.0     0.0
   104.583    31.975     0.800    54.000     0.021      53      35    40.0     0.0
   104.569    31.962     0.800    54.000     0.012      53      35    42.0     0.0
   104.554    31.949     0.800    54.000     0.015      91       1    44.0     0.0
   104.539    31.936     0.800    54.000     0.009      91       1    46.0     0.0
   104.525    31.923     0.800    54.000     0.015      93       1    48.0     0.0
   104.510    31.910     0.800    54.000     0.013      93       1    50.0     0.0
   104.495    31.897     0.800    54.000     0.011      39       3    52.0     0.0
   104.480    31.884     0.800    54.000     0.016      42       2    54.0     0.0
   104.466    31.871     0.800    54.000     0.015      40       3    56.0     0.0
   104.451    31.858     0.800    54.000     0.014      80       3    58.0     0.0
   104.436    31.845     0.800    54.000     0.030      79       2    60.0     0.0
   104.422    31.832     0.800    54.000     0.035      82       2    62.0     0.0
   104.407    31.819     0.800    54.000     0.046      78       3    64.0     0.0
