   104.262    31.926    33.161    54.000     0.011      38      13     0.0    40.0
   104.247    31.913    33.161    54.000     0.016      10      29     2.0    40.0
   104.233    31.900    33.161    54.000     0.026      12      30     4.0    40.0
   104.218    31.887    33.161    54.000     0.027      12      26     6.0    40.0
   104.203    31.874    33.161    54.000     0.025      71      37     8.0    40.0
   104.189    31.861    33.161    54.000     0.039      70      37    10.0    40.0
   104.174    31.848    33.161    54.000     0.054      68      37    12.0    40.0
   104.159    31.835    33.161    54.000     0.028      68      37    14.0    40.0
   104.145    31.822    33.161    54.000     0.020      86       1    16.0    40.0
   104.130    31.809    33.161    54.000     0.022      85       1    18.0    40.0
   104.115    31.796    33.161    54.000     0.023      86       1    20.0    40.0
   104.101    31.783    33.161    54.000     0.017      73      34    22.0    40.0
   104.086    31.770    33.161    54.000     0.014      73      34    24.0    40.0
   104.071    31.757    33.161    54.000     0.019      80      12    26.0    40.0
   104.271    31.919    31.543    54.000     0.017       5      15     0.0    38.0
   104.256    31.906    31.543    54.000     0.027       6      14     2.0    38.0
   104.242    31.893    31.543    54.000     0.020      42      32     4.0    38.0
   104.227    31.880    31.543    54.000     0.020      15      28     6.0    38.0
   104.212    31.867    31.543    54.000     0.013      84      14     8.0    38.0
   104.198    31.854    31.543    54.000     0.015      84      29    10.0    38.0
   104.183    31.841    31.543    54.000     0.026       7       4    12.0    38.0
   104.168    31.828    31.543    54.000     0.023      85      30    14.0    38.0
   104.154    31.815    31.543    54.000     0.021      77       6    16.0    38.0
   104.139    31.802    31.543    54.000     0.018      79      21    18.0    38.0
   104.124    31.789    31.543    54.000     0.024      77      24    20.0    38.0
   104.110    31.776    31.543    54.000     0.017      76      23    22.0    38.0
   104.095    31.763    31.543    54.000     0.027      83       6    24.0    38.0
   104.080    31.750    31.543    54.000     0.018      83      13    26.0    38.0
   104.280    31.911    29.925    54.000     0.141       8       5     0.0    36.0
   104.265    31.898    29.925    54.000     0.127       6      13     2.0    36.0
   104.251    31.885    29.925    54.000     0.149       6      16     4.0    36.0
   104.236    31.872    29.925    54.000     0.134       6      27     6.0    36.0
   104.221    31.859    29.925    54.000     0.110       7      30     8.0    36.0
   104.207    31.846    29.925    54.000     0.047       9      33    10.0    36.0
   104.192    31.833    29.925    54.000     0.027      61      37    12.0    36.0
   104.177    31.820    29.925    54.000     0.039      48       1    14.0    36.0
   104.163    31.807    29.925    54.000     0.046      48       1    16.0    36.0
   104.148    31.794    29.925    54.000     0.023      49       1    18.0    36.0
   104.133    31.781    29.925    54.000     0.013      61      37    20.0    36.0
   104.119    31.768    29.925    54.000     0.012      43      28    22.0    36.0
   104.104    31.755    29.925    54.000     0.018      42      30    24.0    36.0
   104.089    31.742    29.925    54.000     0.021      76      30    26.0    36.0
   104.289    31.904    28.307    54.000     0.016      11       4     0.0    34.0
   104.274    31.891    28.307    54.000     0.034      93      30     2.0    34.0
   104.260    31.878    28.307    54.000     0.025      96      32     4.0    34.0
   104.245    31.865    28.307    54.000     0.035      97      32     6.0    34.0
   104.230    31.852    28.307    54.000     0.040       6      34     8.0    34.0
   104.216    31.839    28.307    54.000     0.032       7      31    10.0    34.0
   104.201    31.826    28.307    54.000     0.024      12      32    12.0    34.0
   104.186    31.813    28.307    54.000     0.015      10      31    14.0    34.0
   104.172    31.800    28.307    54.000     0.011      96      35    16.0    34.0
   104.157    31.787    28.307    54.000     0.004      96      35    18.0    34.0
   104.142    31.774    28.307    54.000     0.008      93      37    20.0    34.0
   104.128    31.761    28.307    54.000     0.004      93      37    22.0    34.0
   104.113    31.748    28.307    54.000     0.005      70      36    24.0    34.0
   104.098    31.735    28.307    54.000     0.009      71      23    26.0    34.0
   104.298    31.896    26.689    54.000     0.031      47       3     0.0    32.0
   104.283    31.884    26.689    54.000     0.048      47       3     2.0    32.0
   104.269    31.871    26.689    54.000     0.022      48       3     4.0    32.0
   104.254    31.858    26.689    54.000     0.011      25       2     6.0    32.0
   104.239    31.845    26.689    54.000     0.020     100      37     8.0    32.0
   104.224    31.832    26.689    54.000     0.016      99      37    10.0    32.0
   104.210    31.819    26.689    54.000     0.061       9      37    12.0    32.0
   104.195    31.806    26.689    54.000     0.085       8      37    14.0    32.0
   104.180    31.793    26.689    54.000     0.061       9      37    16.0    32.0
   104.166    31.780    26.689    54.000     0.043       8      37    18.0    32.0
   104.151    31.767    26.689    54.000     0.050      60      31    20.0    32.0
   104.137    31.754    26.689    54.000     0.072      86      33    22.0    32.0
   104.122    31.741    26.689    54.000     0.068      88      34    24.0    32.0
   104.107    31.728    26.689    54.000     0.024      94      24    26.0    32.0
   104.307    31.889    25.071    54.000     0.025      56       3     0.0    30.0
   104.292    31.876    25.071    54.000     0.016      57       4     2.0    30.0
   104.277    31.863    25.071    54.000     0.021      55      15     4.0    30.0
   104.263    31.850    25.071    54.000     0.026      55      15     6.0    30.0
   104.248    31.837    25.071    54.000     0.039      55      33     8.0    30.0
   104.233    31.824    25.071    54.000     0.027      54      33    10.0    30.0
   104.219    31.811    25.071    54.000     0.019      65       1    12.0    30.0
   104.204    31.798    25.071    54.000     0.015      52      34    14.0    30.0
   104.189    31.785    25.071    54.000     0.029      50      37    16.0    30.0
   104.175    31.772    25.071    54.000     0.018      53      37    18.0    30.0
   104.160    31.759    25.071    54.000     0.036      91      29    20.0    30.0
   104.145    31.746    25.071    54.000     0.069      88      32    22.0    30.0
   104.131    31.733    25.071    54.000     0.101      89      30    24.0    30.0
   104.116    31.720    25.071    54.000     0.108      90      26    26.0    30.0
   104.316    31.882    23.452    54.000     0.047      47      32     0.0    28.0
   104.301    31.869    23.452    54.000     0.029      48      36     2.0    28.0
   104.286    31.856    23.452    54.000     0.017      86      37     4.0    28.0
   104.272    31.843    23.452    54.000     0.032      19      22     6.0    28.0
   104.257    31.830    23.452    54.000     0.020      52      36     8.0    28.0
   104.242    31.817    23.452    54.000     0.025      19      31    10.0    28.0
   104.228    31.804    23.452    54.000     0.039      79       8    12.0    28.0
   104.213    31.791    23.452    54.000     0.026      22      31    14.0    28.0
   104.198    31.778    23.452    54.000     0.045      24      33    16.0    28.0
   104.184    31.765    23.452    54.000     0.034      47      34    18.0    28.0
   104.169    31.752    23.452    54.000     0.033     100      31    20.0    28.0
   104.154    31.739    23.452    54.000     0.026      50      30    22.0    28.0
   104.140    31.726    23.452    54.000     0.025      43       1    24.0    28.0
   104.125    31.713    23.452    54.000     0.016      24      18    26.0    28.0
   104.325    31.874    21.834    54.000     0.029      86      36     0.0    26.0
   104.310    31.861    21.834    54.000     0.025      77       2     2.0    26.0
   104.295    31.848    21.834    54.000     0.030      16      37     4.0    26.0
   104.281    31.835    21.834    54.000     0.040       2       1     6.0    26.0
   104.266    31.823    21.834    54.000     0.030       3       1     8.0    26.0
   104.251    31.810    21.834    54.000     0.019       4       1    10.0    26.0
   104.237    31.797    21.834    54.000     0.011      54      33    12.0    26.0
   104.222    31.784    21.834    54.000     0.010      20       5    14.0    26.0
   104.207    31.771    21.834    54.000     0.010      18       5    16.0    26.0
   104.193    31.758    21.834    54.000     0.040      74      34    18.0    26.0
   104.178    31.745    21.834    54.000     0.084      75      34    20.0    26.0
   104.163    31.732    21.834    54.000     0.079      75      35    22.0    26.0
   104.149    31.719    21.834    54.000     0.056      74      35    24.0    26.0
   104.134    31.706    21.834    54.000     0.022      75      33    26.0    26.0
   104.334    31.867    20.216    54.000     0.023      63      36     0.0    24.0
   104.319    31.854    20.216    54.000     0.023      63      34     2.0    24.0
   104.304    31.841    20.216    54.000     0.026      63      34     4.0    24.0
   104.290    31.828    20.216    54.000     0.014      64      31     6.0    24.0
   104.275    31.815    20.216    54.000     0.019       8       1     8.0    24.0
   104.260    31.802    20.216    54.000     0.016      90       8    10.0    24.0
   104.246    31.789    20.216    54.000     0.021      90       7    12.0    24.0
   104.231    31.776    20.216    54.000     0.024       2       1    14.0    24.0
   104.216    31.763    20.216    54.000     0.019       6       1    16.0    24.0
   104.202    31.750    20.216    54.000     0.032      41      36    18.0    24.0
   104.187    31.737    20.216    54.000     0.022      20       5    20.0    24.0
   104.172    31.724    20.216    54.000     0.032      56       1    22.0    24.0
   104.158    31.711    20.216    54.000     0.051      74      28    24.0    24.0
   104.143    31.698    20.216    54.000     0.038      75      30    26.0    24.0
   104.343    31.860    18.598    54.000     0.019      93       1     0.0    22.0
   104.328    31.847    18.598    54.000     0.016      93       1     2.0    22.0
   104.313    31.834    18.598    54.000     0.012      92       1     4.0    22.0
   104.298    31.821    18.598    54.000     0.007      89       4     6.0    22.0
   104.284    31.808    18.598    54.000     0.008      26      37     8.0    22.0
   104.269    31.795    18.598    54.000     0.008      22      37    10.0    22.0
   104.254    31.782    18.598    54.000     0.007      82      29    12.0    22.0
   104.240    31.769    18.598    54.000     0.027      86      31    14.0    22.0
   104.225    31.756    18.598    54.000     0.069      86      33    16.0    22.0
   104.210    31.743    18.598    54.000     0.051      86      34    18.0    22.0
   104.196    31.730    18.598    54.000     0.070      31       6    20.0    22.0
   104.181    31.717    18.598    54.000     0.079      32       6    22.0    22.0
   104.167    31.704    18.598    54.000     0.081      30       6    24.0    22.0
   104.152    31.691    18.598    54.000     0.096      30       4    26.0    22.0
   104.351    31.852    16.980    54.000     0.032      30      27     0.0    20.0
   104.337    31.839    16.980    54.000     0.036      56      29     2.0    20.0
   104.322    31.826    16.980    54.000     0.035      32      33     4.0    20.0
   104.307    31.813    16.980    54.000     0.042      32      28     6.0    20.0
   104.293    31.800    16.980    54.000     0.038      32      34     8.0    20.0
   104.278    31.787    16.980    54.000     0.017      30      36    10.0    20.0
   104.263    31.774    16.980    54.000     0.020       1      29    12.0    20.0
   104.249    31.761    16.980    54.000     0.014      59       7    14.0    20.0
   104.234    31.749    16.980    54.000     0.020      62      34    16.0    20.0
   104.219    31.736    16.980    54.000     0.023      63       6    18.0    20.0
   104.205    31.723    16.980    54.000     0.035      62      34    20.0    20.0
   104.190    31.710    16.980    54.000     0.024      62      22    22.0    20.0
   104.175    31.697    16.980    54.000     0.025      63      17    24.0    20.0
   104.161    31.684    16.980    54.000     0.035      30       2    26.0    20.0
   104.360    31.845    15.362    54.000     0.021      70      34     0.0    18.0
   104.346    31.832    15.362    54.000     0.032      28      34     2.0    18.0
   104.331    31.819    15.362    54.000     0.029      97       7     4.0    18.0
   104.316    31.806    15.362    54.000     0.035      96       7     6.0    18.0
   104.302    31.793    15.362    54.000     0.019      68       5     8.0    18.0
   104.287    31.780    15.362    54.000     0.081      28      11    10.0    18.0
   104.272    31.767    15.362    54.000     0.066      27      11    12.0    18.0
   104.258    31.754    15.362    54.000     0.072      25      13    14.0    18.0
   104.243    31.741    15.362    54.000     0.065      99      32    16.0    18.0
   104.228    31.728    15.362    54.000     0.050      25      16    18.0    18.0
   104.214    31.715    15.362    54.000     0.031      24      20    20.0    18.0
   104.199    31.702    15.362    54.000     0.047      71       3    22.0    18.0
   104.184    31.689    15.362    54.000     0.060      73       3    24.0    18.0
   104.170    31.676    15.362    54.000     0.063      73       3    26.0    18.0
   104.369    31.838    13.744    54.000     0.009      68      28     0.0    16.0
   104.355    31.825    13.744    54.000     0.008      69      27     2.0    16.0
   104.340    31.812    13.744    54.000     0.013      20       3     4.0    16.0
   104.325    31.799    13.744    54.000     0.024      20       3     6.0    16.0
   104.311    31.786    13.744    54.000     0.018      31      31     8.0    16.0
   104.296    31.773    13.744    54.000     0.026      67      14    10.0    16.0
   104.281    31.760    13.744    54.000     0.034      69      31    12.0    16.0
   104.267    31.747    13.744    54.000     0.032      69      32    14.0    16.0
   104.252    31.734    13.744    54.000     0.046      73      33    16.0    16.0
   104.237    31.721    13.744    54.000     0.040      10       1    18.0    16.0
   104.223    31.708    13.744    54.000     0.029      12       1    20.0    16.0
   104.208    31.695    13.744    54.000     0.035      13       1    22.0    16.0
   104.193    31.682    13.744    54.000     0.026      64      36    24.0    16.0
   104.179    31.669    13.744    54.000     0.042      44       2    26.0    16.0
   104.378    31.830    12.126    54.000     0.033      38      35     0.0    14.0
   104.364    31.817    12.126    54.000     0.033      38      31     2.0    14.0
   104.349    31.804    12.126    54.000     0.044      40      32     4.0    14.0
   104.334    31.791    12.126    54.000     0.062      39      33     6.0    14.0
   104.320    31.778    12.126    54.000     0.054      38      33     8.0    14.0
   104.305    31.765    12.126    54.000     0.077      35      32    10.0    14.0
   104.290    31.752    12.126    54.000     0.088      35      33    12.0    14.0
   104.275    31.739    12.126    54.000     0.065      34      29    14.0    14.0
   104.261    31.726    12.126    54.000     0.025      36      33    16.0    14.0
   104.246    31.713    12.126    54.000     0.031      72      25    18.0    14.0
   104.232    31.700    12.126    54.000     0.030      74      24    20.0    14.0
   104.217    31.688    12.126    54.000     0.019      74      31    22.0    14.0
   104.202    31.675    12.126    54.000     0.022      26      37    24.0    14.0
   104.188    31.662    12.126    54.000     0.014      75      34    26.0    14.0
   104.387    31.823    10.508    54.000     0.009      43      37     0.0    12.0
   104.372    31.810    10.508    54.000     0.016      75      33     2.0    12.0
   104.358    31.797    10.508    54.000     0.016      75      32     4.0    12.0
   104.343    31.784    10.508    54.000     0.017      44      36     6.0    12.0
   104.328    31.771    10.508    54.000     0.028      81      16     8.0    12.0
   104.314    31.758    10.508    54.000     0.023      80      17    10.0    12.0
   104.299    31.745    10.508    54.000     0.029      78      20    12.0    12.0
   104.284    31.732    10.508    54.000     0.032      78      20    14.0    12.0
   104.270    31.719    10.508    54.000     0.016      48       6    16.0    12.0
   104.255    31.706    10.508    54.000     0.024      11      34    18.0    12.0
   104.240    31.693    10.508    54.000     0.022      13      31    20.0    12.0
   104.226    31.680    10.508    54.000     0.014      53      35    22.0    12.0
   104.211    31.667    10.508    54.000     0.016      51      34    24.0    12.0
   104.197    31.654    10.508    54.000     0.024      52      32    26.0    12.0
   104.396    31.815     8.890    54.000     0.034       5      37     0.0    10.0
   104.381    31.802     8.890    54.000     0.031       7      37     2.0    10.0
   104.367    31.789     8.890    54.000     0.023       6      37     4.0    10.0
   104.352    31.777     8.890    54.000     0.024      48      19     6.0    10.0
   104.337    31.764     8.890    54.000     0.051      47      32     8.0    10.0
   104.323    31.751     8.890    54.000     0.072      47      31    10.0    10.0
   104.308    31.738     8.890    54.000     0.081      47      24    12.0    10.0
   104.293    31.725     8.890    54.000     0.040      45      26    14.0    10.0
   104.279    31.712     8.890    54.000     0.028      45      22    16.0    10.0
   104.264    31.699     8.890    54.000     0.015      43      18    18.0    10.0
   104.249    31.686     8.890    54.000     0.014      87       2    20.0    10.0
   104.235    31.673     8.890    54.000     0.016      86       2    22.0    10.0
   104.220    31.660     8.890    54.000     0.033      85       1    24.0    10.0
   104.205    31.647     8.890    54.000     0.058      98      37    26.0    10.0
   104.405    31.808     7.272    54.000     0.041      48      28     0.0     8.0
   104.390    31.795     7.272    54.000     0.042      49      29     2.0     8.0
   104.376    31.782     7.272    54.000     0.014      51      33     4.0     8.0
   104.361    31.769     7.272    54.000     0.022      92      20     6.0     8.0
   104.346    31.756     7.272    54.000     0.039      92      15     8.0     8.0
   104.332    31.743     7.272    54.000     0.056      91      10    10.0     8.0
   104.317    31.730     7.272    54.000     0.040      46      17    12.0     8.0
   104.302    31.717     7.272    54.000     0.039      92      10    14.0     8.0
   104.288    31.704     7.272    54.000     0.042      92       3    16.0     8.0
   104.273    31.691     7.272    54.000     0.052      91       3    18.0     8.0
   104.258    31.678     7.272    54.000     0.020      86      22    20.0     8.0
   104.244    31.665     7.272    54.000     0.021      56       3    22.0     8.0
   104.229    31.652     7.272    54.000     0.025      56       3    24.0     8.0
   104.214    31.639     7.272    54.000     0.032      57       3    26.0     8.0
   104.414    31.801     5.654    54.000     0.023      53      32     0.0     6.0
   104.399    31.788     5.654    54.000     0.037      52      32     2.0     6.0
   104.385    31.775     5.654    54.000     0.019      90      35     4.0     6.0
   104.370    31.762     5.654    54.000     0.027      89      33     6.0     6.0
   104.355    31.749     5.654    54.000     0.024      87      35     8.0     6.0
   104.341    31.736     5.654    54.000     0.014      78       1    10.0     6.0
   104.326    31.723     5.654    54.000     0.018       7      11    12.0     6.0
   104.311    31.710     5.654    54.000     0.023      91       6    14.0     6.0
   104.297    31.697     5.654    54.000     0.018      91       5    16.0     6.0
   104.282    31.684     5.654    54.000     0.015      45      35    18.0     6.0
   104.267    31.671     5.654    54.000     0.027      26       1    20.0     6.0
   104.253    31.658     5.654    54.000     0.057      28       2    22.0     6.0
   104.238    31.645     5.654    54.000     0.073      26       2    24.0     6.0
   104.223    31.632     5.654    54.000     0.089      26       1    26.0     6.0
   104.423    31.793     4.036    54.000     0.018       3       3     0.0     4.0
   104.408    31.780     4.036    54.000     0.027       4      13     2.0     4.0
   104.393    31.767     4.036    54.000     0.047       4      17     4.0     4.0
   104.379    31.754     4.036    54.000     0.056       4      11     6.0     4.0
   104.364    31.741     4.036    54.000     0.036       3      16     8.0     4.0
   104.349    31.728     4.036    54.000     0.019       4      15    10.0     4.0
   104.335    31.716     4.036    54.000     0.021      31      24    12.0     4.0
   104.320    31.703     4.036    54.000     0.026      32      21    14.0     4.0
   104.305    31.690     4.036    54.000     0.022      94      31    16.0     4.0
   104.291    31.677     4.036    54.000     0.036      94      29    18.0     4.0
   104.276    31.664     4.036    54.000     0.021      48      37    20.0     4.0
   104.261    31.651     4.036    54.000     0.031      49      37    22.0     4.0
   104.247    31.638     4.036    54.000     0.035      49      37    24.0     4.0
   104.232    31.625     4.036    54.000     0.026      37       2    26.0     4.0
   104.432    31.786     2.418    54.000     0.019      45      35     0.0     2.0
   104.417    31.773     2.418    54.000     0.021      73       4     2.0     2.0
   104.402    31.760     2.418    54.000     0.025      85      37     4.0     2.0
   104.388    31.747     2.418    54.000     0.024      86      37     6.0     2.0
   104.373    31.734     2.418    54.000     0.024     100       1     8.0     2.0
   104.358    31.721     2.418    54.000     0.021      22       2    10.0     2.0
   104.344    31.708     2.418    54.000     0.015      20       2    12.0     2.0
   104.329    31.695     2.418    54.000     0.011      30      11    14.0     2.0
   104.314    31.682     2.418    54.000     0.009      97       1    16.0     2.0
   104.300    31.669     2.418    54.000     0.009      74       1    18.0     2.0
   104.285    31.656     2.418    54.000     0.021      48       2    20.0     2.0
   104.270    31.643     2.418    54.000     0.030      49       2    22.0     2.0
   104.256    31.630     2.418    54.000     0.024      48       2    24.0     2.0
   104.241    31.617     2.418    54.000     0.027      21       2    26.0     2.0
   104.441    31.779     0.800    54.000     0.048      78       5     0.0     0.0
   104.426    31.766     0.800    54.000     0.018      77       6     2.0     0.0
   104.411    31.753     0.800    54.000     0.012      78      17     4.0     0.0
   104.397    31.740     0.800    54.000     0.017      55      37     6.0     0.0
   104.382    31.727     0.800    54.000     0.014      78      36     8.0     0.0
   104.367    31.714     0.800    54.000     0.027       1      35    10.0     0.0
   104.353    31.701     0.800    54.000     0.006       1      35    12.0     0.0
   104.338    31.688     0.800    54.000     0.006       1      29    14.0     0.0
   104.323    31.675     0.800    54.000     0.014       1      26    16.0     0.0
   104.309    31.662     0.800    54.000     0.026      72      35    18.0     0.0
   104.294    31.649     0.800    54.000     0.018      73      36    20.0     0.0
   104.279    31.636     0.800    54.000     0.019      48      36    22.0     0.0
   104.265    31.623     0.800    54.000     0.021      46      36    24.0     0.0
   104.250    31.610     0.800    54.000     0.023      44      36    26.0     0.0
