   105.691    32.980    38.388    70.000     0.061     803       9     0.0    40.0
   105.674    32.968    38.388    70.000     0.079     802      11     2.0    40.0
   105.658    32.957    38.388    70.000     0.083     802      18     4.0    40.0
   105.641    32.945    38.388    70.000     0.110    1293      36     6.0    40.0
   105.625    32.934    38.388    70.000     0.074    1291      36     8.0    40.0
   105.608    32.922    38.388    70.000     0.061    1674      36    10.0    40.0
   105.592    32.911    38.388    70.000     0.067    1674      36    12.0    40.0
   105.575    32.900    38.388    70.000     0.072    1076      28    14.0    40.0
   105.559    32.888    38.388    70.000     0.137     610      32    16.0    40.0
   105.542    32.877    38.388    70.000     0.109     609      30    18.0    40.0
   105.526    32.865    38.388    70.000     0.104     841      33    20.0    40.0
   105.510    32.853    38.388    70.000     0.100     838      33    22.0    40.0
   105.493    32.842    38.388    70.000     0.097     837      32    24.0    40.0
   105.477    32.830    38.388    70.000     0.112    1945      36    26.0    40.0
   105.460    32.819    38.388    70.000     0.093    1416       8    28.0    40.0
   105.444    32.807    38.388    70.000     0.102    1913      35    30.0    40.0
   105.427    32.796    38.388    70.000     0.092    1911      35    32.0    40.0
   105.411    32.784    38.388    70.000     0.083    1144      28    34.0    40.0
   105.395    32.773    38.388    70.000     0.107    1145      29    36.0    40.0
   105.378    32.761    38.388    70.000     0.052    1072      36    38.0    40.0
   105.362    32.750    38.388    70.000     0.073    1287       4    40.0    40.0
   105.345    32.738    38.388    70.000     0.105    1285       4    42.0    40.0
   105.329    32.727    38.388    70.000     0.086    1294      35    44.0    40.0
   105.312    32.715    38.388    70.000     0.062     467      34    46.0    40.0
   105.296    32.704    38.388    70.000     0.055     467      33    48.0    40.0
   105.280    32.692    38.388    70.000     0.040    1949       3    50.0    40.0
   105.263    32.681    38.388    70.000     0.049    1948       3    52.0    40.0
   105.247    32.669    38.388    70.000     0.055    1294      10    54.0    40.0
   105.231    32.658    38.388    70.000     0.068    1145      36    56.0    40.0
   105.214    32.646    38.388    70.000     0.102    1511      11    58.0    40.0
   105.198    32.634    38.388    70.000     0.083    1289      32    60.0    40.0
   105.181    32.623    38.388    70.000     0.092    1289      32    62.0    40.0
   105.165    32.611    38.388    70.000     0.059     892      16    64.0    40.0
   105.149    32.600    38.388    70.000     0.078     892      28    66.0    40.0
   105.132    32.588    38.388    70.000     0.098    1038      34    68.0    40.0
   105.116    32.577    38.388    70.000     0.107    1039      34    70.0    40.0
   105.100    32.565    38.388    70.000     0.120    1039      34    72.0    40.0
   105.083    32.554    38.388    70.000     0.091     544      32    74.0    40.0
   105.067    32.542    38.388    70.000     0.074    1560      20    76.0    40.0
   105.051    32.530    38.388    70.000     0.094    1561      15    78.0    40.0
   105.034    32.519    38.388    70.000     0.083     866      37    80.0    40.0
   105.018    32.507    38.388    70.000     0.062     865      37    82.0    40.0
   105.002    32.496    38.388    70.000     0.086    1954       2    84.0    40.0
   104.985    32.484    38.388    70.000     0.089     544       4    86.0    40.0
   104.969    32.473    38.388    70.000     0.114     345       7    88.0    40.0
   104.953    32.461    38.388    70.000     0.088     600      37    90.0    40.0
   104.936    32.449    38.388    70.000     0.083     892       5    92.0    40.0
   104.920    32.438    38.388    70.000     0.065    1887      37    94.0    40.0
   104.904    32.426    38.388    70.000     0.069     895       9    96.0    40.0
   104.888    32.415    38.388    70.000     0.067     895      25    98.0    40.0
   104.871    32.403    38.388    70.000     0.113     894      31   100.0    40.0
   104.855    32.391    38.388    70.000     0.146     894      27   102.0    40.0
   104.839    32.380    38.388    70.000     0.163     895      28   104.0    40.0
   104.822    32.368    38.388    70.000     0.058     896      29   106.0    40.0
   104.806    32.357    38.388    70.000     0.079     660      35   108.0    40.0
   104.790    32.345    38.388    70.000     0.143     688      31   110.0    40.0
   104.774    32.333    38.388    70.000     0.164     686      26   112.0    40.0
   105.695    32.975    36.508    70.000     0.179     874      27     0.0    38.0
   105.679    32.964    36.508    70.000     0.203     873      26     2.0    38.0
   105.662    32.952    36.508    70.000     0.132     876       3     4.0    38.0
   105.646    32.941    36.508    70.000     0.223     875       3     6.0    38.0
   105.629    32.929    36.508    70.000     0.267     875       2     8.0    38.0
   105.613    32.918    36.508    70.000     0.149     875       2    10.0    38.0
   105.596    32.906    36.508    70.000     0.068     874       3    12.0    38.0
   105.580    32.895    36.508    70.000     0.106     560       2    14.0    38.0
   105.564    32.883    36.508    70.000     0.081     851      30    16.0    38.0
   105.547    32.872    36.508    70.000     0.090     615      30    18.0    38.0
   105.531    32.860    36.508    70.000     0.059    2150       6    20.0    38.0
   105.514    32.849    36.508    70.000     0.050     852       3    22.0    38.0
   105.498    32.837    36.508    70.000     0.065     852       3    24.0    38.0
   105.481    32.826    36.508    70.000     0.075     906      34    26.0    38.0
   105.465    32.814    36.508    70.000     0.078     906      35    28.0    38.0
   105.448    32.803    36.508    70.000     0.105    1083      30    30.0    38.0
   105.432    32.791    36.508    70.000     0.108    1083      30    32.0    38.0
   105.416    32.780    36.508    70.000     0.103    1421      34    34.0    38.0
   105.399    32.768    36.508    70.000     0.152    1422      34    36.0    38.0
   105.383    32.757    36.508    70.000     0.175    1421      34    38.0    38.0
   105.366    32.745    36.508    70.000     0.072    1140      13    40.0    38.0
   105.350    32.734    36.508    70.000     0.051    1139      12    42.0    38.0
   105.334    32.722    36.508    70.000     0.052     472      36    44.0    38.0
   105.317    32.711    36.508    70.000     0.092     807      36    46.0    38.0
   105.301    32.699    36.508    70.000     0.057     808      35    48.0    38.0
   105.284    32.687    36.508    70.000     0.055    1152      16    50.0    38.0
   105.268    32.676    36.508    70.000     0.057    1734       5    52.0    38.0
   105.252    32.664    36.508    70.000     0.053    1706       4    54.0    38.0
   105.235    32.653    36.508    70.000     0.067    1705       3    56.0    38.0
   105.219    32.641    36.508    70.000     0.064     714      31    58.0    38.0
   105.202    32.630    36.508    70.000     0.092    1256       7    60.0    38.0
   105.186    32.618    36.508    70.000     0.109    1259      16    62.0    38.0
   105.170    32.607    36.508    70.000     0.084    1261      16    64.0    38.0
   105.153    32.595    36.508    70.000     0.091    1510      35    66.0    38.0
   105.137    32.584    36.508    70.000     0.086    1510      35    68.0    38.0
   105.121    32.572    36.508    70.000     0.115    1559       1    70.0    38.0
   105.104    32.560    36.508    70.000     0.099    1559       1    72.0    38.0
   105.088    32.549    36.508    70.000     0.086     798       2    74.0    38.0
   105.072    32.537    36.508    70.000     0.059     797       2    76.0    38.0
   105.055    32.526    36.508    70.000     0.050    1679       6    78.0    38.0
   105.039    32.514    36.508    70.000     0.071    1919       2    80.0    38.0
   105.023    32.503    36.508    70.000     0.093    1675      34    82.0    38.0
   105.006    32.491    36.508    70.000     0.205     585      20    84.0    38.0
   104.990    32.479    36.508    70.000     0.280     584      22    86.0    38.0
   104.974    32.468    36.508    70.000     0.096     582      23    88.0    38.0
   104.957    32.456    36.508    70.000     0.172     802      35    90.0    38.0
   104.941    32.445    36.508    70.000     0.200     803      34    92.0    38.0
   104.925    32.433    36.508    70.000     0.174     804      36    94.0    38.0
   104.908    32.422    36.508    70.000     0.182     859      11    96.0    38.0
   104.892    32.410    36.508    70.000     0.089    1902       1    98.0    38.0
   104.876    32.398    36.508    70.000     0.125    1677       2   100.0    38.0
   104.860    32.387    36.508    70.000     0.158    1676       2   102.0    38.0
   104.843    32.375    36.508    70.000     0.137    1675       3   104.0    38.0
   104.827    32.364    36.508    70.000     0.119    1387      34   106.0    38.0
   104.811    32.352    36.508    70.000     0.173     902      26   108.0    38.0
   104.795    32.340    36.508    70.000     0.102     584      33   110.0    38.0
   104.778    32.329    36.508    70.000     0.103    1676      35   112.0    38.0
   105.700    32.970    34.629    70.000     0.100    1323       2     0.0    36.0
   105.684    32.959    34.629    70.000     0.094     743       2     2.0    36.0
   105.667    32.947    34.629    70.000     0.090    1321       2     4.0    36.0
   105.651    32.936    34.629    70.000     0.060     904      26     6.0    36.0
   105.634    32.924    34.629    70.000     0.050     469      37     8.0    36.0
   105.618    32.913    34.629    70.000     0.061     471      37    10.0    36.0
   105.601    32.901    34.629    70.000     0.056     487       3    12.0    36.0
   105.585    32.890    34.629    70.000     0.047     484       3    14.0    36.0
   105.568    32.879    34.629    70.000     0.104    1930       6    16.0    36.0
   105.552    32.867    34.629    70.000     0.119    1962       7    18.0    36.0
   105.535    32.856    34.629    70.000     0.126    1930       7    20.0    36.0
   105.519    32.844    34.629    70.000     0.089    1929       8    22.0    36.0
   105.502    32.832    34.629    70.000     0.078     804      28    24.0    36.0
   105.486    32.821    34.629    70.000     0.077     806      29    26.0    36.0
   105.470    32.809    34.629    70.000     0.070    1274      37    28.0    36.0
   105.453    32.798    34.629    70.000     0.087    1497      37    30.0    36.0
   105.437    32.786    34.629    70.000     0.113    1496      37    32.0    36.0
   105.420    32.775    34.629    70.000     0.054    1496      37    34.0    36.0
   105.404    32.763    34.629    70.000     0.038     642      37    36.0    36.0
   105.387    32.752    34.629    70.000     0.060    1332       4    38.0    36.0
   105.371    32.740    34.629    70.000     0.060    1329       4    40.0    36.0
   105.355    32.729    34.629    70.000     0.075    1329       4    42.0    36.0
   105.338    32.717    34.629    70.000     0.080    1489       1    44.0    36.0
   105.322    32.706    34.629    70.000     0.051    1425      36    46.0    36.0
   105.305    32.694    34.629    70.000     0.068     667      28    48.0    36.0
   105.289    32.683    34.629    70.000     0.087     881      37    50.0    36.0
   105.273    32.671    34.629    70.000     0.097     877      37    52.0    36.0
   105.256    32.660    34.629    70.000     0.111     863       1    54.0    36.0
   105.240    32.648    34.629    70.000     0.094     878      37    56.0    36.0
   105.223    32.637    34.629    70.000     0.092    1642       1    58.0    36.0
   105.207    32.625    34.629    70.000     0.086    1641       1    60.0    36.0
   105.191    32.613    34.629    70.000     0.069     987      36    62.0    36.0
   105.174    32.602    34.629    70.000     0.065    1744      32    64.0    36.0
   105.158    32.590    34.629    70.000     0.075    1741      32    66.0    36.0
   105.142    32.579    34.629    70.000     0.104    1259      33    68.0    36.0
   105.125    32.567    34.629    70.000     0.100    1259      33    70.0    36.0
   105.109    32.556    34.629    70.000     0.087    1256      33    72.0    36.0
   105.093    32.544    34.629    70.000     0.094     914      14    74.0    36.0
   105.076    32.533    34.629    70.000     0.104     510      14    76.0    36.0
   105.060    32.521    34.629    70.000     0.122     508      13    78.0    36.0
   105.044    32.509    34.629    70.000     0.114    1086      32    80.0    36.0
   105.027    32.498    34.629    70.000     0.135    1086      32    82.0    36.0
   105.011    32.486    34.629    70.000     0.103     589      14    84.0    36.0
   104.995    32.475    34.629    70.000     0.128     590      20    86.0    36.0
   104.978    32.463    34.629    70.000     0.085    1907      25    88.0    36.0
   104.962    32.452    34.629    70.000     0.121     861       5    90.0    36.0
   104.946    32.440    34.629    70.000     0.101     859       7    92.0    36.0
   104.929    32.428    34.629    70.000     0.093     804      36    94.0    36.0
   104.913    32.417    34.629    70.000     0.096     788       1    96.0    36.0
   104.897    32.405    34.629    70.000     0.081    1243       1    98.0    36.0
   104.881    32.394    34.629    70.000     0.112    1243       1   100.0    36.0
   104.864    32.382    34.629    70.000     0.037     861      35   102.0    36.0
   104.848    32.370    34.629    70.000     0.034     677      33   104.0    36.0
   104.832    32.359    34.629    70.000     0.067     677      33   106.0    36.0
   104.815    32.347    34.629    70.000     0.111     677      33   108.0    36.0
   104.799    32.336    34.629    70.000     0.084     336       1   110.0    36.0
   104.783    32.324    34.629    70.000     0.084    1392      14   112.0    36.0
   105.705    32.966    32.750    70.000     0.167     555      26     0.0    34.0
   105.688    32.954    32.750    70.000     0.200     556      15     2.0    34.0
   105.672    32.943    32.750    70.000     0.136     556      13     4.0    34.0
   105.655    32.931    32.750    70.000     0.069     786      13     6.0    34.0
   105.639    32.920    32.750    70.000     0.089     785      24     8.0    34.0
   105.622    32.908    32.750    70.000     0.066    1413      15    10.0    34.0
   105.606    32.897    32.750    70.000     0.100    1306       6    12.0    34.0
   105.589    32.885    32.750    70.000     0.059    1056      30    14.0    34.0
   105.573    32.874    32.750    70.000     0.049     318      32    16.0    34.0
   105.556    32.862    32.750    70.000     0.083    1538      34    18.0    34.0
   105.540    32.851    32.750    70.000     0.147    1536      35    20.0    34.0
   105.524    32.839    32.750    70.000     0.155    1536      35    22.0    34.0
   105.507    32.828    32.750    70.000     0.064    1536      36    24.0    34.0
   105.491    32.816    32.750    70.000     0.077    1129      35    26.0    34.0
   105.474    32.805    32.750    70.000     0.099    1129      34    28.0    34.0
   105.458    32.793    32.750    70.000     0.136    1129      35    30.0    34.0
   105.441    32.782    32.750    70.000     0.138    1128      35    32.0    34.0
   105.425    32.770    32.750    70.000     0.085    1127      35    34.0    34.0
   105.408    32.759    32.750    70.000     0.060    1246      26    36.0    34.0
   105.392    32.747    32.750    70.000     0.099    1246      29    38.0    34.0
   105.376    32.736    32.750    70.000     0.089    1246      27    40.0    34.0
   105.359    32.724    32.750    70.000     0.139     720      36    42.0    34.0
   105.343    32.713    32.750    70.000     0.079    1159       2    44.0    34.0
   105.326    32.701    32.750    70.000     0.091    1159       2    46.0    34.0
   105.310    32.690    32.750    70.000     0.065    1768      32    48.0    34.0
   105.294    32.678    32.750    70.000     0.044    1766      32    50.0    34.0
   105.277    32.666    32.750    70.000     0.038    1764      37    52.0    34.0
   105.261    32.655    32.750    70.000     0.063    1627      37    54.0    34.0
   105.245    32.643    32.750    70.000     0.063    1723       1    56.0    34.0
   105.228    32.632    32.750    70.000     0.047    1659      37    58.0    34.0
   105.212    32.620    32.750    70.000     0.067    1598      36    60.0    34.0
   105.195    32.609    32.750    70.000     0.063    1598      36    62.0    34.0
   105.179    32.597    32.750    70.000     0.054    1369      37    64.0    34.0
   105.163    32.586    32.750    70.000     0.067     659       1    66.0    34.0
   105.146    32.574    32.750    70.000     0.045    1923      14    68.0    34.0
   105.130    32.562    32.750    70.000     0.079    1247       2    70.0    34.0
   105.114    32.551    32.750    70.000     0.123    1246       2    72.0    34.0
   105.097    32.539    32.750    70.000     0.073    1921      21    74.0    34.0
   105.081    32.528    32.750    70.000     0.120    1548      27    76.0    34.0
   105.065    32.516    32.750    70.000     0.161    1548      26    78.0    34.0
   105.048    32.505    32.750    70.000     0.129    1546      25    80.0    34.0
   105.032    32.493    32.750    70.000     0.091    1548      23    82.0    34.0
   105.016    32.482    32.750    70.000     0.057     710      10    84.0    34.0
   104.999    32.470    32.750    70.000     0.067    1576       8    86.0    34.0
   104.983    32.458    32.750    70.000     0.067     515      35    88.0    34.0
   104.967    32.447    32.750    70.000     0.077     627      31    90.0    34.0
   104.950    32.435    32.750    70.000     0.113    1829      31    92.0    34.0
   104.934    32.424    32.750    70.000     0.118    1828      30    94.0    34.0
   104.918    32.412    32.750    70.000     0.072    1088      37    96.0    34.0
   104.902    32.400    32.750    70.000     0.063     628       6    98.0    34.0
   104.885    32.389    32.750    70.000     0.076    1577      10   100.0    34.0
   104.869    32.377    32.750    70.000     0.087    1576      14   102.0    34.0
   104.853    32.366    32.750    70.000     0.074    1575      20   104.0    34.0
   104.836    32.354    32.750    70.000     0.054    1576      20   106.0    34.0
   104.820    32.343    32.750    70.000     0.073     746       4   108.0    34.0
   104.804    32.331    32.750    70.000     0.059    1500      34   110.0    34.0
   104.788    32.319    32.750    70.000     0.065    1497      27   112.0    34.0
   105.709    32.961    30.870    70.000     0.134    1030       3     0.0    32.0
   105.693    32.949    30.870    70.000     0.095    1030       2     2.0    32.0
   105.676    32.938    30.870    70.000     0.080    1243      27     4.0    32.0
   105.660    32.926    30.870    70.000     0.065     509      37     6.0    32.0
   105.643    32.915    30.870    70.000     0.087    1336      12     8.0    32.0
   105.627    32.903    30.870    70.000     0.103    1336       6    10.0    32.0
   105.610    32.892    30.870    70.000     0.074    1337       6    12.0    32.0
   105.594    32.880    30.870    70.000     0.076    1071       1    14.0    32.0
   105.578    32.869    30.870    70.000     0.059     629      32    16.0    32.0
   105.561    32.858    30.870    70.000     0.062    1097       2    18.0    32.0
   105.545    32.846    30.870    70.000     0.087    1797      35    20.0    32.0
   105.528    32.835    30.870    70.000     0.086    1267      36    22.0    32.0
   105.512    32.823    30.870    70.000     0.095     676       2    24.0    32.0
   105.495    32.811    30.870    70.000     0.082     678       3    26.0    32.0
   105.479    32.800    30.870    70.000     0.065     630      13    28.0    32.0
   105.462    32.788    30.870    70.000     0.071     630      19    30.0    32.0
   105.446    32.777    30.870    70.000     0.085    1097      35    32.0    32.0
   105.430    32.765    30.870    70.000     0.077    1129      29    34.0    32.0
   105.413    32.754    30.870    70.000     0.142    1129      27    36.0    32.0
   105.397    32.742    30.870    70.000     0.123    1128      20    38.0    32.0
   105.380    32.731    30.870    70.000     0.104    1127      16    40.0    32.0
   105.364    32.719    30.870    70.000     0.068     682      34    42.0    32.0
   105.348    32.708    30.870    70.000     0.070    1477       1    44.0    32.0
   105.331    32.696    30.870    70.000     0.066    1488      37    46.0    32.0
   105.315    32.685    30.870    70.000     0.048    1027      37    48.0    32.0
   105.298    32.673    30.870    70.000     0.062    1795       5    50.0    32.0
   105.282    32.662    30.870    70.000     0.058    1795       4    52.0    32.0
   105.266    32.650    30.870    70.000     0.065    1496       4    54.0    32.0
   105.249    32.639    30.870    70.000     0.073    1499      22    56.0    32.0
   105.233    32.627    30.870    70.000     0.049    1497       4    58.0    32.0
   105.216    32.616    30.870    70.000     0.068    1579       1    60.0    32.0
   105.200    32.604    30.870    70.000     0.095    1307      32    62.0    32.0
   105.184    32.592    30.870    70.000     0.101    1306      33    64.0    32.0
   105.167    32.581    30.870    70.000     0.134    1624      12    66.0    32.0
   105.151    32.569    30.870    70.000     0.175    1622      11    68.0    32.0
   105.135    32.558    30.870    70.000     0.130    1622      14    70.0    32.0
   105.118    32.546    30.870    70.000     0.085    1623       9    72.0    32.0
   105.102    32.535    30.870    70.000     0.059     785      12    74.0    32.0
   105.086    32.523    30.870    70.000     0.083    1688      10    76.0    32.0
   105.069    32.512    30.870    70.000     0.073     878      37    78.0    32.0
   105.053    32.500    30.870    70.000     0.106    1772      36    80.0    32.0
   105.037    32.488    30.870    70.000     0.219     600      27    82.0    32.0
   105.020    32.477    30.870    70.000     0.187     601      27    84.0    32.0
   105.004    32.465    30.870    70.000     0.215     785      30    86.0    32.0
   104.988    32.454    30.870    70.000     0.187     786      30    88.0    32.0
   104.971    32.442    30.870    70.000     0.119     785      32    90.0    32.0
   104.955    32.431    30.870    70.000     0.076     786      30    92.0    32.0
   104.939    32.419    30.870    70.000     0.049     359      32    94.0    32.0
   104.923    32.407    30.870    70.000     0.074     358      35    96.0    32.0
   104.906    32.396    30.870    70.000     0.073    1426       1    98.0    32.0
   104.890    32.384    30.870    70.000     0.073     360      33   100.0    32.0
   104.874    32.373    30.870    70.000     0.057    1230      21   102.0    32.0
   104.857    32.361    30.870    70.000     0.059    1228      20   104.0    32.0
   104.841    32.349    30.870    70.000     0.041     558      36   106.0    32.0
   104.825    32.338    30.870    70.000     0.054     878      31   108.0    32.0
   104.809    32.326    30.870    70.000     0.051     878      31   110.0    32.0
   104.792    32.315    30.870    70.000     0.059     672      15   112.0    32.0
   105.714    32.956    28.991    70.000     0.064     861       2     0.0    30.0
   105.697    32.945    28.991    70.000     0.080    1797       2     2.0    30.0
   105.681    32.933    28.991    70.000     0.078    1797       2     4.0    30.0
   105.665    32.922    28.991    70.000     0.083    1737       1     6.0    30.0
   105.648    32.910    28.991    70.000     0.061    1735       1     8.0    30.0
   105.632    32.899    28.991    70.000     0.062    1719      36    10.0    30.0
   105.615    32.887    28.991    70.000     0.089    1550      27    12.0    30.0
   105.599    32.876    28.991    70.000     0.088     970      27    14.0    30.0
   105.582    32.864    28.991    70.000     0.096    1831      35    16.0    30.0
   105.566    32.853    28.991    70.000     0.147    1832      35    18.0    30.0
   105.549    32.841    28.991    70.000     0.110    1831      35    20.0    30.0
   105.533    32.830    28.991    70.000     0.075    1463       1    22.0    30.0
   105.516    32.818    28.991    70.000     0.056     634       2    24.0    30.0
   105.500    32.807    28.991    70.000     0.058     893      32    26.0    30.0
   105.484    32.795    28.991    70.000     0.068    1099       2    28.0    30.0
   105.467    32.784    28.991    70.000     0.062    1632      34    30.0    30.0
   105.451    32.772    28.991    70.000     0.054    1172      35    32.0    30.0
   105.434    32.761    28.991    70.000     0.087    1169      35    34.0    30.0
   105.418    32.749    28.991    70.000     0.071    1169      35    36.0    30.0
   105.401    32.738    28.991    70.000     0.067    1043       1    38.0    30.0
   105.385    32.726    28.991    70.000     0.107    1043       1    40.0    30.0
   105.369    32.715    28.991    70.000     0.084    1029      37    42.0    30.0
   105.352    32.703    28.991    70.000     0.051    1129      36    44.0    30.0
   105.336    32.692    28.991    70.000     0.061    1143       1    46.0    30.0
   105.319    32.680    28.991    70.000     0.064    1129      36    48.0    30.0
   105.303    32.668    28.991    70.000     0.066    1226       1    50.0    30.0
   105.287    32.657    28.991    70.000     0.036    1584      32    52.0    30.0
   105.270    32.645    28.991    70.000     0.048     998       2    54.0    30.0
   105.254    32.634    28.991    70.000     0.060     999       5    56.0    30.0
   105.237    32.622    28.991    70.000     0.079     728      31    58.0    30.0
   105.221    32.611    28.991    70.000     0.089    1178       2    60.0    30.0
   105.205    32.599    28.991    70.000     0.042     728      35    62.0    30.0
   105.188    32.588    28.991    70.000     0.045    1262       1    64.0    30.0
   105.172    32.576    28.991    70.000     0.051    1263       1    66.0    30.0
   105.156    32.565    28.991    70.000     0.082     896       3    68.0    30.0
   105.139    32.553    28.991    70.000     0.059     896       6    70.0    30.0
   105.123    32.541    28.991    70.000     0.072    1514       3    72.0    30.0
   105.107    32.530    28.991    70.000     0.076    1690       8    74.0    30.0
   105.090    32.518    28.991    70.000     0.091     677      26    76.0    30.0
   105.074    32.507    28.991    70.000     0.069     677      18    78.0    30.0
   105.058    32.495    28.991    70.000     0.069    1690      29    80.0    30.0
   105.041    32.484    28.991    70.000     0.070     999      10    82.0    30.0
   105.025    32.472    28.991    70.000     0.133     605      29    84.0    30.0
   105.009    32.461    28.991    70.000     0.086     394       7    86.0    30.0
   104.992    32.449    28.991    70.000     0.095    1890      18    88.0    30.0
   104.976    32.437    28.991    70.000     0.123     815      22    90.0    30.0
   104.960    32.426    28.991    70.000     0.161     813      24    92.0    30.0
   104.943    32.414    28.991    70.000     0.191     787      35    94.0    30.0
   104.927    32.403    28.991    70.000     0.133     787      34    96.0    30.0
   104.911    32.391    28.991    70.000     0.081     814      11    98.0    30.0
   104.895    32.379    28.991    70.000     0.064    1741       8   100.0    30.0
   104.878    32.368    28.991    70.000     0.076    1741      10   102.0    30.0
   104.862    32.356    28.991    70.000     0.069    1743      10   104.0    30.0
   104.846    32.345    28.991    70.000     0.064    1406      26   106.0    30.0
   104.829    32.333    28.991    70.000     0.097    1573      37   108.0    30.0
   104.813    32.321    28.991    70.000     0.090     883      30   110.0    30.0
   104.797    32.310    28.991    70.000     0.089     882      33   112.0    30.0
   105.719    32.951    27.111    70.000     0.121    1303       1     0.0    28.0
   105.702    32.940    27.111    70.000     0.107    1302       1     2.0    28.0
   105.686    32.928    27.111    70.000     0.056     688      19     4.0    28.0
   105.669    32.917    27.111    70.000     0.062    1068      26     6.0    28.0
   105.653    32.905    27.111    70.000     0.060    1068      27     8.0    28.0
   105.636    32.894    27.111    70.000     0.064     821      37    10.0    28.0
   105.620    32.882    27.111    70.000     0.137    1289       3    12.0    28.0
   105.603    32.871    27.111    70.000     0.134    1290       3    14.0    28.0
   105.587    32.860    27.111    70.000     0.092    1317       8    16.0    28.0
   105.570    32.848    27.111    70.000     0.062    1882       3    18.0    28.0
   105.554    32.837    27.111    70.000     0.053     932      34    20.0    28.0
   105.537    32.825    27.111    70.000     0.057     700      22    22.0    28.0
   105.521    32.813    27.111    70.000     0.104    1473       7    24.0    28.0
   105.505    32.802    27.111    70.000     0.172    1269       4    26.0    28.0
   105.488    32.790    27.111    70.000     0.130    1269       4    28.0    28.0
   105.472    32.779    27.111    70.000     0.117    1113      34    30.0    28.0
   105.455    32.767    27.111    70.000     0.172    1111      34    32.0    28.0
   105.439    32.756    27.111    70.000     0.116    1110      34    34.0    28.0
   105.422    32.744    27.111    70.000     0.078    1448      28    36.0    28.0
   105.406    32.733    27.111    70.000     0.059     537      20    38.0    28.0
   105.390    32.721    27.111    70.000     0.052    1227      24    40.0    28.0
   105.373    32.710    27.111    70.000     0.052    1226       9    42.0    28.0
   105.357    32.698    27.111    70.000     0.040    1141       1    44.0    28.0
   105.340    32.687    27.111    70.000     0.051    1126      37    46.0    28.0
   105.324    32.675    27.111    70.000     0.067    1002      13    48.0    28.0
   105.308    32.664    27.111    70.000     0.056    1004       4    50.0    28.0
   105.291    32.652    27.111    70.000     0.055    1060       6    52.0    28.0
   105.275    32.641    27.111    70.000     0.076     599      24    54.0    28.0
   105.259    32.629    27.111    70.000     0.087    1060       5    56.0    28.0
   105.242    32.618    27.111    70.000     0.084    1061       5    58.0    28.0
   105.226    32.606    27.111    70.000     0.111    1843      19    60.0    28.0
   105.209    32.595    27.111    70.000     0.094    1842      15    62.0    28.0
   105.193    32.583    27.111    70.000     0.047     291       2    64.0    28.0
   105.177    32.571    27.111    70.000     0.043     291       2    66.0    28.0
   105.160    32.560    27.111    70.000     0.064     693      34    68.0    28.0
   105.144    32.548    27.111    70.000     0.076     694      34    70.0    28.0
   105.128    32.537    27.111    70.000     0.049    1229       1    72.0    28.0
   105.111    32.525    27.111    70.000     0.063    1004       2    74.0    28.0
   105.095    32.514    27.111    70.000     0.125    1002       2    76.0    28.0
   105.079    32.502    27.111    70.000     0.082     566       4    78.0    28.0
   105.062    32.490    27.111    70.000     0.083    1559      24    80.0    28.0
   105.046    32.479    27.111    70.000     0.088    1560       9    82.0    28.0
   105.030    32.467    27.111    70.000     0.128     798      34    84.0    28.0
   105.013    32.456    27.111    70.000     0.075     802      29    86.0    28.0
   104.997    32.444    27.111    70.000     0.053     400       2    88.0    28.0
   104.981    32.433    27.111    70.000     0.051    1938      36    90.0    28.0
   104.964    32.421    27.111    70.000     0.095     733      35    92.0    28.0
   104.948    32.409    27.111    70.000     0.111     734      30    94.0    28.0
   104.932    32.398    27.111    70.000     0.091     734      29    96.0    28.0
   104.916    32.386    27.111    70.000     0.058     734      24    98.0    28.0
   104.899    32.375    27.111    70.000     0.066     801       1   100.0    28.0
   104.883    32.363    27.111    70.000     0.062     734       9   102.0    28.0
   104.867    32.352    27.111    70.000     0.053    1415      23   104.0    28.0
   104.850    32.340    27.111    70.000     0.080     631      36   106.0    28.0
   104.834    32.328    27.111    70.000     0.091    1412      34   108.0    28.0
   104.818    32.317    27.111    70.000     0.133    1410      34   110.0    28.0
   104.802    32.305    27.111    70.000     0.152    1410      34   112.0    28.0
   105.723    32.947    25.232    70.000     0.071    1462       4     0.0    26.0
   105.707    32.935    25.232    70.000     0.067     874      31     2.0    26.0
   105.690    32.924    25.232    70.000     0.082    1739      37     4.0    26.0
   105.674    32.912    25.232    70.000     0.121    1740      37     6.0    26.0
   105.657    32.901    25.232    70.000     0.113    1738      37     8.0    26.0
   105.641    32.889    25.232    70.000     0.108    1320      12    10.0    26.0
   105.624    32.878    25.232    70.000     0.108    1320      13    12.0    26.0
   105.608    32.866    25.232    70.000     0.067    1070      32    14.0    26.0
   105.592    32.855    25.232    70.000     0.067    1070      32    16.0    26.0
   105.575    32.843    25.232    70.000     0.128     706      28    18.0    26.0
   105.559    32.832    25.232    70.000     0.107     707      26    20.0    26.0
   105.542    32.820    25.232    70.000     0.096     708       9    22.0    26.0
   105.526    32.809    25.232    70.000     0.078     707       6    24.0    26.0
   105.509    32.797    25.232    70.000     0.095    1379      37    26.0    26.0
   105.493    32.786    25.232    70.000     0.078    1452       6    28.0    26.0
   105.476    32.774    25.232    70.000     0.089    1625      37    30.0    26.0
   105.460    32.763    25.232    70.000     0.098    1946      37    32.0    26.0
   105.444    32.751    25.232    70.000     0.124    1594      37    34.0    26.0
   105.427    32.740    25.232    70.000     0.091    1581       1    36.0    26.0
   105.411    32.728    25.232    70.000     0.085    1376       5    38.0    26.0
   105.394    32.717    25.232    70.000     0.066    1377       5    40.0    26.0
   105.378    32.705    25.232    70.000     0.112    1475      36    42.0    26.0
   105.362    32.694    25.232    70.000     0.068    1475      36    44.0    26.0
   105.345    32.682    25.232    70.000     0.034     460       2    46.0    26.0
   105.329    32.671    25.232    70.000     0.054     757      27    48.0    26.0
   105.312    32.659    25.232    70.000     0.070     758      27    50.0    26.0
   105.296    32.647    25.232    70.000     0.068     497      10    52.0    26.0
   105.280    32.636    25.232    70.000     0.057     497      16    54.0    26.0
   105.263    32.624    25.232    70.000     0.064    1483      27    56.0    26.0
   105.247    32.613    25.232    70.000     0.052     499       8    58.0    26.0
   105.230    32.601    25.232    70.000     0.044     925      11    60.0    26.0
   105.214    32.590    25.232    70.000     0.086     895      29    62.0    26.0
   105.198    32.578    25.232    70.000     0.075     896      31    64.0    26.0
   105.181    32.567    25.232    70.000     0.054     896      33    66.0    26.0
   105.165    32.555    25.232    70.000     0.037    1347      37    68.0    26.0
   105.149    32.544    25.232    70.000     0.059     825       1    70.0    26.0
   105.132    32.532    25.232    70.000     0.066     823       1    72.0    26.0
   105.116    32.520    25.232    70.000     0.074     825       1    74.0    26.0
   105.100    32.509    25.232    70.000     0.063     823       1    76.0    26.0
   105.083    32.497    25.232    70.000     0.063     661       2    78.0    26.0
   105.067    32.486    25.232    70.000     0.072     661       2    80.0    26.0
   105.051    32.474    25.232    70.000     0.067     661       2    82.0    26.0
   105.034    32.463    25.232    70.000     0.054    1559      31    84.0    26.0
   105.018    32.451    25.232    70.000     0.063     530      12    86.0    26.0
   105.002    32.439    25.232    70.000     0.081     528      12    88.0    26.0
   104.985    32.428    25.232    70.000     0.099     528       9    90.0    26.0
   104.969    32.416    25.232    70.000     0.075     528      12    92.0    26.0
   104.953    32.405    25.232    70.000     0.075     341      33    94.0    26.0
   104.937    32.393    25.232    70.000     0.095     341      33    96.0    26.0
   104.920    32.382    25.232    70.000     0.057     342      33    98.0    26.0
   104.904    32.370    25.232    70.000     0.057     614      32   100.0    26.0
   104.888    32.358    25.232    70.000     0.096     929      31   102.0    26.0
   104.871    32.347    25.232    70.000     0.127     928      30   104.0    26.0
   104.855    32.335    25.232    70.000     0.185     929      30   106.0    26.0
   104.839    32.324    25.232    70.000     0.070     928      31   108.0    26.0
   104.823    32.312    25.232    70.000     0.032     856       1   110.0    26.0
   104.806    32.300    25.232    70.000     0.059     367      34   112.0    26.0
   105.728    32.942    23.353    70.000     0.094     837      27     0.0    24.0
   105.711    32.930    23.353    70.000     0.119    1097      37     2.0    24.0
   105.695    32.919    23.353    70.000     0.093    1161       1     4.0    24.0
   105.678    32.907    23.353    70.000     0.118    1176      37     6.0    24.0
   105.662    32.896    23.353    70.000     0.140    1175      37     8.0    24.0
   105.646    32.884    23.353    70.000     0.079    1188       2    10.0    24.0
   105.629    32.873    23.353    70.000     0.070     690      36    12.0    24.0
   105.613    32.861    23.353    70.000     0.078    1988      10    14.0    24.0
   105.596    32.850    23.353    70.000     0.093     642      32    16.0    24.0
   105.580    32.839    23.353    70.000     0.097     493      15    18.0    24.0
   105.563    32.827    23.353    70.000     0.075     615       5    20.0    24.0
   105.547    32.816    23.353    70.000     0.130     614       5    22.0    24.0
   105.530    32.804    23.353    70.000     0.154     614       5    24.0    24.0
   105.514    32.792    23.353    70.000     0.167     612       5    26.0    24.0
   105.497    32.781    23.353    70.000     0.172     612       5    28.0    24.0
   105.481    32.769    23.353    70.000     0.093     611      10    30.0    24.0
   105.465    32.758    23.353    70.000     0.063     820      37    32.0    24.0
   105.448    32.746    23.353    70.000     0.066     583      35    34.0    24.0
   105.432    32.735    23.353    70.000     0.096     585      34    36.0    24.0
   105.415    32.723    23.353    70.000     0.075     737      37    38.0    24.0
   105.399    32.712    23.353    70.000     0.066    1701      33    40.0    24.0
   105.383    32.700    23.353    70.000     0.082    1701      33    42.0    24.0
   105.366    32.689    23.353    70.000     0.061     754       1    44.0    24.0
   105.350    32.677    23.353    70.000     0.053     692      35    46.0    24.0
   105.333    32.666    23.353    70.000     0.038    1625       8    48.0    24.0
   105.317    32.654    23.353    70.000     0.047    1771       3    50.0    24.0
   105.301    32.643    23.353    70.000     0.074    1769       5    52.0    24.0
   105.284    32.631    23.353    70.000     0.096    1769       5    54.0    24.0
   105.268    32.620    23.353    70.000     0.111    1770       6    56.0    24.0
   105.251    32.608    23.353    70.000     0.139    1075       2    58.0    24.0
   105.235    32.597    23.353    70.000     0.148    1075       2    60.0    24.0
   105.219    32.585    23.353    70.000     0.044     865      13    62.0    24.0
   105.202    32.573    23.353    70.000     0.056     868      32    64.0    24.0
   105.186    32.562    23.353    70.000     0.065     488       1    66.0    24.0
   105.170    32.550    23.353    70.000     0.075     982      36    68.0    24.0
   105.153    32.539    23.353    70.000     0.073     982      36    70.0    24.0
   105.137    32.527    23.353    70.000     0.093     752       1    72.0    24.0
   105.121    32.516    23.353    70.000     0.058     688      23    74.0    24.0
   105.104    32.504    23.353    70.000     0.068     688      26    76.0    24.0
   105.088    32.493    23.353    70.000     0.058    1949       2    78.0    24.0
   105.072    32.481    23.353    70.000     0.129     615      10    80.0    24.0
   105.055    32.469    23.353    70.000     0.177     615      11    82.0    24.0
   105.039    32.458    23.353    70.000     0.206     618       7    84.0    24.0
   105.023    32.446    23.353    70.000     0.128     617       6    86.0    24.0
   105.006    32.435    23.353    70.000     0.103     619       6    88.0    24.0
   104.990    32.423    23.353    70.000     0.117     767      11    90.0    24.0
   104.974    32.412    23.353    70.000     0.107    1100      37    92.0    24.0
   104.957    32.400    23.353    70.000     0.129    1098      37    94.0    24.0
   104.941    32.388    23.353    70.000     0.090    1082       2    96.0    24.0
   104.925    32.377    23.353    70.000     0.056     501      12    98.0    24.0
   104.909    32.365    23.353    70.000     0.072    1596      10   100.0    24.0
   104.892    32.354    23.353    70.000     0.070    1595      10   102.0    24.0
   104.876    32.342    23.353    70.000     0.067     616      36   104.0    24.0
   104.860    32.330    23.353    70.000     0.081     647      33   106.0    24.0
   104.844    32.319    23.353    70.000     0.093     648      34   108.0    24.0
   104.827    32.307    23.353    70.000     0.070    1290      34   110.0    24.0
   104.811    32.296    23.353    70.000     0.056    1289      33   112.0    24.0
   105.733    32.937    21.473    70.000     0.069     977      12     0.0    22.0
   105.716    32.926    21.473    70.000     0.059    1187      33     2.0    22.0
   105.700    32.914    21.473    70.000     0.116     578      32     4.0    22.0
   105.683    32.903    21.473    70.000     0.113     577      33     6.0    22.0
   105.667    32.891    21.473    70.000     0.074     670       4     8.0    22.0
   105.650    32.880    21.473    70.000     0.094     728      31    10.0    22.0
   105.634    32.868    21.473    70.000     0.117     726      31    12.0    22.0
   105.617    32.857    21.473    70.000     0.126     651      33    14.0    22.0
   105.601    32.845    21.473    70.000     0.123     651      33    16.0    22.0
   105.584    32.834    21.473    70.000     0.157     651      25    18.0    22.0
   105.568    32.822    21.473    70.000     0.124     651      16    20.0    22.0
   105.551    32.811    21.473    70.000     0.079     652      21    22.0    22.0
   105.535    32.799    21.473    70.000     0.068    1510      32    24.0    22.0
   105.519    32.788    21.473    70.000     0.100     652       3    26.0    22.0
   105.502    32.776    21.473    70.000     0.056     652       2    28.0    22.0
   105.486    32.765    21.473    70.000     0.056     808       3    30.0    22.0
   105.469    32.753    21.473    70.000     0.066    1219       2    32.0    22.0
   105.453    32.742    21.473    70.000     0.060     806       1    34.0    22.0
   105.436    32.730    21.473    70.000     0.037    1521      23    36.0    22.0
   105.420    32.719    21.473    70.000     0.048     447       1    38.0    22.0
   105.404    32.707    21.473    70.000     0.061    1102      22    40.0    22.0
   105.387    32.696    21.473    70.000     0.050     585      32    42.0    22.0
   105.371    32.684    21.473    70.000     0.051    1774       3    44.0    22.0
   105.354    32.673    21.473    70.000     0.087     655      35    46.0    22.0
   105.338    32.661    21.473    70.000     0.076     654      35    48.0    22.0
   105.322    32.650    21.473    70.000     0.081     769      13    50.0    22.0
   105.305    32.638    21.473    70.000     0.117     740       5    52.0    22.0
   105.289    32.626    21.473    70.000     0.107    1039       4    54.0    22.0
   105.273    32.615    21.473    70.000     0.140    1037       4    56.0    22.0
   105.256    32.603    21.473    70.000     0.092    1037       4    58.0    22.0
   105.240    32.592    21.473    70.000     0.068    1525      23    60.0    22.0
   105.223    32.580    21.473    70.000     0.067    1031       1    62.0    22.0
   105.207    32.569    21.473    70.000     0.060    1030       1    64.0    22.0
   105.191    32.557    21.473    70.000     0.088     874       6    66.0    22.0
   105.174    32.546    21.473    70.000     0.097    1026       1    68.0    22.0
   105.158    32.534    21.473    70.000     0.067     610       2    70.0    22.0
   105.142    32.523    21.473    70.000     0.076    1711       5    72.0    22.0
   105.125    32.511    21.473    70.000     0.081    1711       8    74.0    22.0
   105.109    32.499    21.473    70.000     0.112     837       3    76.0    22.0
   105.093    32.488    21.473    70.000     0.116     838       3    78.0    22.0
   105.076    32.476    21.473    70.000     0.103     837       6    80.0    22.0
   105.060    32.465    21.473    70.000     0.071     766      10    82.0    22.0
   105.044    32.453    21.473    70.000     0.077    1603      30    84.0    22.0
   105.027    32.442    21.473    70.000     0.068    1603      29    86.0    22.0
   105.011    32.430    21.473    70.000     0.095    1044       2    88.0    22.0
   104.995    32.418    21.473    70.000     0.159    1043       2    90.0    22.0
   104.978    32.407    21.473    70.000     0.152    1044       2    92.0    22.0
   104.962    32.395    21.473    70.000     0.185    1043       2    94.0    22.0
   104.946    32.384    21.473    70.000     0.197    1043       2    96.0    22.0
   104.930    32.372    21.473    70.000     0.070    1041       2    98.0    22.0
   104.913    32.361    21.473    70.000     0.074    1863       1   100.0    22.0
   104.897    32.349    21.473    70.000     0.064    1637       2   102.0    22.0
   104.881    32.337    21.473    70.000     0.057    1068      16   104.0    22.0
   104.864    32.326    21.473    70.000     0.091     875       1   106.0    22.0
   104.848    32.314    21.473    70.000     0.122    1518      18   108.0    22.0
   104.832    32.303    21.473    70.000     0.107     948       1   110.0    22.0
   104.816    32.291    21.473    70.000     0.094     949       1   112.0    22.0
   105.737    32.932    19.594    70.000     0.078    1284       2     0.0    20.0
   105.721    32.921    19.594    70.000     0.081    1487       1     2.0    20.0
   105.704    32.909    19.594    70.000     0.065    1598       1     4.0    20.0
   105.688    32.898    19.594    70.000     0.066    1689      37     6.0    20.0
   105.671    32.886    19.594    70.000     0.089    1688      37     8.0    20.0
   105.655    32.875    19.594    70.000     0.099    1689      37    10.0    20.0
   105.638    32.863    19.594    70.000     0.101    1894      10    12.0    20.0
   105.622    32.852    19.594    70.000     0.102    1893      12    14.0    20.0
   105.605    32.840    19.594    70.000     0.065    1861       6    16.0    20.0
   105.589    32.829    19.594    70.000     0.079    1860       4    18.0    20.0
   105.573    32.818    19.594    70.000     0.103    1116      16    20.0    20.0
   105.556    32.806    19.594    70.000     0.138     409      19    22.0    20.0
   105.540    32.795    19.594    70.000     0.068     408      19    24.0    20.0
   105.523    32.783    19.594    70.000     0.060    1782      29    26.0    20.0
   105.507    32.771    19.594    70.000     0.070    1090      33    28.0    20.0
   105.490    32.760    19.594    70.000     0.111    1090      33    30.0    20.0
   105.474    32.748    19.594    70.000     0.096    1091      31    32.0    20.0
   105.458    32.737    19.594    70.000     0.082    1023       6    34.0    20.0
   105.441    32.725    19.594    70.000     0.052    1023      11    36.0    20.0
   105.425    32.714    19.594    70.000     0.038     676      37    38.0    20.0
   105.408    32.702    19.594    70.000     0.075    1445       1    40.0    20.0
   105.392    32.691    19.594    70.000     0.139    1446       1    42.0    20.0
   105.375    32.679    19.594    70.000     0.131    1446       1    44.0    20.0
   105.359    32.668    19.594    70.000     0.097     747       3    46.0    20.0
   105.343    32.656    19.594    70.000     0.101     746       3    48.0    20.0
   105.326    32.645    19.594    70.000     0.074     840      37    50.0    20.0
   105.310    32.633    19.594    70.000     0.121    1044       4    52.0    20.0
   105.294    32.622    19.594    70.000     0.135    1045       5    54.0    20.0
   105.277    32.610    19.594    70.000     0.115    1044       4    56.0    20.0
   105.261    32.599    19.594    70.000     0.071    1861      31    58.0    20.0
   105.244    32.587    19.594    70.000     0.093    1860      27    60.0    20.0
   105.228    32.576    19.594    70.000     0.104    1862      26    62.0    20.0
   105.212    32.564    19.594    70.000     0.100    1860      24    64.0    20.0
   105.195    32.552    19.594    70.000     0.059     671      36    66.0    20.0
   105.179    32.541    19.594    70.000     0.053    1041      35    68.0    20.0
   105.163    32.529    19.594    70.000     0.096    1042      35    70.0    20.0
   105.146    32.518    19.594    70.000     0.070     613       2    72.0    20.0
   105.130    32.506    19.594    70.000     0.065     701      25    74.0    20.0
   105.114    32.495    19.594    70.000     0.088     577       2    76.0    20.0
   105.097    32.483    19.594    70.000     0.087     944      37    78.0    20.0
   105.081    32.472    19.594    70.000     0.085     902      34    80.0    20.0
   105.065    32.460    19.594    70.000     0.089     900      34    82.0    20.0
   105.048    32.448    19.594    70.000     0.104    1992       4    84.0    20.0
   105.032    32.437    19.594    70.000     0.081    1992       4    86.0    20.0
   105.016    32.425    19.594    70.000     0.062    1963       1    88.0    20.0
   104.999    32.414    19.594    70.000     0.117    1488      36    90.0    20.0
   104.983    32.402    19.594    70.000     0.117     839      35    92.0    20.0
   104.967    32.391    19.594    70.000     0.086     505       2    94.0    20.0
   104.951    32.379    19.594    70.000     0.107     779       2    96.0    20.0
   104.934    32.367    19.594    70.000     0.082     781       2    98.0    20.0
   104.918    32.356    19.594    70.000     0.112    1174       4   100.0    20.0
   104.902    32.344    19.594    70.000     0.112    1172       4   102.0    20.0
   104.885    32.333    19.594    70.000     0.076    1073      35   104.0    20.0
   104.869    32.321    19.594    70.000     0.077     448       1   106.0    20.0
   104.853    32.309    19.594    70.000     0.093     448       1   108.0    20.0
   104.837    32.298    19.594    70.000     0.116     448       1   110.0    20.0
   104.820    32.286    19.594    70.000     0.098     468      33   112.0    20.0
   105.742    32.928    17.714    70.000     0.076    1020       3     0.0    18.0
   105.725    32.916    17.714    70.000     0.064     590      20     2.0    18.0
   105.709    32.905    17.714    70.000     0.062    1126      32     4.0    18.0
   105.692    32.893    17.714    70.000     0.069     887       4     6.0    18.0
   105.676    32.882    17.714    70.000     0.087     444      32     8.0    18.0
   105.660    32.870    17.714    70.000     0.097     476      33    10.0    18.0
   105.643    32.859    17.714    70.000     0.130     476      32    12.0    18.0
   105.627    32.847    17.714    70.000     0.105    1090      32    14.0    18.0
   105.610    32.836    17.714    70.000     0.070     475      28    16.0    18.0
   105.594    32.824    17.714    70.000     0.061    1782       2    18.0    18.0
   105.577    32.813    17.714    70.000     0.072    1784       2    20.0    18.0
   105.561    32.801    17.714    70.000     0.076    1783       2    22.0    18.0
   105.544    32.790    17.714    70.000     0.065    1345       1    24.0    18.0
   105.528    32.778    17.714    70.000     0.054     479       4    26.0    18.0
   105.511    32.767    17.714    70.000     0.066     480       4    28.0    18.0
   105.495    32.755    17.714    70.000     0.087     687      37    30.0    18.0
   105.479    32.744    17.714    70.000     0.083    1192      36    32.0    18.0
   105.462    32.732    17.714    70.000     0.082    1562       1    34.0    18.0
   105.446    32.721    17.714    70.000     0.117    1562       1    36.0    18.0
   105.429    32.709    17.714    70.000     0.093    1419      19    38.0    18.0
   105.413    32.698    17.714    70.000     0.126    1419      17    40.0    18.0
   105.397    32.686    17.714    70.000     0.077    1417      17    42.0    18.0
   105.380    32.675    17.714    70.000     0.074    1424      35    44.0    18.0
   105.364    32.663    17.714    70.000     0.074     625       5    46.0    18.0
   105.347    32.652    17.714    70.000     0.084     625       4    48.0    18.0
   105.331    32.640    17.714    70.000     0.087     624      21    50.0    18.0
   105.315    32.629    17.714    70.000     0.110     624      22    52.0    18.0
   105.298    32.617    17.714    70.000     0.194     624      32    54.0    18.0
   105.282    32.605    17.714    70.000     0.213     623      32    56.0    18.0
   105.265    32.594    17.714    70.000     0.107    1027       3    58.0    18.0
   105.249    32.582    17.714    70.000     0.083     843      12    60.0    18.0
   105.233    32.571    17.714    70.000     0.109     843      12    62.0    18.0
   105.216    32.559    17.714    70.000     0.067     841      12    64.0    18.0
   105.200    32.548    17.714    70.000     0.054     623       2    66.0    18.0
   105.184    32.536    17.714    70.000     0.075    1860      37    68.0    18.0
   105.167    32.525    17.714    70.000     0.058    1492      36    70.0    18.0
   105.151    32.513    17.714    70.000     0.068     673      24    72.0    18.0
   105.135    32.502    17.714    70.000     0.100     671      22    74.0    18.0
   105.118    32.490    17.714    70.000     0.080     923       1    76.0    18.0
   105.102    32.478    17.714    70.000     0.058     911      37    78.0    18.0
   105.086    32.467    17.714    70.000     0.123     910      37    80.0    18.0
   105.069    32.455    17.714    70.000     0.095     507      22    82.0    18.0
   105.053    32.444    17.714    70.000     0.100    1652      30    84.0    18.0
   105.037    32.432    17.714    70.000     0.086     819      25    86.0    18.0
   105.020    32.421    17.714    70.000     0.087    1530       3    88.0    18.0
   105.004    32.409    17.714    70.000     0.105    1080      37    90.0    18.0
   104.988    32.397    17.714    70.000     0.090    1081      37    92.0    18.0
   104.971    32.386    17.714    70.000     0.120    1139       1    94.0    18.0
   104.955    32.374    17.714    70.000     0.116    1140       1    96.0    18.0
   104.939    32.363    17.714    70.000     0.090     512      10    98.0    18.0
   104.923    32.351    17.714    70.000     0.060    1045      36   100.0    18.0
   104.906    32.339    17.714    70.000     0.079    1140       1   102.0    18.0
   104.890    32.328    17.714    70.000     0.098    1609      36   104.0    18.0
   104.874    32.316    17.714    70.000     0.150     597      31   106.0    18.0
   104.858    32.305    17.714    70.000     0.078     595      32   108.0    18.0
   104.841    32.293    17.714    70.000     0.091    1432      25   110.0    18.0
   104.825    32.282    17.714    70.000     0.066    1432      25   112.0    18.0
   105.747    32.923    15.835    70.000     0.134    1272       2     0.0    16.0
   105.730    32.911    15.835    70.000     0.067    1271       2     2.0    16.0
   105.714    32.900    15.835    70.000     0.052    2167      34     4.0    16.0
   105.697    32.888    15.835    70.000     0.041    2166      35     6.0    16.0
   105.681    32.877    15.835    70.000     0.059    1828       1     8.0    16.0
   105.664    32.865    15.835    70.000     0.060    1533      37    10.0    16.0
   105.648    32.854    15.835    70.000     0.051     708      34    12.0    16.0
   105.631    32.842    15.835    70.000     0.112    1880       2    14.0    16.0
   105.615    32.831    15.835    70.000     0.138    1879       2    16.0    16.0
   105.598    32.819    15.835    70.000     0.108    1878       3    18.0    16.0
   105.582    32.808    15.835    70.000     0.084    1879       3    20.0    16.0
   105.565    32.797    15.835    70.000     0.070     593       2    22.0    16.0
   105.549    32.785    15.835    70.000     0.098     706       2    24.0    16.0
   105.533    32.774    15.835    70.000     0.130     706       1    26.0    16.0
   105.516    32.762    15.835    70.000     0.112     704       2    28.0    16.0
   105.500    32.750    15.835    70.000     0.110     706       1    30.0    16.0
   105.483    32.739    15.835    70.000     0.097    1828      10    32.0    16.0
   105.467    32.727    15.835    70.000     0.066    1827      10    34.0    16.0
   105.450    32.716    15.835    70.000     0.080    1135      33    36.0    16.0
   105.434    32.704    15.835    70.000     0.078    1195      22    38.0    16.0
   105.418    32.693    15.835    70.000     0.093    1106       1    40.0    16.0
   105.401    32.681    15.835    70.000     0.101    1093      36    42.0    16.0
   105.385    32.670    15.835    70.000     0.097    1093      36    44.0    16.0
   105.368    32.658    15.835    70.000     0.060    1027      13    46.0    16.0
   105.352    32.647    15.835    70.000     0.074    1032      23    48.0    16.0
   105.336    32.635    15.835    70.000     0.094    1030      18    50.0    16.0
   105.319    32.624    15.835    70.000     0.124    1060      24    52.0    16.0
   105.303    32.612    15.835    70.000     0.210    1061       8    54.0    16.0
   105.287    32.601    15.835    70.000     0.132    1060       8    56.0    16.0
   105.270    32.589    15.835    70.000     0.123    1060       5    58.0    16.0
   105.254    32.578    15.835    70.000     0.050    1060       4    60.0    16.0
   105.237    32.566    15.835    70.000     0.056    1418       1    62.0    16.0
   105.221    32.555    15.835    70.000     0.044    1582       5    64.0    16.0
   105.205    32.543    15.835    70.000     0.070    1582       4    66.0    16.0
   105.188    32.531    15.835    70.000     0.078    2028       6    68.0    16.0
   105.172    32.520    15.835    70.000     0.070    1905      22    70.0    16.0
   105.156    32.508    15.835    70.000     0.065    1907      18    72.0    16.0
   105.139    32.497    15.835    70.000     0.069     356       3    74.0    16.0
   105.123    32.485    15.835    70.000     0.179     596       9    76.0    16.0
   105.107    32.474    15.835    70.000     0.126     359       3    78.0    16.0
   105.090    32.462    15.835    70.000     0.094    1860       5    80.0    16.0
   105.074    32.451    15.835    70.000     0.129    1858       5    82.0    16.0
   105.058    32.439    15.835    70.000     0.095    1859       5    84.0    16.0
   105.041    32.427    15.835    70.000     0.072     999       4    86.0    16.0
   105.025    32.416    15.835    70.000     0.110    1000       4    88.0    16.0
   105.009    32.404    15.835    70.000     0.129     975      22    90.0    16.0
   104.992    32.393    15.835    70.000     0.103     974      22    92.0    16.0
   104.976    32.381    15.835    70.000     0.075     786      37    94.0    16.0
   104.960    32.370    15.835    70.000     0.082     785      37    96.0    16.0
   104.944    32.358    15.835    70.000     0.072     750      37    98.0    16.0
   104.927    32.346    15.835    70.000     0.050    1084      27   100.0    16.0
   104.911    32.335    15.835    70.000     0.048     314       3   102.0    16.0
   104.895    32.323    15.835    70.000     0.045    1529       2   104.0    16.0
   104.878    32.312    15.835    70.000     0.072    1473       2   106.0    16.0
   104.862    32.300    15.835    70.000     0.060     633      32   108.0    16.0
   104.846    32.288    15.835    70.000     0.066     901       1   110.0    16.0
   104.830    32.277    15.835    70.000     0.101     915      37   112.0    16.0
   105.751    32.918    13.956    70.000     0.071    2178      34     0.0    14.0
   105.735    32.907    13.956    70.000     0.068     358      17     2.0    14.0
   105.718    32.895    13.956    70.000     0.070     901       1     4.0    14.0
   105.702    32.884    13.956    70.000     0.097    1768      37     6.0    14.0
   105.685    32.872    13.956    70.000     0.159    1768      37     8.0    14.0
   105.669    32.861    13.956    70.000     0.081    1768      37    10.0    14.0
   105.652    32.849    13.956    70.000     0.066    1640      37    12.0    14.0
   105.636    32.838    13.956    70.000     0.059     486      15    14.0    14.0
   105.619    32.826    13.956    70.000     0.065    1843      17    16.0    14.0
   105.603    32.815    13.956    70.000     0.060    1129      31    18.0    14.0
   105.587    32.803    13.956    70.000     0.062    1271      10    20.0    14.0
   105.570    32.792    13.956    70.000     0.057     897      35    22.0    14.0
   105.554    32.780    13.956    70.000     0.072     897      26    24.0    14.0
   105.537    32.769    13.956    70.000     0.069     926      26    26.0    14.0
   105.521    32.757    13.956    70.000     0.077     926      28    28.0    14.0
   105.504    32.746    13.956    70.000     0.091    1609       1    30.0    14.0
   105.488    32.734    13.956    70.000     0.074    1609       1    32.0    14.0
   105.472    32.723    13.956    70.000     0.057     535       6    34.0    14.0
   105.455    32.711    13.956    70.000     0.072     535      20    36.0    14.0
   105.439    32.700    13.956    70.000     0.057    1565      31    38.0    14.0
   105.422    32.688    13.956    70.000     0.047    1841       2    40.0    14.0
   105.406    32.677    13.956    70.000     0.047    2006       5    42.0    14.0
   105.389    32.665    13.956    70.000     0.070     755       2    44.0    14.0
   105.373    32.654    13.956    70.000     0.071     754       3    46.0    14.0
   105.357    32.642    13.956    70.000     0.093     902       9    48.0    14.0
   105.340    32.631    13.956    70.000     0.095     903      20    50.0    14.0
   105.324    32.619    13.956    70.000     0.041    1097       6    52.0    14.0
   105.308    32.607    13.956    70.000     0.069    1063      37    54.0    14.0
   105.291    32.596    13.956    70.000     0.136    1062      37    56.0    14.0
   105.275    32.584    13.956    70.000     0.193    1062      37    58.0    14.0
   105.258    32.573    13.956    70.000     0.170    1062      37    60.0    14.0
   105.242    32.561    13.956    70.000     0.093    1844      27    62.0    14.0
   105.226    32.550    13.956    70.000     0.072    1237      36    64.0    14.0
   105.209    32.538    13.956    70.000     0.068     855       3    66.0    14.0
   105.193    32.527    13.956    70.000     0.052     921      33    68.0    14.0
   105.177    32.515    13.956    70.000     0.063     965       2    70.0    14.0
   105.160    32.504    13.956    70.000     0.049     390       3    72.0    14.0
   105.144    32.492    13.956    70.000     0.068     392       3    74.0    14.0
   105.128    32.480    13.956    70.000     0.067     393       3    76.0    14.0
   105.111    32.469    13.956    70.000     0.054     631       3    78.0    14.0
   105.095    32.457    13.956    70.000     0.084     425      30    80.0    14.0
   105.079    32.446    13.956    70.000     0.065     878       1    82.0    14.0
   105.062    32.434    13.956    70.000     0.066    1724      33    84.0    14.0
   105.046    32.423    13.956    70.000     0.065    1591      32    86.0    14.0
   105.030    32.411    13.956    70.000     0.121    1590      34    88.0    14.0
   105.013    32.400    13.956    70.000     0.081    1590      34    90.0    14.0
   104.997    32.388    13.956    70.000     0.092    1056       2    92.0    14.0
   104.981    32.376    13.956    70.000     0.216    1055       2    94.0    14.0
   104.965    32.365    13.956    70.000     0.195    1054       2    96.0    14.0
   104.948    32.353    13.956    70.000     0.170    1052       2    98.0    14.0
   104.932    32.342    13.956    70.000     0.082    1054       2   100.0    14.0
   104.916    32.330    13.956    70.000     0.049    1151       6   102.0    14.0
   104.899    32.318    13.956    70.000     0.036     431       2   104.0    14.0
   104.883    32.307    13.956    70.000     0.049    1538       3   106.0    14.0
   104.867    32.295    13.956    70.000     0.050    1041       1   108.0    14.0
   104.851    32.284    13.956    70.000     0.049    1054      35   110.0    14.0
   104.834    32.272    13.956    70.000     0.061    1053      35   112.0    14.0
   105.756    32.913    12.076    70.000     0.102     363       5     0.0    12.0
   105.739    32.902    12.076    70.000     0.058     363       6     2.0    12.0
   105.723    32.890    12.076    70.000     0.064    1801      37     4.0    12.0
   105.706    32.879    12.076    70.000     0.139    1803      37     6.0    12.0
   105.690    32.867    12.076    70.000     0.144    1802      37     8.0    12.0
   105.673    32.856    12.076    70.000     0.075    1875       2    10.0    12.0
   105.657    32.844    12.076    70.000     0.087    1873       3    12.0    12.0
   105.641    32.833    12.076    70.000     0.072    1871       2    14.0    12.0
   105.624    32.821    12.076    70.000     0.087    1872       2    16.0    12.0
   105.608    32.810    12.076    70.000     0.058    1870       5    18.0    12.0
   105.591    32.799    12.076    70.000     0.051     788      17    20.0    12.0
   105.575    32.787    12.076    70.000     0.054     671      15    22.0    12.0
   105.558    32.776    12.076    70.000     0.053     959      11    24.0    12.0
   105.542    32.764    12.076    70.000     0.056    1762       5    26.0    12.0
   105.525    32.752    12.076    70.000     0.084    1760       5    28.0    12.0
   105.509    32.741    12.076    70.000     0.053    2042      28    30.0    12.0
   105.493    32.729    12.076    70.000     0.086     615      24    32.0    12.0
   105.476    32.718    12.076    70.000     0.085    1407       6    34.0    12.0
   105.460    32.706    12.076    70.000     0.073    1764      36    36.0    12.0
   105.443    32.695    12.076    70.000     0.099    1042      27    38.0    12.0
   105.427    32.683    12.076    70.000     0.074    1041      28    40.0    12.0
   105.411    32.672    12.076    70.000     0.042    1561      18    42.0    12.0
   105.394    32.660    12.076    70.000     0.067     508      37    44.0    12.0
   105.378    32.649    12.076    70.000     0.090     493       2    46.0    12.0
   105.361    32.637    12.076    70.000     0.118     607       6    48.0    12.0
   105.345    32.626    12.076    70.000     0.133     607       8    50.0    12.0
   105.329    32.614    12.076    70.000     0.104     608       8    52.0    12.0
   105.312    32.603    12.076    70.000     0.109    1085       2    54.0    12.0
   105.296    32.591    12.076    70.000     0.101    1097      37    56.0    12.0
   105.279    32.580    12.076    70.000     0.086    1096      37    58.0    12.0
   105.263    32.568    12.076    70.000     0.069    1359      31    60.0    12.0
   105.247    32.557    12.076    70.000     0.081    1087      35    62.0    12.0
   105.230    32.545    12.076    70.000     0.094    1087      35    64.0    12.0
   105.214    32.534    12.076    70.000     0.091    1845      15    66.0    12.0
   105.198    32.522    12.076    70.000     0.075    1813       2    68.0    12.0
   105.181    32.510    12.076    70.000     0.058    1514      36    70.0    12.0
   105.165    32.499    12.076    70.000     0.078    1513      36    72.0    12.0
   105.149    32.487    12.076    70.000     0.110    1513      36    74.0    12.0
   105.132    32.476    12.076    70.000     0.085     713      35    76.0    12.0
   105.116    32.464    12.076    70.000     0.066     712      35    78.0    12.0
   105.100    32.453    12.076    70.000     0.054     714      23    80.0    12.0
   105.083    32.441    12.076    70.000     0.060    1059      32    82.0    12.0
   105.067    32.429    12.076    70.000     0.058    1133       9    84.0    12.0
   105.051    32.418    12.076    70.000     0.066    1133      12    86.0    12.0
   105.034    32.406    12.076    70.000     0.057    1133      25    88.0    12.0
   105.018    32.395    12.076    70.000     0.064    1701      12    90.0    12.0
   105.002    32.383    12.076    70.000     0.080     962       5    92.0    12.0
   104.985    32.372    12.076    70.000     0.099     962       5    94.0    12.0
   104.969    32.360    12.076    70.000     0.066     692      32    96.0    12.0
   104.953    32.348    12.076    70.000     0.047     520       2    98.0    12.0
   104.937    32.337    12.076    70.000     0.077    1339       2   100.0    12.0
   104.920    32.325    12.076    70.000     0.073    1041      14   102.0    12.0
   104.904    32.314    12.076    70.000     0.069     935      37   104.0    12.0
   104.888    32.302    12.076    70.000     0.098     947       1   106.0    12.0
   104.872    32.291    12.076    70.000     0.090     934      37   108.0    12.0
   104.855    32.279    12.076    70.000     0.085     746       6   110.0    12.0
   104.839    32.267    12.076    70.000     0.074     674      10   112.0    12.0
   105.761    32.909    10.197    70.000     0.168     397       6     0.0    10.0
   105.744    32.897    10.197    70.000     0.130     397      22     2.0    10.0
   105.728    32.886    10.197    70.000     0.121     639      30     4.0    10.0
   105.711    32.874    10.197    70.000     0.071     640      32     6.0    10.0
   105.695    32.863    10.197    70.000     0.077    1187      34     8.0    10.0
   105.678    32.851    10.197    70.000     0.091    1186      33    10.0    10.0
   105.662    32.840    10.197    70.000     0.048     603      33    12.0    10.0
   105.645    32.828    10.197    70.000     0.047    1335      19    14.0    10.0
   105.629    32.817    10.197    70.000     0.058    1335      26    16.0    10.0
   105.612    32.805    10.197    70.000     0.068     916      23    18.0    10.0
   105.596    32.794    10.197    70.000     0.056    1575      33    20.0    10.0
   105.579    32.782    10.197    70.000     0.065    1309      34    22.0    10.0
   105.563    32.771    10.197    70.000     0.063     687       3    24.0    10.0
   105.547    32.759    10.197    70.000     0.092     685       3    26.0    10.0
   105.530    32.748    10.197    70.000     0.127    1589      37    28.0    10.0
   105.514    32.736    10.197    70.000     0.106    1600       2    30.0    10.0
   105.497    32.725    10.197    70.000     0.086    1600       1    32.0    10.0
   105.481    32.713    10.197    70.000     0.075    1600       1    34.0    10.0
   105.464    32.702    10.197    70.000     0.051    1817      37    36.0    10.0
   105.448    32.690    10.197    70.000     0.055     397      29    38.0    10.0
   105.432    32.679    10.197    70.000     0.048     396       7    40.0    10.0
   105.415    32.667    10.197    70.000     0.041    2049       5    42.0    10.0
   105.399    32.656    10.197    70.000     0.080    1041      36    44.0    10.0
   105.382    32.644    10.197    70.000     0.059     745       2    46.0    10.0
   105.366    32.633    10.197    70.000     0.051     770       6    48.0    10.0
   105.350    32.621    10.197    70.000     0.043    1048       6    50.0    10.0
   105.333    32.610    10.197    70.000     0.071    1046       6    52.0    10.0
   105.317    32.598    10.197    70.000     0.088    1045       7    54.0    10.0
   105.300    32.586    10.197    70.000     0.110    1041       2    56.0    10.0
   105.284    32.575    10.197    70.000     0.141    1040       2    58.0    10.0
   105.268    32.563    10.197    70.000     0.098    1039       2    60.0    10.0
   105.251    32.552    10.197    70.000     0.066     628       1    62.0    10.0
   105.235    32.540    10.197    70.000     0.088     616      37    64.0    10.0
   105.219    32.529    10.197    70.000     0.059    1096      27    66.0    10.0
   105.202    32.517    10.197    70.000     0.040    1738      36    68.0    10.0
   105.186    32.506    10.197    70.000     0.051     816       1    70.0    10.0
   105.170    32.494    10.197    70.000     0.078    1801      33    72.0    10.0
   105.153    32.483    10.197    70.000     0.075    1799      32    74.0    10.0
   105.137    32.471    10.197    70.000     0.059    1870      37    76.0    10.0
   105.121    32.459    10.197    70.000     0.091    1149      36    78.0    10.0
   105.104    32.448    10.197    70.000     0.118     926      35    80.0    10.0
   105.088    32.436    10.197    70.000     0.245     926      33    82.0    10.0
   105.072    32.425    10.197    70.000     0.300     925      34    84.0    10.0
   105.055    32.413    10.197    70.000     0.231     925      34    86.0    10.0
   105.039    32.402    10.197    70.000     0.160     923      31    88.0    10.0
   105.023    32.390    10.197    70.000     0.124     924      21    90.0    10.0
   105.006    32.378    10.197    70.000     0.091    1136      37    92.0    10.0
   104.990    32.367    10.197    70.000     0.143    1073       2    94.0    10.0
   104.974    32.355    10.197    70.000     0.123    1072       2    96.0    10.0
   104.958    32.344    10.197    70.000     0.115    1071       2    98.0    10.0
   104.941    32.332    10.197    70.000     0.063    1070       2   100.0    10.0
   104.925    32.321    10.197    70.000     0.068    1266       1   102.0    10.0
   104.909    32.309    10.197    70.000     0.074     420       1   104.0    10.0
   104.892    32.297    10.197    70.000     0.095     421       1   106.0    10.0
   104.876    32.286    10.197    70.000     0.064     615      35   108.0    10.0
   104.860    32.274    10.197    70.000     0.075     371      10   110.0    10.0
   104.844    32.263    10.197    70.000     0.093     554       5   112.0    10.0
   105.765    32.904     8.318    70.000     0.053    1643      37     0.0     8.0
   105.749    32.892     8.318    70.000     0.051    1643      37     2.0     8.0
   105.732    32.881     8.318    70.000     0.045    2139      28     4.0     8.0
   105.716    32.869     8.318    70.000     0.059     886       1     6.0     8.0
   105.699    32.858     8.318    70.000     0.090     470      33     8.0     8.0
   105.683    32.846     8.318    70.000     0.064     797      35    10.0     8.0
   105.666    32.835     8.318    70.000     0.072     797      35    12.0     8.0
   105.650    32.823     8.318    70.000     0.093    1114      32    14.0     8.0
   105.633    32.812     8.318    70.000     0.117    1112      31    16.0     8.0
   105.617    32.800     8.318    70.000     0.133    1110      31    18.0     8.0
   105.601    32.789     8.318    70.000     0.090    1146      28    20.0     8.0
   105.584    32.778     8.318    70.000     0.111    1150       6    22.0     8.0
   105.568    32.766     8.318    70.000     0.075    1147      11    24.0     8.0
   105.551    32.755     8.318    70.000     0.074     703      37    26.0     8.0
   105.535    32.743     8.318    70.000     0.076     650       3    28.0     8.0
   105.518    32.731     8.318    70.000     0.131     861      33    30.0     8.0
   105.502    32.720     8.318    70.000     0.117     861      33    32.0     8.0
   105.485    32.708     8.318    70.000     0.106     861      33    34.0     8.0
   105.469    32.697     8.318    70.000     0.097    1555      10    36.0     8.0
   105.453    32.685     8.318    70.000     0.083    1553      11    38.0     8.0
   105.436    32.674     8.318    70.000     0.088    1552      21    40.0     8.0
   105.420    32.662     8.318    70.000     0.140    1553      34    42.0     8.0
   105.403    32.651     8.318    70.000     0.159    1544       1    44.0     8.0
   105.387    32.639     8.318    70.000     0.129     733      11    46.0     8.0
   105.371    32.628     8.318    70.000     0.197     733       9    48.0     8.0
   105.354    32.616     8.318    70.000     0.133     732       7    50.0     8.0
   105.338    32.605     8.318    70.000     0.097    1857      30    52.0     8.0
   105.322    32.593     8.318    70.000     0.123    1856      32    54.0     8.0
   105.305    32.582     8.318    70.000     0.095    1856      31    56.0     8.0
   105.289    32.570     8.318    70.000     0.062    1892      31    58.0     8.0
   105.272    32.559     8.318    70.000     0.062     604      37    60.0     8.0
   105.256    32.547     8.318    70.000     0.067    1889      34    62.0     8.0
   105.240    32.536     8.318    70.000     0.065    1889      30    64.0     8.0
   105.223    32.524     8.318    70.000     0.082     401       4    66.0     8.0
   105.207    32.512     8.318    70.000     0.071    1889      11    68.0     8.0
   105.191    32.501     8.318    70.000     0.073     979      29    70.0     8.0
   105.174    32.489     8.318    70.000     0.093     980      26    72.0     8.0
   105.158    32.478     8.318    70.000     0.094     874       2    74.0     8.0
   105.142    32.466     8.318    70.000     0.098     618      30    76.0     8.0
   105.125    32.455     8.318    70.000     0.110     763      15    78.0     8.0
   105.109    32.443     8.318    70.000     0.121     762      11    80.0     8.0
   105.093    32.432     8.318    70.000     0.121     406      18    82.0     8.0
   105.076    32.420     8.318    70.000     0.107     407      32    84.0     8.0
   105.060    32.408     8.318    70.000     0.094     654       3    86.0     8.0
   105.044    32.397     8.318    70.000     0.072     653       4    88.0     8.0
   105.027    32.385     8.318    70.000     0.107    1103      37    90.0     8.0
   105.011    32.374     8.318    70.000     0.088    1103      37    92.0     8.0
   104.995    32.362     8.318    70.000     0.091     295      32    94.0     8.0
   104.979    32.351     8.318    70.000     0.058     295      35    96.0     8.0
   104.962    32.339     8.318    70.000     0.056     954      33    98.0     8.0
   104.946    32.327     8.318    70.000     0.077    1290      30   100.0     8.0
   104.930    32.316     8.318    70.000     0.075     695      35   102.0     8.0
   104.913    32.304     8.318    70.000     0.068     693      36   104.0     8.0
   104.897    32.293     8.318    70.000     0.055     734       8   106.0     8.0
   104.881    32.281     8.318    70.000     0.061     733      18   108.0     8.0
   104.865    32.269     8.318    70.000     0.071    1035      36   110.0     8.0
   104.848    32.258     8.318    70.000     0.090     587       1   112.0     8.0
   105.770    32.899     6.438    70.000     0.056    1244       1     0.0     6.0
   105.753    32.888     6.438    70.000     0.111     378       8     2.0     6.0
   105.737    32.876     6.438    70.000     0.092     380       6     4.0     6.0
   105.720    32.865     6.438    70.000     0.095     380       6     6.0     6.0
   105.704    32.853     6.438    70.000     0.066     380       2     8.0     6.0
   105.687    32.842     6.438    70.000     0.046    1623      36    10.0     6.0
   105.671    32.830     6.438    70.000     0.063    1446      35    12.0     6.0
   105.655    32.819     6.438    70.000     0.068    1446      35    14.0     6.0
   105.638    32.807     6.438    70.000     0.071     442       5    16.0     6.0
   105.622    32.796     6.438    70.000     0.080    1258       9    18.0     6.0
   105.605    32.784     6.438    70.000     0.079     798       8    20.0     6.0
   105.589    32.773     6.438    70.000     0.056    1594      29    22.0     6.0
   105.572    32.761     6.438    70.000     0.082    1019       6    24.0     6.0
   105.556    32.750     6.438    70.000     0.075    1019       5    26.0     6.0
   105.539    32.738     6.438    70.000     0.070    1857      35    28.0     6.0
   105.523    32.727     6.438    70.000     0.056    1605      37    30.0     6.0
   105.507    32.715     6.438    70.000     0.070     909      23    32.0     6.0
   105.490    32.704     6.438    70.000     0.091     744      37    34.0     6.0
   105.474    32.692     6.438    70.000     0.070     761       1    36.0     6.0
   105.457    32.681     6.438    70.000     0.074     761       1    38.0     6.0
   105.441    32.669     6.438    70.000     0.078     762       1    40.0     6.0
   105.425    32.658     6.438    70.000     0.045    1159       1    42.0     6.0
   105.408    32.646     6.438    70.000     0.052    1119      35    44.0     6.0
   105.392    32.635     6.438    70.000     0.066    1855       2    46.0     6.0
   105.375    32.623     6.438    70.000     0.063    1319       1    48.0     6.0
   105.359    32.612     6.438    70.000     0.093    1304      37    50.0     6.0
   105.343    32.600     6.438    70.000     0.097     971      23    52.0     6.0
   105.326    32.589     6.438    70.000     0.105     805      34    54.0     6.0
   105.310    32.577     6.438    70.000     0.086    1117       4    56.0     6.0
   105.293    32.565     6.438    70.000     0.128    1043      37    58.0     6.0
   105.277    32.554     6.438    70.000     0.121    1041      37    60.0     6.0
   105.261    32.542     6.438    70.000     0.087    1054       1    62.0     6.0
   105.244    32.531     6.438    70.000     0.071    1860      31    64.0     6.0
   105.228    32.519     6.438    70.000     0.073    1856      32    66.0     6.0
   105.212    32.508     6.438    70.000     0.072    1857      28    68.0     6.0
   105.195    32.496     6.438    70.000     0.076     939      37    70.0     6.0
   105.179    32.485     6.438    70.000     0.141     922       1    72.0     6.0
   105.163    32.473     6.438    70.000     0.096     920       1    74.0     6.0
   105.146    32.462     6.438    70.000     0.086    2025      23    76.0     6.0
   105.130    32.450     6.438    70.000     0.133     694      33    78.0     6.0
   105.114    32.438     6.438    70.000     0.105     694      32    80.0     6.0
   105.097    32.427     6.438    70.000     0.079     660      10    82.0     6.0
   105.081    32.415     6.438    70.000     0.065    1008      33    84.0     6.0
   105.065    32.404     6.438    70.000     0.064    1117      29    86.0     6.0
   105.048    32.392     6.438    70.000     0.063    1002      33    88.0     6.0
   105.032    32.381     6.438    70.000     0.069     974      10    90.0     6.0
   105.016    32.369     6.438    70.000     0.068     674      32    92.0     6.0
   104.999    32.357     6.438    70.000     0.106     674      30    94.0     6.0
   104.983    32.346     6.438    70.000     0.081     641      12    96.0     6.0
   104.967    32.334     6.438    70.000     0.076    1001       5    98.0     6.0
   104.951    32.323     6.438    70.000     0.062     955      34   100.0     6.0
   104.934    32.311     6.438    70.000     0.094     612       2   102.0     6.0
   104.918    32.300     6.438    70.000     0.083     300      36   104.0     6.0
   104.902    32.288     6.438    70.000     0.080     583       7   106.0     6.0
   104.886    32.276     6.438    70.000     0.103    1268      37   108.0     6.0
   104.869    32.265     6.438    70.000     0.086    1279       1   110.0     6.0
   104.853    32.253     6.438    70.000     0.067     922       8   112.0     6.0
   105.774    32.894     4.559    70.000     0.087    1576      11     0.0     4.0
   105.758    32.883     4.559    70.000     0.090    1574      10     2.0     4.0
   105.742    32.871     4.559    70.000     0.059     624      20     4.0     4.0
   105.725    32.860     4.559    70.000     0.078     624      32     6.0     4.0
   105.709    32.848     4.559    70.000     0.086    1170      27     8.0     4.0
   105.692    32.837     4.559    70.000     0.089    1170      36    10.0     4.0
   105.676    32.825     4.559    70.000     0.070    1171      31    12.0     4.0
   105.659    32.814     4.559    70.000     0.077     651       3    14.0     4.0
   105.643    32.802     4.559    70.000     0.103    1100      27    16.0     4.0
   105.626    32.791     4.559    70.000     0.100    1099      28    18.0     4.0
   105.610    32.779     4.559    70.000     0.060    1787      32    20.0     4.0
   105.593    32.768     4.559    70.000     0.053     985      19    22.0     4.0
   105.577    32.757     4.559    70.000     0.093     983      12    24.0     4.0
   105.561    32.745     4.559    70.000     0.133     984      25    26.0     4.0
   105.544    32.734     4.559    70.000     0.120    1151      37    28.0     4.0
   105.528    32.722     4.559    70.000     0.119    1130       6    30.0     4.0
   105.511    32.710     4.559    70.000     0.123    1132       4    32.0     4.0
   105.495    32.699     4.559    70.000     0.105    2064       5    34.0     4.0
   105.478    32.687     4.559    70.000     0.104    2064       5    36.0     4.0
   105.462    32.676     4.559    70.000     0.070    2063       5    38.0     4.0
   105.446    32.664     4.559    70.000     0.066    1168      32    40.0     4.0
   105.429    32.653     4.559    70.000     0.080     675      32    42.0     4.0
   105.413    32.641     4.559    70.000     0.125    1530       1    44.0     4.0
   105.396    32.630     4.559    70.000     0.074    1528       1    46.0     4.0
   105.380    32.618     4.559    70.000     0.058    1003       1    48.0     4.0
   105.364    32.607     4.559    70.000     0.090     988      34    50.0     4.0
   105.347    32.595     4.559    70.000     0.055    1899       5    52.0     4.0
   105.331    32.584     4.559    70.000     0.071    1564       1    54.0     4.0
   105.314    32.572     4.559    70.000     0.045    1340       8    56.0     4.0
   105.298    32.561     4.559    70.000     0.061     970      37    58.0     4.0
   105.282    32.549     4.559    70.000     0.062     628      36    60.0     4.0
   105.265    32.538     4.559    70.000     0.091     984       1    62.0     4.0
   105.249    32.526     4.559    70.000     0.108    1897      36    64.0     4.0
   105.233    32.515     4.559    70.000     0.103    1896      36    66.0     4.0
   105.216    32.503     4.559    70.000     0.097    1864      35    68.0     4.0
   105.200    32.491     4.559    70.000     0.081    1864      35    70.0     4.0
   105.184    32.480     4.559    70.000     0.104    1087       6    72.0     4.0
   105.167    32.468     4.559    70.000     0.085    1905      31    74.0     4.0
   105.151    32.457     4.559    70.000     0.083    1905      31    76.0     4.0
   105.135    32.445     4.559    70.000     0.073     622      37    78.0     4.0
   105.118    32.434     4.559    70.000     0.097     628      31    80.0     4.0
   105.102    32.422     4.559    70.000     0.109     627      32    82.0     4.0
   105.086    32.411     4.559    70.000     0.090    1501      32    84.0     4.0
   105.069    32.399     4.559    70.000     0.147    1504      33    86.0     4.0
   105.053    32.387     4.559    70.000     0.153     940      14    88.0     4.0
   105.037    32.376     4.559    70.000     0.146     939       5    90.0     4.0
   105.020    32.364     4.559    70.000     0.165    1135       1    92.0     4.0
   105.004    32.353     4.559    70.000     0.198    1118      37    94.0     4.0
   104.988    32.341     4.559    70.000     0.223    1117      37    96.0     4.0
   104.972    32.330     4.559    70.000     0.177    1117      37    98.0     4.0
   104.955    32.318     4.559    70.000     0.145    1015       6   100.0     4.0
   104.939    32.306     4.559    70.000     0.162     938      36   102.0     4.0
   104.923    32.295     4.559    70.000     0.122     937      36   104.0     4.0
   104.906    32.283     4.559    70.000     0.082     662       8   106.0     4.0
   104.890    32.272     4.559    70.000     0.065    1240       7   108.0     4.0
   104.874    32.260     4.559    70.000     0.115    1240       6   110.0     4.0
   104.858    32.248     4.559    70.000     0.129    1240       6   112.0     4.0
   105.779    32.890     2.679    70.000     0.040     431      36     0.0     2.0
   105.763    32.878     2.679    70.000     0.033     427      36     2.0     2.0
   105.746    32.867     2.679    70.000     0.072    1391      28     4.0     2.0
   105.730    32.855     2.679    70.000     0.099    1390      25     6.0     2.0
   105.713    32.844     2.679    70.000     0.098    1391      23     8.0     2.0
   105.697    32.832     2.679    70.000     0.060    1391      29    10.0     2.0
   105.680    32.821     2.679    70.000     0.064     390      37    12.0     2.0
   105.664    32.809     2.679    70.000     0.061    1648      36    14.0     2.0
   105.647    32.798     2.679    70.000     0.083    1649      36    16.0     2.0
   105.631    32.786     2.679    70.000     0.068    1315       7    18.0     2.0
   105.614    32.775     2.679    70.000     0.060     969       5    20.0     2.0
   105.598    32.763     2.679    70.000     0.078     969       8    22.0     2.0
   105.582    32.752     2.679    70.000     0.097     969      12    24.0     2.0
   105.565    32.740     2.679    70.000     0.078    1493      34    26.0     2.0
   105.549    32.729     2.679    70.000     0.073    1650       1    28.0     2.0
   105.532    32.717     2.679    70.000     0.058    1637      37    30.0     2.0
   105.516    32.706     2.679    70.000     0.044     694      37    32.0     2.0
   105.499    32.694     2.679    70.000     0.071     707       1    34.0     2.0
   105.483    32.683     2.679    70.000     0.090     707       1    36.0     2.0
   105.467    32.671     2.679    70.000     0.079     692      24    38.0     2.0
   105.450    32.660     2.679    70.000     0.104     494      14    40.0     2.0
   105.434    32.648     2.679    70.000     0.050     871       1    42.0     2.0
   105.417    32.637     2.679    70.000     0.064     870       1    44.0     2.0
   105.401    32.625     2.679    70.000     0.059    1800       5    46.0     2.0
   105.385    32.614     2.679    70.000     0.062    1798       4    48.0     2.0
   105.368    32.602     2.679    70.000     0.061    1017       1    50.0     2.0
   105.352    32.591     2.679    70.000     0.052    1116       1    52.0     2.0
   105.336    32.579     2.679    70.000     0.105    1103      37    54.0     2.0
   105.319    32.568     2.679    70.000     0.154    1087       1    56.0     2.0
   105.303    32.556     2.679    70.000     0.244    1088       1    58.0     2.0
   105.286    32.544     2.679    70.000     0.212    1088       1    60.0     2.0
   105.270    32.533     2.679    70.000     0.101     988      37    62.0     2.0
   105.254    32.521     2.679    70.000     0.129     974       2    64.0     2.0
   105.237    32.510     2.679    70.000     0.096     989      37    66.0     2.0
   105.221    32.498     2.679    70.000     0.097    1128       3    68.0     2.0
   105.205    32.487     2.679    70.000     0.090    1128       3    70.0     2.0
   105.188    32.475     2.679    70.000     0.084     928      33    72.0     2.0
   105.172    32.464     2.679    70.000     0.121     929      34    74.0     2.0
   105.156    32.452     2.679    70.000     0.125     930      34    76.0     2.0
   105.139    32.441     2.679    70.000     0.108    1039       8    78.0     2.0
   105.123    32.429     2.679    70.000     0.087    1039       9    80.0     2.0
   105.107    32.417     2.679    70.000     0.043    1775       3    82.0     2.0
   105.090    32.406     2.679    70.000     0.056     870      29    84.0     2.0
   105.074    32.394     2.679    70.000     0.073     868      30    86.0     2.0
   105.058    32.383     2.679    70.000     0.051    1700      15    88.0     2.0
   105.041    32.371     2.679    70.000     0.087     696      30    90.0     2.0
   105.025    32.360     2.679    70.000     0.101     694      28    92.0     2.0
   105.009    32.348     2.679    70.000     0.113     694      25    94.0     2.0
   104.993    32.336     2.679    70.000     0.078    1134      37    96.0     2.0
   104.976    32.325     2.679    70.000     0.064    1439      33    98.0     2.0
   104.960    32.313     2.679    70.000     0.076    1626      36   100.0     2.0
   104.944    32.302     2.679    70.000     0.065    1652      35   102.0     2.0
   104.927    32.290     2.679    70.000     0.062    1230      29   104.0     2.0
   104.911    32.278     2.679    70.000     0.071    1953      37   106.0     2.0
   104.895    32.267     2.679    70.000     0.090     993      37   108.0     2.0
   104.879    32.255     2.679    70.000     0.083     680      14   110.0     2.0
   104.862    32.244     2.679    70.000     0.108     353      19   112.0     2.0
   105.784    32.885     0.800    70.000     0.045    1122       1     0.0     0.0
   105.767    32.873     0.800    70.000     0.047    1122       1     2.0     0.0
   105.751    32.862     0.800    70.000     0.044    1981      11     4.0     0.0
   105.734    32.850     0.800    70.000     0.045    1981      27     6.0     0.0
   105.718    32.839     0.800    70.000     0.045     429      26     8.0     0.0
   105.701    32.827     0.800    70.000     0.052    1986      36    10.0     0.0
   105.685    32.816     0.800    70.000     0.078    1984      36    12.0     0.0
   105.668    32.804     0.800    70.000     0.066    1958      36    14.0     0.0
   105.652    32.793     0.800    70.000     0.079     399       2    16.0     0.0
   105.636    32.781     0.800    70.000     0.104     640      33    18.0     0.0
   105.619    32.770     0.800    70.000     0.083     784      28    20.0     0.0
   105.603    32.758     0.800    70.000     0.087    1581      21    22.0     0.0
   105.586    32.747     0.800    70.000     0.068    1582      26    24.0     0.0
   105.570    32.736     0.800    70.000     0.080     678      36    26.0     0.0
   105.553    32.724     0.800    70.000     0.061     679      36    28.0     0.0
   105.537    32.713     0.800    70.000     0.064     871      30    30.0     0.0
   105.521    32.701     0.800    70.000     0.094    1153      27    32.0     0.0
   105.504    32.689     0.800    70.000     0.207    1152      30    34.0     0.0
   105.488    32.678     0.800    70.000     0.269    1152      31    36.0     0.0
   105.471    32.666     0.800    70.000     0.105    1152      31    38.0     0.0
   105.455    32.655     0.800    70.000     0.059     434      35    40.0     0.0
   105.438    32.643     0.800    70.000     0.054    1573      37    42.0     0.0
   105.422    32.632     0.800    70.000     0.073    1571      37    44.0     0.0
   105.406    32.620     0.800    70.000     0.056    1558       1    46.0     0.0
   105.389    32.609     0.800    70.000     0.069    1557       1    48.0     0.0
   105.373    32.597     0.800    70.000     0.087    1360       3    50.0     0.0
   105.357    32.586     0.800    70.000     0.100    1360       3    52.0     0.0
   105.340    32.574     0.800    70.000     0.045    1249       4    54.0     0.0
   105.324    32.563     0.800    70.000     0.063    1105       2    56.0     0.0
   105.307    32.551     0.800    70.000     0.072     863      29    58.0     0.0
   105.291    32.540     0.800    70.000     0.104     659      36    60.0     0.0
   105.275    32.528     0.800    70.000     0.098     658      36    62.0     0.0
   105.258    32.517     0.800    70.000     0.060     968       2    64.0     0.0
   105.242    32.505     0.800    70.000     0.085     968       2    66.0     0.0
   105.226    32.494     0.800    70.000     0.056     938       7    68.0     0.0
   105.209    32.482     0.800    70.000     0.046     969      11    70.0     0.0
   105.193    32.470     0.800    70.000     0.080     941      34    72.0     0.0
   105.177    32.459     0.800    70.000     0.121    1499       1    74.0     0.0
   105.160    32.447     0.800    70.000     0.132    1497       1    76.0     0.0
   105.144    32.436     0.800    70.000     0.076     972      34    78.0     0.0
   105.128    32.424     0.800    70.000     0.101     971      34    80.0     0.0
   105.111    32.413     0.800    70.000     0.080     686      22    82.0     0.0
   105.095    32.401     0.800    70.000     0.061    1179      16    84.0     0.0
   105.079    32.390     0.800    70.000     0.061    1369       2    86.0     0.0
   105.062    32.378     0.800    70.000     0.058     962      30    88.0     0.0
   105.046    32.366     0.800    70.000     0.061     961      30    90.0     0.0
   105.030    32.355     0.800    70.000     0.062    1668      11    92.0     0.0
   105.013    32.343     0.800    70.000     0.064     992       1    94.0     0.0
   104.997    32.332     0.800    70.000     0.062    1163       2    96.0     0.0
   104.981    32.320     0.800    70.000     0.067    1002      37    98.0     0.0
   104.965    32.309     0.800    70.000     0.090    1158       1   100.0     0.0
   104.948    32.297     0.800    70.000     0.053    1043       1   102.0     0.0
   104.932    32.285     0.800    70.000     0.064     716       3   104.0     0.0
   104.916    32.274     0.800    70.000     0.076    1069       1   106.0     0.0
   104.900    32.262     0.800    70.000     0.086     937      36   108.0     0.0
   104.883    32.251     0.800    70.000     0.124     936      36   110.0     0.0
   104.867    32.239     0.800    70.000     0.084     937      36   112.0     0.0
