   103.535    31.374    23.947    34.000     0.017     100       2     0.0    40.0
   103.521    31.360    23.947    34.000     0.006      17       6     2.0    40.0
   103.507    31.347    23.947    34.000     0.007      18       7     4.0    40.0
   103.492    31.334    23.947    34.000     0.023      78       6     6.0    40.0
   103.478    31.321    23.947    34.000     0.029      77       5     8.0    40.0
   103.464    31.308    23.947    34.000     0.026      47      15    10.0    40.0
   103.449    31.295    23.947    34.000     0.017      78      16    12.0    40.0
   103.435    31.281    23.947    34.000     0.012      44       2    14.0    40.0
   103.421    31.268    23.947    34.000     0.013      15      20    16.0    40.0
   103.406    31.255    23.947    34.000     0.018      17      11    18.0    40.0
   103.392    31.242    23.947    34.000     0.020      17      12    20.0    40.0
   103.378    31.229    23.947    34.000     0.018      97       2    22.0    40.0
   103.363    31.216    23.947    34.000     0.023      97       2    24.0    40.0
   103.349    31.202    23.947    34.000     0.019      18      15    26.0    40.0
   103.335    31.189    23.947    34.000     0.016      44      26    28.0    40.0
   103.320    31.176    23.947    34.000     0.029      45      32    30.0    40.0
   103.306    31.163    23.947    34.000     0.023      45      31    32.0    40.0
   103.292    31.150    23.947    34.000     0.010      46      29    34.0    40.0
   103.277    31.136    23.947    34.000     0.017     100       2    36.0    40.0
   103.263    31.123    23.947    34.000     0.038      90      37    38.0    40.0
   103.249    31.110    23.947    34.000     0.062      89      37    40.0    40.0
   103.235    31.097    23.947    34.000     0.064      74       3    42.0    40.0
   103.220    31.084    23.947    34.000     0.053      11      28    44.0    40.0
   103.206    31.070    23.947    34.000     0.041      11      25    46.0    40.0
   103.192    31.057    23.947    34.000     0.049     100      29    48.0    40.0
   103.178    31.044    23.947    34.000     0.063     100      26    50.0    40.0
   103.163    31.031    23.947    34.000     0.039      28       1    52.0    40.0
   103.149    31.018    23.947    34.000     0.031      44      35    54.0    40.0
   103.135    31.004    23.947    34.000     0.019      66       5    56.0    40.0
   103.120    30.991    23.947    34.000     0.032      65      11    58.0    40.0
   103.106    30.978    23.947    34.000     0.023      65      18    60.0    40.0
   103.092    30.965    23.947    34.000     0.030      40      11    62.0    40.0
   103.078    30.951    23.947    34.000     0.049      39      10    64.0    40.0
   103.548    31.363    22.829    34.000     0.010      45      32     0.0    38.0
   103.534    31.350    22.829    34.000     0.008      43      34     2.0    38.0
   103.519    31.337    22.829    34.000     0.005      87      36     4.0    38.0
   103.505    31.324    22.829    34.000     0.012      78      10     6.0    38.0
   103.491    31.311    22.829    34.000     0.022      47      15     8.0    38.0
   103.476    31.298    22.829    34.000     0.017      46      12    10.0    38.0
   103.462    31.284    22.829    34.000     0.014      48      21    12.0    38.0
   103.448    31.271    22.829    34.000     0.014      86       7    14.0    38.0
   103.433    31.258    22.829    34.000     0.006      87       7    16.0    38.0
   103.419    31.245    22.829    34.000     0.010      89       6    18.0    38.0
   103.405    31.232    22.829    34.000     0.005      88      10    20.0    38.0
   103.390    31.218    22.829    34.000     0.008       1      36    22.0    38.0
   103.376    31.205    22.829    34.000     0.012       2      36    24.0    38.0
   103.362    31.192    22.829    34.000     0.010       3      25    26.0    38.0
   103.347    31.179    22.829    34.000     0.009       3      36    28.0    38.0
   103.333    31.166    22.829    34.000     0.008       4      10    30.0    38.0
   103.319    31.153    22.829    34.000     0.016      38       5    32.0    38.0
   103.305    31.139    22.829    34.000     0.030      37       5    34.0    38.0
   103.290    31.126    22.829    34.000     0.067      37      15    36.0    38.0
   103.276    31.113    22.829    34.000     0.090      36      17    38.0    38.0
   103.262    31.100    22.829    34.000     0.080      37      23    40.0    38.0
   103.247    31.087    22.829    34.000     0.088      37      26    42.0    38.0
   103.233    31.073    22.829    34.000     0.049      36      22    44.0    38.0
   103.219    31.060    22.829    34.000     0.064      61       8    46.0    38.0
   103.204    31.047    22.829    34.000     0.062      61       7    48.0    38.0
   103.190    31.034    22.829    34.000     0.079      60       8    50.0    38.0
   103.176    31.021    22.829    34.000     0.078      61       7    52.0    38.0
   103.162    31.007    22.829    34.000     0.032      60       7    54.0    38.0
   103.147    30.994    22.829    34.000     0.034      32       1    56.0    38.0
   103.133    30.981    22.829    34.000     0.038      32       1    58.0    38.0
   103.119    30.968    22.829    34.000     0.031      92      25    60.0    38.0
   103.105    30.954    22.829    34.000     0.027       1       4    62.0    38.0
   103.090    30.941    22.829    34.000     0.031       3       5    64.0    38.0
   103.561    31.353    21.710    34.000     0.026      33      11     0.0    36.0
   103.547    31.340    21.710    34.000     0.010      36      11     2.0    36.0
   103.532    31.327    21.710    34.000     0.012      87      35     4.0    36.0
   103.518    31.314    21.710    34.000     0.010      90      35     6.0    36.0
   103.503    31.301    21.710    34.000     0.009      27      35     8.0    36.0
   103.489    31.287    21.710    34.000     0.020      29      36    10.0    36.0
   103.475    31.274    21.710    34.000     0.034      30      36    12.0    36.0
   103.460    31.261    21.710    34.000     0.025      31      35    14.0    36.0
   103.446    31.248    21.710    34.000     0.021      29      35    16.0    36.0
   103.432    31.235    21.710    34.000     0.013      63      24    18.0    36.0
   103.417    31.221    21.710    34.000     0.021      34      33    20.0    36.0
   103.403    31.208    21.710    34.000     0.018      34      34    22.0    36.0
   103.389    31.195    21.710    34.000     0.029      30       4    24.0    36.0
   103.374    31.182    21.710    34.000     0.028      31       7    26.0    36.0
   103.360    31.169    21.710    34.000     0.040      32       7    28.0    36.0
   103.346    31.156    21.710    34.000     0.042      88      35    30.0    36.0
   103.332    31.142    21.710    34.000     0.086      34      10    32.0    36.0
   103.317    31.129    21.710    34.000     0.086      33      10    34.0    36.0
   103.303    31.116    21.710    34.000     0.075      32      14    36.0    36.0
   103.289    31.103    21.710    34.000     0.066      32      12    38.0    36.0
   103.274    31.090    21.710    34.000     0.055      30      13    40.0    36.0
   103.260    31.076    21.710    34.000     0.078      59       8    42.0    36.0
   103.246    31.063    21.710    34.000     0.079      61       9    44.0    36.0
   103.231    31.050    21.710    34.000     0.056      60      11    46.0    36.0
   103.217    31.037    21.710    34.000     0.046      24       5    48.0    36.0
   103.203    31.024    21.710    34.000     0.049      24       4    50.0    36.0
   103.189    31.010    21.710    34.000     0.052       5      35    52.0    36.0
   103.174    30.997    21.710    34.000     0.031       6      35    54.0    36.0
   103.160    30.984    21.710    34.000     0.034      51      29    56.0    36.0
   103.146    30.971    21.710    34.000     0.063      51      27    58.0    36.0
   103.132    30.958    21.710    34.000     0.051      51      28    60.0    36.0
   103.117    30.944    21.710    34.000     0.082      17      37    62.0    36.0
   103.103    30.931    21.710    34.000     0.063       4       3    64.0    36.0
   103.574    31.343    20.592    34.000     0.021      91      34     0.0    34.0
   103.559    31.330    20.592    34.000     0.037      91      32     2.0    34.0
   103.545    31.317    20.592    34.000     0.042      89      30     4.0    34.0
   103.531    31.303    20.592    34.000     0.057      87      30     6.0    34.0
   103.516    31.290    20.592    34.000     0.033      87      29     8.0    34.0
   103.502    31.277    20.592    34.000     0.014      89      25    10.0    34.0
   103.487    31.264    20.592    34.000     0.009      29      22    12.0    34.0
   103.473    31.251    20.592    34.000     0.014      31      32    14.0    34.0
   103.459    31.238    20.592    34.000     0.012      31      32    16.0    34.0
   103.444    31.224    20.592    34.000     0.009      61       1    18.0    34.0
   103.430    31.211    20.592    34.000     0.015      32       7    20.0    34.0
   103.416    31.198    20.592    34.000     0.016      32       9    22.0    34.0
   103.401    31.185    20.592    34.000     0.019      31      15    24.0    34.0
   103.387    31.172    20.592    34.000     0.029      33      10    26.0    34.0
   103.373    31.159    20.592    34.000     0.028      35      14    28.0    34.0
   103.359    31.145    20.592    34.000     0.033      35      12    30.0    34.0
   103.344    31.132    20.592    34.000     0.019      33      15    32.0    34.0
   103.330    31.119    20.592    34.000     0.023       7      37    34.0    34.0
   103.316    31.106    20.592    34.000     0.011       7      37    36.0    34.0
   103.301    31.093    20.592    34.000     0.012       4      37    38.0    34.0
   103.287    31.079    20.592    34.000     0.059      25       4    40.0    34.0
   103.273    31.066    20.592    34.000     0.110      23      15    42.0    34.0
   103.258    31.053    20.592    34.000     0.172      22      16    44.0    34.0
   103.244    31.040    20.592    34.000     0.169      23      16    46.0    34.0
   103.230    31.027    20.592    34.000     0.055      22       6    48.0    34.0
   103.216    31.013    20.592    34.000     0.074      49       7    50.0    34.0
   103.201    31.000    20.592    34.000     0.069      49       9    52.0    34.0
   103.187    30.987    20.592    34.000     0.162      49      20    54.0    34.0
   103.173    30.974    20.592    34.000     0.346      48      21    56.0    34.0
   103.159    30.961    20.592    34.000     0.347      47      23    58.0    34.0
   103.144    30.947    20.592    34.000     0.296      51      34    60.0    34.0
   103.130    30.934    20.592    34.000     0.212      49      34    62.0    34.0
   103.116    30.921    20.592    34.000     0.096      78       7    64.0    34.0
   103.586    31.333    19.474    34.000     0.019      70       2     0.0    32.0
   103.572    31.320    19.474    34.000     0.031      85      35     2.0    32.0
   103.558    31.306    19.474    34.000     0.049      87      34     4.0    32.0
   103.543    31.293    19.474    34.000     0.028      85      32     6.0    32.0
   103.529    31.280    19.474    34.000     0.033      87      28     8.0    32.0
   103.515    31.267    19.474    34.000     0.018       1      29    10.0    32.0
   103.500    31.254    19.474    34.000     0.016       4      12    12.0    32.0
   103.486    31.241    19.474    34.000     0.023      72      36    14.0    32.0
   103.472    31.227    19.474    34.000     0.011      75      34    16.0    32.0
   103.457    31.214    19.474    34.000     0.014      77      33    18.0    32.0
   103.443    31.201    19.474    34.000     0.011      38       6    20.0    32.0
   103.429    31.188    19.474    34.000     0.018      38       7    22.0    32.0
   103.414    31.175    19.474    34.000     0.023      39       6    24.0    32.0
   103.400    31.162    19.474    34.000     0.031      38      11    26.0    32.0
   103.386    31.148    19.474    34.000     0.023      35      15    28.0    32.0
   103.371    31.135    19.474    34.000     0.021       1       1    30.0    32.0
   103.357    31.122    19.474    34.000     0.033      11      37    32.0    32.0
   103.343    31.109    19.474    34.000     0.050       9      37    34.0    32.0
   103.328    31.096    19.474    34.000     0.041       8      37    36.0    32.0
   103.314    31.082    19.474    34.000     0.120      22      11    38.0    32.0
   103.300    31.069    19.474    34.000     0.243      21      14    40.0    32.0
   103.285    31.056    19.474    34.000     0.208      21      11    42.0    32.0
   103.271    31.043    19.474    34.000     0.124      19      16    44.0    32.0
   103.257    31.030    19.474    34.000     0.090      17      17    46.0    32.0
   103.243    31.016    19.474    34.000     0.102      49       8    48.0    32.0
   103.228    31.003    19.474    34.000     0.100      49      12    50.0    32.0
   103.214    30.990    19.474    34.000     0.153      48      16    52.0    32.0
   103.200    30.977    19.474    34.000     0.163      46      12    54.0    32.0
   103.186    30.964    19.474    34.000     0.216      46      14    56.0    32.0
   103.171    30.950    19.474    34.000     0.158      45      16    58.0    32.0
   103.157    30.937    19.474    34.000     0.158      43      11    60.0    32.0
   103.143    30.924    19.474    34.000     0.154      48      33    62.0    32.0
   103.129    30.911    19.474    34.000     0.190      48      34    64.0    32.0
   103.599    31.323    18.355    34.000     0.043      47      16     0.0    30.0
   103.585    31.309    18.355    34.000     0.048      49      15     2.0    30.0
   103.570    31.296    18.355    34.000     0.022      75       3     4.0    30.0
   103.556    31.283    18.355    34.000     0.014      50      30     6.0    30.0
   103.542    31.270    18.355    34.000     0.013      49      35     8.0    30.0
   103.527    31.257    18.355    34.000     0.015      48      34    10.0    30.0
   103.513    31.244    18.355    34.000     0.012      47      32    12.0    30.0
   103.499    31.230    18.355    34.000     0.011      50      35    14.0    30.0
   103.484    31.217    18.355    34.000     0.007      80      26    16.0    30.0
   103.470    31.204    18.355    34.000     0.004      42       2    18.0    30.0
   103.456    31.191    18.355    34.000     0.008      45       2    20.0    30.0
   103.441    31.178    18.355    34.000     0.017      44       2    22.0    30.0
   103.427    31.164    18.355    34.000     0.020      41       2    24.0    30.0
   103.413    31.151    18.355    34.000     0.034      68      27    26.0    30.0
   103.398    31.138    18.355    34.000     0.027      70      30    28.0    30.0
   103.384    31.125    18.355    34.000     0.044      71      31    30.0    30.0
   103.370    31.112    18.355    34.000     0.035      73      34    32.0    30.0
   103.355    31.099    18.355    34.000     0.049      73      34    34.0    30.0
   103.341    31.085    18.355    34.000     0.041      19      18    36.0    30.0
   103.327    31.072    18.355    34.000     0.068      19      14    38.0    30.0
   103.312    31.059    18.355    34.000     0.152      18      14    40.0    30.0
   103.298    31.046    18.355    34.000     0.167      17      18    42.0    30.0
   103.284    31.033    18.355    34.000     0.114      16      17    44.0    30.0
   103.270    31.019    18.355    34.000     0.063      14       8    46.0    30.0
   103.255    31.006    18.355    34.000     0.095       8       3    48.0    30.0
   103.241    30.993    18.355    34.000     0.190       8       5    50.0    30.0
   103.227    30.980    18.355    34.000     0.215       9       3    52.0    30.0
   103.213    30.967    18.355    34.000     0.256      41      17    54.0    30.0
   103.198    30.953    18.355    34.000     0.348      40      18    56.0    30.0
   103.184    30.940    18.355    34.000     0.273      40      20    58.0    30.0
   103.170    30.927    18.355    34.000     0.166      40      22    60.0    30.0
   103.156    30.914    18.355    34.000     0.073      40      25    62.0    30.0
   103.141    30.901    18.355    34.000     0.075      12      36    64.0    30.0
   103.612    31.312    17.237    34.000     0.037      77       8     0.0    28.0
   103.597    31.299    17.237    34.000     0.022      73       3     2.0    28.0
   103.583    31.286    17.237    34.000     0.021      10      23     4.0    28.0
   103.569    31.273    17.237    34.000     0.033      11      26     6.0    28.0
   103.554    31.260    17.237    34.000     0.028      11      22     8.0    28.0
   103.540    31.246    17.237    34.000     0.028      50      34    10.0    28.0
   103.526    31.233    17.237    34.000     0.029      48      31    12.0    28.0
   103.511    31.220    17.237    34.000     0.019      46      32    14.0    28.0
   103.497    31.207    17.237    34.000     0.015      43      32    16.0    28.0
   103.483    31.194    17.237    34.000     0.018      42      32    18.0    28.0
   103.468    31.181    17.237    34.000     0.017       3       7    20.0    28.0
   103.454    31.167    17.237    34.000     0.045      70      27    22.0    28.0
   103.440    31.154    17.237    34.000     0.054      69      25    24.0    28.0
   103.425    31.141    17.237    34.000     0.040      67      24    26.0    28.0
   103.411    31.128    17.237    34.000     0.021      71      21    28.0    28.0
   103.397    31.115    17.237    34.000     0.045      97       9    30.0    28.0
   103.382    31.102    17.237    34.000     0.077      95       6    32.0    28.0
   103.368    31.088    17.237    34.000     0.066      94       2    34.0    28.0
   103.354    31.075    17.237    34.000     0.042       5      35    36.0    28.0
   103.339    31.062    17.237    34.000     0.066       5      34    38.0    28.0
   103.325    31.049    17.237    34.000     0.031       4      35    40.0    28.0
   103.311    31.036    17.237    34.000     0.046      11      21    42.0    28.0
   103.297    31.022    17.237    34.000     0.091       9      20    44.0    28.0
   103.282    31.009    17.237    34.000     0.216       8       7    46.0    28.0
   103.268    30.996    17.237    34.000     0.264       7       8    48.0    28.0
   103.254    30.983    17.237    34.000     0.286       6       6    50.0    28.0
   103.240    30.970    17.237    34.000     0.207       7       8    52.0    28.0
   103.225    30.956    17.237    34.000     0.178      39      13    54.0    28.0
   103.211    30.943    17.237    34.000     0.081      39      18    56.0    28.0
   103.197    30.930    17.237    34.000     0.024      34      17    58.0    28.0
   103.182    30.917    17.237    34.000     0.032      95       7    60.0    28.0
   103.168    30.904    17.237    34.000     0.083      29       1    62.0    28.0
   103.154    30.890    17.237    34.000     0.099      28       1    64.0    28.0
   103.624    31.302    16.118    34.000     0.004      12      18     0.0    26.0
   103.610    31.289    16.118    34.000     0.011     100      24     2.0    26.0
   103.596    31.276    16.118    34.000     0.020      13      32     4.0    26.0
   103.581    31.263    16.118    34.000     0.030      11      32     6.0    26.0
   103.567    31.249    16.118    34.000     0.034      91      36     8.0    26.0
   103.553    31.236    16.118    34.000     0.076      73       1    10.0    26.0
   103.538    31.223    16.118    34.000     0.064      71       1    12.0    26.0
   103.524    31.210    16.118    34.000     0.061      88      36    14.0    26.0
   103.510    31.197    16.118    34.000     0.048      53      36    16.0    26.0
   103.495    31.184    16.118    34.000     0.034      51      37    18.0    26.0
   103.481    31.170    16.118    34.000     0.039      33       2    20.0    26.0
   103.467    31.157    16.118    34.000     0.042      61       2    22.0    26.0
   103.452    31.144    16.118    34.000     0.062      62       2    24.0    26.0
   103.438    31.131    16.118    34.000     0.090      75      36    26.0    26.0
   103.424    31.118    16.118    34.000     0.078      76      37    28.0    26.0
   103.409    31.105    16.118    34.000     0.138      34      34    30.0    26.0
   103.395    31.091    16.118    34.000     0.155      33      34    32.0    26.0
   103.381    31.078    16.118    34.000     0.188      31      34    34.0    26.0
   103.366    31.065    16.118    34.000     0.154      32      34    36.0    26.0
   103.352    31.052    16.118    34.000     0.068      29      34    38.0    26.0
   103.338    31.039    16.118    34.000     0.103       6      14    40.0    26.0
   103.324    31.025    16.118    34.000     0.159       7      14    42.0    26.0
   103.309    31.012    16.118    34.000     0.151       6       3    44.0    26.0
   103.295    30.999    16.118    34.000     0.134       5       4    46.0    26.0
   103.281    30.986    16.118    34.000     0.094       4       7    48.0    26.0
   103.266    30.973    16.118    34.000     0.048       4       6    50.0    26.0
   103.252    30.959    16.118    34.000     0.039      32      26    52.0    26.0
   103.238    30.946    16.118    34.000     0.129      31      23    54.0    26.0
   103.224    30.933    16.118    34.000     0.228      29      16    56.0    26.0
   103.209    30.920    16.118    34.000     0.542      28      16    58.0    26.0
   103.195    30.907    16.118    34.000     0.510      28      15    60.0    26.0
   103.181    30.893    16.118    34.000     0.535      27      14    62.0    26.0
   103.167    30.880    16.118    34.000     0.335      26       4    64.0    26.0
   103.637    31.292    15.000    34.000     0.020      60       7     0.0    24.0
   103.623    31.279    15.000    34.000     0.034      61       8     2.0    24.0
   103.608    31.266    15.000    34.000     0.026      60       6     4.0    24.0
   103.594    31.252    15.000    34.000     0.027      32       2     6.0    24.0
   103.580    31.239    15.000    34.000     0.037      32       2     8.0    24.0
   103.565    31.226    15.000    34.000     0.044      61      34    10.0    24.0
   103.551    31.213    15.000    34.000     0.070      89      35    12.0    24.0
   103.537    31.200    15.000    34.000     0.086      89      35    14.0    24.0
   103.522    31.187    15.000    34.000     0.073      88      35    16.0    24.0
   103.508    31.173    15.000    34.000     0.031      84      34    18.0    24.0
   103.494    31.160    15.000    34.000     0.038      34       1    20.0    24.0
   103.479    31.147    15.000    34.000     0.041      80      35    22.0    24.0
   103.465    31.134    15.000    34.000     0.089      80      35    24.0    24.0
   103.451    31.121    15.000    34.000     0.075      78      36    26.0    24.0
   103.436    31.107    15.000    34.000     0.031      79      35    28.0    24.0
   103.422    31.094    15.000    34.000     0.030      58      13    30.0    24.0
   103.408    31.081    15.000    34.000     0.072      31      36    32.0    24.0
   103.393    31.068    15.000    34.000     0.072      32      34    34.0    24.0
   103.379    31.055    15.000    34.000     0.098      84      13    36.0    24.0
   103.365    31.042    15.000    34.000     0.107      83      10    38.0    24.0
   103.351    31.028    15.000    34.000     0.078       5      14    40.0    24.0
   103.336    31.015    15.000    34.000     0.153       2      17    42.0    24.0
   103.322    31.002    15.000    34.000     0.187       2      18    44.0    24.0
   103.308    30.989    15.000    34.000     0.140       1      20    46.0    24.0
   103.293    30.976    15.000    34.000     0.091       1       8    48.0    24.0
   103.279    30.962    15.000    34.000     0.067      29       5    50.0    24.0
   103.265    30.949    15.000    34.000     0.140      27       4    52.0    24.0
   103.251    30.936    15.000    34.000     0.364      27       8    54.0    24.0
   103.236    30.923    15.000    34.000     0.450      28      17    56.0    24.0
   103.222    30.910    15.000    34.000     0.614      27      18    58.0    24.0
   103.208    30.896    15.000    34.000     0.489      27      20    60.0    24.0
   103.194    30.883    15.000    34.000     0.291      27      25    62.0    24.0
   103.179    30.870    15.000    34.000     0.122      26      23    64.0    24.0
   103.650    31.282    13.882    34.000     0.013      62       5     0.0    22.0
   103.635    31.268    13.882    34.000     0.017      61       4     2.0    22.0
   103.621    31.255    13.882    34.000     0.017      61       4     4.0    22.0
   103.607    31.242    13.882    34.000     0.022      85       3     6.0    22.0
   103.592    31.229    13.882    34.000     0.021      85       3     8.0    22.0
   103.578    31.216    13.882    34.000     0.023      82       2    10.0    22.0
   103.564    31.203    13.882    34.000     0.020      63      34    12.0    22.0
   103.549    31.189    13.882    34.000     0.021      63      31    14.0    22.0
   103.535    31.176    13.882    34.000     0.025      20      36    16.0    22.0
   103.521    31.163    13.882    34.000     0.013      20      35    18.0    22.0
   103.506    31.150    13.882    34.000     0.024      25      24    20.0    22.0
   103.492    31.137    13.882    34.000     0.046      23      24    22.0    22.0
   103.478    31.124    13.882    34.000     0.037      54      30    24.0    22.0
   103.463    31.110    13.882    34.000     0.046      21      24    26.0    22.0
   103.449    31.097    13.882    34.000     0.063      19      13    28.0    22.0
   103.435    31.084    13.882    34.000     0.051      20      25    30.0    22.0
   103.420    31.071    13.882    34.000     0.025      18      24    32.0    22.0
   103.406    31.058    13.882    34.000     0.043      84       2    34.0    22.0
   103.392    31.045    13.882    34.000     0.043      83       5    36.0    22.0
   103.378    31.031    13.882    34.000     0.058      44       3    38.0    22.0
   103.363    31.018    13.882    34.000     0.077      78      21    40.0    22.0
   103.349    31.005    13.882    34.000     0.105      77      21    42.0    22.0
   103.335    30.992    13.882    34.000     0.094      77      22    44.0    22.0
   103.320    30.979    13.882    34.000     0.057      74       5    46.0    22.0
   103.306    30.965    13.882    34.000     0.042      86      37    48.0    22.0
   103.292    30.952    13.882    34.000     0.019      84      36    50.0    22.0
   103.278    30.939    13.882    34.000     0.052      29       2    52.0    22.0
   103.263    30.926    13.882    34.000     0.074      27       3    54.0    22.0
   103.249    30.913    13.882    34.000     0.055      27       4    56.0    22.0
   103.235    30.899    13.882    34.000     0.046      25      11    58.0    22.0
   103.221    30.886    13.882    34.000     0.038      77       2    60.0    22.0
   103.206    30.873    13.882    34.000     0.029      82      11    62.0    22.0
   103.192    30.860    13.882    34.000     0.040      15      12    64.0    22.0
   103.663    31.271    12.763    34.000     0.010       2      31     0.0    20.0
   103.648    31.258    12.763    34.000     0.010       1      33     2.0    20.0
   103.634    31.245    12.763    34.000     0.009      77      37     4.0    20.0
   103.619    31.232    12.763    34.000     0.014      78      36     6.0    20.0
   103.605    31.219    12.763    34.000     0.031      90       1     8.0    20.0
   103.591    31.206    12.763    34.000     0.020      77      37    10.0    20.0
   103.576    31.192    12.763    34.000     0.018      77      37    12.0    20.0
   103.562    31.179    12.763    34.000     0.013      45      34    14.0    20.0
   103.548    31.166    12.763    34.000     0.021      20      35    16.0    20.0
   103.533    31.153    12.763    34.000     0.018      21      32    18.0    20.0
   103.519    31.140    12.763    34.000     0.016      21      23    20.0    20.0
   103.505    31.127    12.763    34.000     0.040      20      10    22.0    20.0
   103.490    31.113    12.763    34.000     0.072      32      37    24.0    20.0
   103.476    31.100    12.763    34.000     0.092      33      37    26.0    20.0
   103.462    31.087    12.763    34.000     0.063      44       1    28.0    20.0
   103.447    31.074    12.763    34.000     0.036      46       2    30.0    20.0
   103.433    31.061    12.763    34.000     0.040      20      32    32.0    20.0
   103.419    31.048    12.763    34.000     0.043      21      33    34.0    20.0
   103.405    31.034    12.763    34.000     0.046       3       3    36.0    20.0
   103.390    31.021    12.763    34.000     0.051      75       7    38.0    20.0
   103.376    31.008    12.763    34.000     0.073      42       8    40.0    20.0
   103.362    30.995    12.763    34.000     0.099      40       7    42.0    20.0
   103.347    30.982    12.763    34.000     0.113      38      16    44.0    20.0
   103.333    30.968    12.763    34.000     0.111      38      17    46.0    20.0
   103.319    30.955    12.763    34.000     0.054      39      18    48.0    20.0
   103.305    30.942    12.763    34.000     0.059      42      33    50.0    20.0
   103.290    30.929    12.763    34.000     0.123      43      34    52.0    20.0
   103.276    30.916    12.763    34.000     0.192      42      35    54.0    20.0
   103.262    30.902    12.763    34.000     0.197      41      33    56.0    20.0
   103.248    30.889    12.763    34.000     0.164      42      33    58.0    20.0
   103.233    30.876    12.763    34.000     0.085      39      32    60.0    20.0
   103.219    30.863    12.763    34.000     0.085      14      10    62.0    20.0
   103.205    30.850    12.763    34.000     0.108      13       7    64.0    20.0
   103.675    31.261    11.645    34.000     0.014      76      23     0.0    18.0
   103.661    31.248    11.645    34.000     0.014      72      19     2.0    18.0
   103.647    31.235    11.645    34.000     0.013      45      32     4.0    18.0
   103.632    31.222    11.645    34.000     0.013      71      24     6.0    18.0
   103.618    31.209    11.645    34.000     0.033      80      36     8.0    18.0
   103.603    31.195    11.645    34.000     0.060      81      36    10.0    18.0
   103.589    31.182    11.645    34.000     0.085      81      36    12.0    18.0
   103.575    31.169    11.645    34.000     0.078      79      36    14.0    18.0
   103.560    31.156    11.645    34.000     0.029      77      36    16.0    18.0
   103.546    31.143    11.645    34.000     0.012      74      36    18.0    18.0
   103.532    31.130    11.645    34.000     0.012      35      37    20.0    18.0
   103.517    31.116    11.645    34.000     0.012      35      37    22.0    18.0
   103.503    31.103    11.645    34.000     0.019      48       1    24.0    18.0
   103.489    31.090    11.645    34.000     0.025      48       2    26.0    18.0
   103.474    31.077    11.645    34.000     0.017      42       2    28.0    18.0
   103.460    31.064    11.645    34.000     0.048      40       2    30.0    18.0
   103.446    31.051    11.645    34.000     0.103      40       2    32.0    18.0
   103.432    31.037    11.645    34.000     0.124      41       3    34.0    18.0
   103.417    31.024    11.645    34.000     0.135      39       5    36.0    18.0
   103.403    31.011    11.645    34.000     0.101      39       5    38.0    18.0
   103.389    30.998    11.645    34.000     0.116       3       3    40.0    18.0
   103.374    30.985    11.645    34.000     0.092      35      11    42.0    18.0
   103.360    30.971    11.645    34.000     0.082      36      24    44.0    18.0
   103.346    30.958    11.645    34.000     0.079       8      34    46.0    18.0
   103.332    30.945    11.645    34.000     0.098       8      34    48.0    18.0
   103.317    30.932    11.645    34.000     0.083       8      33    50.0    18.0
   103.303    30.919    11.645    34.000     0.110       6      33    52.0    18.0
   103.289    30.905    11.645    34.000     0.147      14      12    54.0    18.0
   103.274    30.892    11.645    34.000     0.188      13      10    56.0    18.0
   103.260    30.879    11.645    34.000     0.174      15      11    58.0    18.0
   103.246    30.866    11.645    34.000     0.182       9      16    60.0    18.0
   103.232    30.853    11.645    34.000     0.201      11      15    62.0    18.0
   103.217    30.839    11.645    34.000     0.147       9      19    64.0    18.0
   103.688    31.251    10.526    34.000     0.013       7      35     0.0    16.0
   103.674    31.238    10.526    34.000     0.038       6      35     2.0    16.0
   103.659    31.225    10.526    34.000     0.024       6      35     4.0    16.0
   103.645    31.211    10.526    34.000     0.016       3      35     6.0    16.0
   103.631    31.198    10.526    34.000     0.024      83      36     8.0    16.0
   103.616    31.185    10.526    34.000     0.077      84      37    10.0    16.0
   103.602    31.172    10.526    34.000     0.116      85      36    12.0    16.0
   103.587    31.159    10.526    34.000     0.049      85      33    14.0    16.0
   103.573    31.146    10.526    34.000     0.024      94       1    16.0    16.0
   103.559    31.132    10.526    34.000     0.016       9      33    18.0    16.0
   103.544    31.119    10.526    34.000     0.021      90       1    20.0    16.0
   103.530    31.106    10.526    34.000     0.034       9       4    22.0    16.0
   103.516    31.093    10.526    34.000     0.046       6       1    24.0    16.0
   103.501    31.080    10.526    34.000     0.130      20      37    26.0    16.0
   103.487    31.067    10.526    34.000     0.086       6       1    28.0    16.0
   103.473    31.053    10.526    34.000     0.078       5       1    30.0    16.0
   103.459    31.040    10.526    34.000     0.098      58      35    32.0    16.0
   103.444    31.027    10.526    34.000     0.145      58      37    34.0    16.0
   103.430    31.014    10.526    34.000     0.131      57      37    36.0    16.0
   103.416    31.001    10.526    34.000     0.072      17      37    38.0    16.0
   103.401    30.988    10.526    34.000     0.053      55      37    40.0    16.0
   103.387    30.974    10.526    34.000     0.033      19      36    42.0    16.0
   103.373    30.961    10.526    34.000     0.017      60      22    44.0    16.0
   103.358    30.948    10.526    34.000     0.025      59      24    46.0    16.0
   103.344    30.935    10.526    34.000     0.022      58      27    48.0    16.0
   103.330    30.922    10.526    34.000     0.041      21       1    50.0    16.0
   103.316    30.908    10.526    34.000     0.097      19       1    52.0    16.0
   103.301    30.895    10.526    34.000     0.122      18       1    54.0    16.0
   103.287    30.882    10.526    34.000     0.090      19       1    56.0    16.0
   103.273    30.869    10.526    34.000     0.076      44      25    58.0    16.0
   103.259    30.856    10.526    34.000     0.067      45      28    60.0    16.0
   103.244    30.842    10.526    34.000     0.036      45      17    62.0    16.0
   103.230    30.829    10.526    34.000     0.040       2      13    64.0    16.0
   103.701    31.241     9.408    34.000     0.013      61       3     0.0    14.0
   103.686    31.228     9.408    34.000     0.015      64       8     2.0    14.0
   103.672    31.214     9.408    34.000     0.017      62       4     4.0    14.0
   103.658    31.201     9.408    34.000     0.022       5      36     6.0    14.0
   103.643    31.188     9.408    34.000     0.043       6      33     8.0    14.0
   103.629    31.175     9.408    34.000     0.070       6      34    10.0    14.0
   103.614    31.162     9.408    34.000     0.053       6      34    12.0    14.0
   103.600    31.149     9.408    34.000     0.035       6      34    14.0    14.0
   103.586    31.135     9.408    34.000     0.019       4      35    16.0    14.0
   103.571    31.122     9.408    34.000     0.014       8      27    18.0    14.0
   103.557    31.109     9.408    34.000     0.012       7      26    20.0    14.0
   103.543    31.096     9.408    34.000     0.017      12       7    22.0    14.0
   103.528    31.083     9.408    34.000     0.039      25      36    24.0    14.0
   103.514    31.070     9.408    34.000     0.051      20      37    26.0    14.0
   103.500    31.056     9.408    34.000     0.097      21      36    28.0    14.0
   103.486    31.043     9.408    34.000     0.155      21      36    30.0    14.0
   103.471    31.030     9.408    34.000     0.083      19      35    32.0    14.0
   103.457    31.017     9.408    34.000     0.108      18      37    34.0    14.0
   103.443    31.004     9.408    34.000     0.100      17      36    36.0    14.0
   103.428    30.991     9.408    34.000     0.094      16      36    38.0    14.0
   103.414    30.977     9.408    34.000     0.079      23      26    40.0    14.0
   103.400    30.964     9.408    34.000     0.111      23      25    42.0    14.0
   103.385    30.951     9.408    34.000     0.172      23      24    44.0    14.0
   103.371    30.938     9.408    34.000     0.160      22      25    46.0    14.0
   103.357    30.925     9.408    34.000     0.113      23      14    48.0    14.0
   103.343    30.911     9.408    34.000     0.113      22       9    50.0    14.0
   103.328    30.898     9.408    34.000     0.127      21       8    52.0    14.0
   103.314    30.885     9.408    34.000     0.064      22       6    54.0    14.0
   103.300    30.872     9.408    34.000     0.052      35      37    56.0    14.0
   103.286    30.859     9.408    34.000     0.016      36      37    58.0    14.0
   103.271    30.845     9.408    34.000     0.012      99       2    60.0    14.0
   103.257    30.832     9.408    34.000     0.022      59       5    62.0    14.0
   103.243    30.819     9.408    34.000     0.048      60      16    64.0    14.0
   103.713    31.230     8.290    34.000     0.020      60      32     0.0    12.0
   103.699    31.217     8.290    34.000     0.022      28       9     2.0    12.0
   103.685    31.204     8.290    34.000     0.023      27       2     4.0    12.0
   103.670    31.191     8.290    34.000     0.032       8      37     6.0    12.0
   103.656    31.178     8.290    34.000     0.035      10      37     8.0    12.0
   103.642    31.165     8.290    34.000     0.035       9      37    10.0    12.0
   103.627    31.152     8.290    34.000     0.016       9      37    12.0    12.0
   103.613    31.138     8.290    34.000     0.019      52      26    14.0    12.0
   103.598    31.125     8.290    34.000     0.022      53      20    16.0    12.0
   103.584    31.112     8.290    34.000     0.018      52       2    18.0    12.0
   103.570    31.099     8.290    34.000     0.012      65      37    20.0    12.0
   103.555    31.086     8.290    34.000     0.016      64      36    22.0    12.0
   103.541    31.073     8.290    34.000     0.021      97       7    24.0    12.0
   103.527    31.059     8.290    34.000     0.018      99       5    26.0    12.0
   103.513    31.046     8.290    34.000     0.040      23      36    28.0    12.0
   103.498    31.033     8.290    34.000     0.114      23      36    30.0    12.0
   103.484    31.020     8.290    34.000     0.201      22      36    32.0    12.0
   103.470    31.007     8.290    34.000     0.149      22      35    34.0    12.0
   103.455    30.994     8.290    34.000     0.099      23      29    36.0    12.0
   103.441    30.980     8.290    34.000     0.102      22      30    38.0    12.0
   103.427    30.967     8.290    34.000     0.173      20      30    40.0    12.0
   103.412    30.954     8.290    34.000     0.242      22      18    42.0    12.0
   103.398    30.941     8.290    34.000     0.335      21      22    44.0    12.0
   103.384    30.928     8.290    34.000     0.315      21      23    46.0    12.0
   103.370    30.914     8.290    34.000     0.194      22      21    48.0    12.0
   103.355    30.901     8.290    34.000     0.100      20      20    50.0    12.0
   103.341    30.888     8.290    34.000     0.038      60      15    52.0    12.0
   103.327    30.875     8.290    34.000     0.027      26      33    54.0    12.0
   103.313    30.862     8.290    34.000     0.036      58      21    56.0    12.0
   103.298    30.848     8.290    34.000     0.030      61      14    58.0    12.0
   103.284    30.835     8.290    34.000     0.041      59       8    60.0    12.0
   103.270    30.822     8.290    34.000     0.041      60      24    62.0    12.0
   103.255    30.809     8.290    34.000     0.074      60      19    64.0    12.0
   103.726    31.220     7.171    34.000     0.015      65      24     0.0    10.0
   103.712    31.207     7.171    34.000     0.018      22      21     2.0    10.0
   103.697    31.194     7.171    34.000     0.013      21       9     4.0    10.0
   103.683    31.181     7.171    34.000     0.022      23       9     6.0    10.0
   103.669    31.168     7.171    34.000     0.010      23       5     8.0    10.0
   103.654    31.154     7.171    34.000     0.015      89      10    10.0    10.0
   103.640    31.141     7.171    34.000     0.022      89       7    12.0    10.0
   103.626    31.128     7.171    34.000     0.032      87      15    14.0    10.0
   103.611    31.115     7.171    34.000     0.011      22      35    16.0    10.0
   103.597    31.102     7.171    34.000     0.010      80       1    18.0    10.0
   103.583    31.089     7.171    34.000     0.024      79       1    20.0    10.0
   103.568    31.075     7.171    34.000     0.044      95      32    22.0    10.0
   103.554    31.062     7.171    34.000     0.028      75       1    24.0    10.0
   103.540    31.049     7.171    34.000     0.024      76       1    26.0    10.0
   103.525    31.036     7.171    34.000     0.024      71      16    28.0    10.0
   103.511    31.023     7.171    34.000     0.018      71       8    30.0    10.0
   103.497    31.010     7.171    34.000     0.019      22      35    32.0    10.0
   103.482    30.996     7.171    34.000     0.018      53      35    34.0    10.0
   103.468    30.983     7.171    34.000     0.014      53      34    36.0    10.0
   103.454    30.970     7.171    34.000     0.009      57      18    38.0    10.0
   103.439    30.957     7.171    34.000     0.013      25      21    40.0    10.0
   103.425    30.944     7.171    34.000     0.015      60      34    42.0    10.0
   103.411    30.931     7.171    34.000     0.024      61      35    44.0    10.0
   103.397    30.917     7.171    34.000     0.038      60      35    46.0    10.0
   103.382    30.904     7.171    34.000     0.044      28      33    48.0    10.0
   103.368    30.891     7.171    34.000     0.052      29      33    50.0    10.0
   103.354    30.878     7.171    34.000     0.106      58      30    52.0    10.0
   103.339    30.865     7.171    34.000     0.109      58      30    54.0    10.0
   103.325    30.851     7.171    34.000     0.081      58      28    56.0    10.0
   103.311    30.838     7.171    34.000     0.046      58      11    58.0    10.0
   103.297    30.825     7.171    34.000     0.079      56       9    60.0    10.0
   103.282    30.812     7.171    34.000     0.086      28       2    62.0    10.0
   103.268    30.799     7.171    34.000     0.084      26       2    64.0    10.0
   103.739    31.210     6.053    34.000     0.008      24       9     0.0     8.0
   103.724    31.197     6.053    34.000     0.016      22      10     2.0     8.0
   103.710    31.184     6.053    34.000     0.016      68      33     4.0     8.0
   103.696    31.171     6.053    34.000     0.024      66      33     6.0     8.0
   103.681    31.157     6.053    34.000     0.027      66      33     8.0     8.0
   103.667    31.144     6.053    34.000     0.021      89       5    10.0     8.0
   103.653    31.131     6.053    34.000     0.033      87      14    12.0     8.0
   103.638    31.118     6.053    34.000     0.040      29      37    14.0     8.0
   103.624    31.105     6.053    34.000     0.026      87      17    16.0     8.0
   103.610    31.092     6.053    34.000     0.015      86      15    18.0     8.0
   103.595    31.078     6.053    34.000     0.015      97      35    20.0     8.0
   103.581    31.065     6.053    34.000     0.025      97      35    22.0     8.0
   103.567    31.052     6.053    34.000     0.022       7      32    24.0     8.0
   103.552    31.039     6.053    34.000     0.033      94      35    26.0     8.0
   103.538    31.026     6.053    34.000     0.032      87      36    28.0     8.0
   103.524    31.013     6.053    34.000     0.053      89      36    30.0     8.0
   103.509    30.999     6.053    34.000     0.069      88      36    32.0     8.0
   103.495    30.986     6.053    34.000     0.027      88      36    34.0     8.0
   103.481    30.973     6.053    34.000     0.022      65       6    36.0     8.0
   103.466    30.960     6.053    34.000     0.021      61      16    38.0     8.0
   103.452    30.947     6.053    34.000     0.018      20       2    40.0     8.0
   103.438    30.934     6.053    34.000     0.011      61       6    42.0     8.0
   103.423    30.920     6.053    34.000     0.012      59       5    44.0     8.0
   103.409    30.907     6.053    34.000     0.009      58       5    46.0     8.0
   103.395    30.894     6.053    34.000     0.024      65      33    48.0     8.0
   103.381    30.881     6.053    34.000     0.028      62      29    50.0     8.0
   103.366    30.868     6.053    34.000     0.042      62      32    52.0     8.0
   103.352    30.854     6.053    34.000     0.031      98      11    54.0     8.0
   103.338    30.841     6.053    34.000     0.041      98      11    56.0     8.0
   103.324    30.828     6.053    34.000     0.029      97       9    58.0     8.0
   103.309    30.815     6.053    34.000     0.020      95       4    60.0     8.0
   103.295    30.802     6.053    34.000     0.037      92       4    62.0     8.0
   103.281    30.788     6.053    34.000     0.018      75      28    64.0     8.0
   103.751    31.200     4.935    34.000     0.003      15       3     0.0     6.0
   103.737    31.187     4.935    34.000     0.008      14       6     2.0     6.0
   103.723    31.173     4.935    34.000     0.030      13       6     4.0     6.0
   103.708    31.160     4.935    34.000     0.063      13       6     6.0     6.0
   103.694    31.147     4.935    34.000     0.061      15       8     8.0     6.0
   103.680    31.134     4.935    34.000     0.061      49       6    10.0     6.0
   103.665    31.121     4.935    34.000     0.036      49       8    12.0     6.0
   103.651    31.108     4.935    34.000     0.021      95       7    14.0     6.0
   103.637    31.095     4.935    34.000     0.017      94       5    16.0     6.0
   103.622    31.081     4.935    34.000     0.012      94       9    18.0     6.0
   103.608    31.068     4.935    34.000     0.014      14      35    20.0     6.0
   103.594    31.055     4.935    34.000     0.037      16      36    22.0     6.0
   103.579    31.042     4.935    34.000     0.037      14      36    24.0     6.0
   103.565    31.029     4.935    34.000     0.029      72       2    26.0     6.0
   103.551    31.016     4.935    34.000     0.027      97      36    28.0     6.0
   103.536    31.002     4.935    34.000     0.020      96      36    30.0     6.0
   103.522    30.989     4.935    34.000     0.027      93      36    32.0     6.0
   103.508    30.976     4.935    34.000     0.018      90      36    34.0     6.0
   103.493    30.963     4.935    34.000     0.011      94      36    36.0     6.0
   103.479    30.950     4.935    34.000     0.008      47      36    38.0     6.0
   103.465    30.937     4.935    34.000     0.009      78       2    40.0     6.0
   103.450    30.923     4.935    34.000     0.021      43      32    42.0     6.0
   103.436    30.910     4.935    34.000     0.027      39      23    44.0     6.0
   103.422    30.897     4.935    34.000     0.036      42      22    46.0     6.0
   103.408    30.884     4.935    34.000     0.048      43      22    48.0     6.0
   103.393    30.871     4.935    34.000     0.025      41      20    50.0     6.0
   103.379    30.857     4.935    34.000     0.024      72      26    52.0     6.0
   103.365    30.844     4.935    34.000     0.025       3       8    54.0     6.0
   103.351    30.831     4.935    34.000     0.026      43       5    56.0     6.0
   103.336    30.818     4.935    34.000     0.057      46       9    58.0     6.0
   103.322    30.805     4.935    34.000     0.118      46       5    60.0     6.0
   103.308    30.791     4.935    34.000     0.134      45       5    62.0     6.0
   103.294    30.778     4.935    34.000     0.079      44       6    64.0     6.0
   103.764    31.189     3.816    34.000     0.025      11      20     0.0     4.0
   103.750    31.176     3.816    34.000     0.045      35      29     2.0     4.0
   103.735    31.163     3.816    34.000     0.097      35      32     4.0     4.0
   103.721    31.150     3.816    34.000     0.109      34      32     6.0     4.0
   103.707    31.137     3.816    34.000     0.049       6      35     8.0     4.0
   103.692    31.124     3.816    34.000     0.035       7      34    10.0     4.0
   103.678    31.111     3.816    34.000     0.020      36      33    12.0     4.0
   103.664    31.097     3.816    34.000     0.025      75      18    14.0     4.0
   103.649    31.084     3.816    34.000     0.030      73      19    16.0     4.0
   103.635    31.071     3.816    34.000     0.032      74      14    18.0     4.0
   103.621    31.058     3.816    34.000     0.032      74      14    20.0     4.0
   103.606    31.045     3.816    34.000     0.026      74       9    22.0     4.0
   103.592    31.032     3.816    34.000     0.026      77       2    24.0     4.0
   103.578    31.018     3.816    34.000     0.038      78       2    26.0     4.0
   103.563    31.005     3.816    34.000     0.040      78       2    28.0     4.0
   103.549    30.992     3.816    34.000     0.032      77       2    30.0     4.0
   103.535    30.979     3.816    34.000     0.019      99      36    32.0     4.0
   103.520    30.966     3.816    34.000     0.019      97      36    34.0     4.0
   103.506    30.953     3.816    34.000     0.015      98      36    36.0     4.0
   103.492    30.939     3.816    34.000     0.024      53      27    38.0     4.0
   103.477    30.926     3.816    34.000     0.025      53      26    40.0     4.0
   103.463    30.913     3.816    34.000     0.031      48      31    42.0     4.0
   103.449    30.900     3.816    34.000     0.062      50      31    44.0     4.0
   103.435    30.887     3.816    34.000     0.062      51      28    46.0     4.0
   103.420    30.874     3.816    34.000     0.039      49      29    48.0     4.0
   103.406    30.860     3.816    34.000     0.040      50      27    50.0     4.0
   103.392    30.847     3.816    34.000     0.027      51      30    52.0     4.0
   103.377    30.834     3.816    34.000     0.026      51      27    54.0     4.0
   103.363    30.821     3.816    34.000     0.021       9       9    56.0     4.0
   103.349    30.808     3.816    34.000     0.025       9       8    58.0     4.0
   103.335    30.794     3.816    34.000     0.021      12       2    60.0     4.0
   103.320    30.781     3.816    34.000     0.047      12       2    62.0     4.0
   103.306    30.768     3.816    34.000     0.036      15       4    64.0     4.0
   103.777    31.179     2.698    34.000     0.005      87      20     0.0     2.0
   103.762    31.166     2.698    34.000     0.009       1       4     2.0     2.0
   103.748    31.153     2.698    34.000     0.021      16      37     4.0     2.0
   103.734    31.140     2.698    34.000     0.070      30       2     6.0     2.0
   103.719    31.127     2.698    34.000     0.058      29       2     8.0     2.0
   103.705    31.114     2.698    34.000     0.036      71      17    10.0     2.0
   103.691    31.100     2.698    34.000     0.042      70      17    12.0     2.0
   103.676    31.087     2.698    34.000     0.025       1      25    14.0     2.0
   103.662    31.074     2.698    34.000     0.025       1      27    16.0     2.0
   103.648    31.061     2.698    34.000     0.030      73      20    18.0     2.0
   103.633    31.048     2.698    34.000     0.012       1      27    20.0     2.0
   103.619    31.035     2.698    34.000     0.011      72      35    22.0     2.0
   103.605    31.021     2.698    34.000     0.010      77      30    24.0     2.0
   103.590    31.008     2.698    34.000     0.012      77      34    26.0     2.0
   103.576    30.995     2.698    34.000     0.007      52      19    28.0     2.0
   103.562    30.982     2.698    34.000     0.007      53      20    30.0     2.0
   103.547    30.969     2.698    34.000     0.006      23      29    32.0     2.0
   103.533    30.956     2.698    34.000     0.011      22      27    34.0     2.0
   103.519    30.942     2.698    34.000     0.013      99       4    36.0     2.0
   103.504    30.929     2.698    34.000     0.007     100       6    38.0     2.0
   103.490    30.916     2.698    34.000     0.008      60      27    40.0     2.0
   103.476    30.903     2.698    34.000     0.016      25       5    42.0     2.0
   103.462    30.890     2.698    34.000     0.016      63      10    44.0     2.0
   103.447    30.877     2.698    34.000     0.011      62      13    46.0     2.0
   103.433    30.863     2.698    34.000     0.023      22       5    48.0     2.0
   103.419    30.850     2.698    34.000     0.033      64      29    50.0     2.0
   103.404    30.837     2.698    34.000     0.032      61      25    52.0     2.0
   103.390    30.824     2.698    34.000     0.042      62      24    54.0     2.0
   103.376    30.811     2.698    34.000     0.027      29      36    56.0     2.0
   103.362    30.797     2.698    34.000     0.039      19       9    58.0     2.0
   103.347    30.784     2.698    34.000     0.024     100      31    60.0     2.0
   103.333    30.771     2.698    34.000     0.022      99      23    62.0     2.0
   103.319    30.758     2.698    34.000     0.029      97      24    64.0     2.0
   103.789    31.169     1.579    34.000     0.016      22      34     0.0     0.0
   103.775    31.156     1.579    34.000     0.018      51      34     2.0     0.0
   103.761    31.143     1.579    34.000     0.023      23      35     4.0     0.0
   103.746    31.130     1.579    34.000     0.030      39       2     6.0     0.0
   103.732    31.116     1.579    34.000     0.020       1       8     8.0     0.0
   103.718    31.103     1.579    34.000     0.030       1      12    10.0     0.0
   103.703    31.090     1.579    34.000     0.014       1      17    12.0     0.0
   103.689    31.077     1.579    34.000     0.013       1      23    14.0     0.0
   103.675    31.064     1.579    34.000     0.017      37      32    16.0     0.0
   103.660    31.051     1.579    34.000     0.019       1      36    18.0     0.0
   103.646    31.038     1.579    34.000     0.016       2      36    20.0     0.0
   103.632    31.024     1.579    34.000     0.017       1      37    22.0     0.0
   103.617    31.011     1.579    34.000     0.014      80      37    24.0     0.0
   103.603    30.998     1.579    34.000     0.028      85      37    26.0     0.0
   103.589    30.985     1.579    34.000     0.050      84      37    28.0     0.0
   103.574    30.972     1.579    34.000     0.052      84      37    30.0     0.0
   103.560    30.959     1.579    34.000     0.035      85      37    32.0     0.0
   103.546    30.945     1.579    34.000     0.033      68       2    34.0     0.0
   103.531    30.932     1.579    34.000     0.034      66       3    36.0     0.0
   103.517    30.919     1.579    34.000     0.027      67       4    38.0     0.0
   103.503    30.906     1.579    34.000     0.042      68      27    40.0     0.0
   103.488    30.893     1.579    34.000     0.038      68      31    42.0     0.0
   103.474    30.880     1.579    34.000     0.046      65      30    44.0     0.0
   103.460    30.866     1.579    34.000     0.026      26       3    46.0     0.0
   103.446    30.853     1.579    34.000     0.025      25       4    48.0     0.0
   103.431    30.840     1.579    34.000     0.029      98       4    50.0     0.0
   103.417    30.827     1.579    34.000     0.033      97       7    52.0     0.0
   103.403    30.814     1.579    34.000     0.020      97       7    54.0     0.0
   103.389    30.800     1.579    34.000     0.026      97      10    56.0     0.0
   103.374    30.787     1.579    34.000     0.017      27       6    58.0     0.0
   103.360    30.774     1.579    34.000     0.024      27      24    60.0     0.0
   103.346    30.761     1.579    34.000     0.030      27      30    62.0     0.0
   103.332    30.748     1.579    34.000     0.047      27      33    64.0     0.0
