   104.132    31.868    23.168    34.000     0.122      70       5     0.0    40.0
   104.117    31.855    23.168    34.000     0.065      70       6     2.0    40.0
   104.103    31.842    23.168    34.000     0.092      69       5     4.0    40.0
   104.088    31.829    23.168    34.000     0.123     100      28     6.0    40.0
   104.074    31.815    23.168    34.000     0.153     100      29     8.0    40.0
   104.060    31.802    23.168    34.000     0.110     100      28    10.0    40.0
   104.045    31.789    23.168    34.000     0.039      68      32    12.0    40.0
   104.031    31.776    23.168    34.000     0.029      28       2    14.0    40.0
   104.016    31.763    23.168    34.000     0.045      28       2    16.0    40.0
   104.002    31.750    23.168    34.000     0.033      30       3    18.0    40.0
   103.987    31.736    23.168    34.000     0.035      67      32    20.0    40.0
   103.973    31.723    23.168    34.000     0.035      26       2    22.0    40.0
   103.959    31.710    23.168    34.000     0.021      42      37    24.0    40.0
   103.944    31.697    23.168    34.000     0.027      46      23    26.0    40.0
   103.930    31.684    23.168    34.000     0.044      45      23    28.0    40.0
   103.915    31.671    23.168    34.000     0.042      46      22    30.0    40.0
   103.901    31.657    23.168    34.000     0.050      17      14    32.0    40.0
   103.887    31.644    23.168    34.000     0.037      17      10    34.0    40.0
   103.872    31.631    23.168    34.000     0.026      89      13    36.0    40.0
   103.858    31.618    23.168    34.000     0.032      28      36    38.0    40.0
   103.844    31.605    23.168    34.000     0.028      28      29    40.0    40.0
   103.829    31.591    23.168    34.000     0.044      28      16    42.0    40.0
   103.815    31.578    23.168    34.000     0.065      28      17    44.0    40.0
   103.800    31.565    23.168    34.000     0.057      26      15    46.0    40.0
   103.786    31.552    23.168    34.000     0.040      26       8    48.0    40.0
   103.772    31.539    23.168    34.000     0.032      25       4    50.0    40.0
   103.757    31.525    23.168    34.000     0.017      76      16    52.0    40.0
   103.743    31.512    23.168    34.000     0.029      45      30    54.0    40.0
   103.729    31.499    23.168    34.000     0.036      44      30    56.0    40.0
   103.714    31.486    23.168    34.000     0.056      44      31    58.0    40.0
   103.700    31.473    23.168    34.000     0.065      99      36    60.0    40.0
   103.686    31.459    23.168    34.000     0.046      87      10    62.0    40.0
   103.671    31.446    23.168    34.000     0.079      87      14    64.0    40.0
   103.657    31.433    23.168    34.000     0.119      87      15    66.0    40.0
   103.643    31.420    23.168    34.000     0.116      87      16    68.0    40.0
   103.628    31.407    23.168    34.000     0.162      86      19    70.0    40.0
   103.614    31.393    23.168    34.000     0.110      86      22    72.0    40.0
   103.600    31.380    23.168    34.000     0.031      29      35    74.0    40.0
   103.585    31.367    23.168    34.000     0.007       9       3    76.0    40.0
   103.571    31.354    23.168    34.000     0.017     100       9    78.0    40.0
   104.145    31.858    22.049    34.000     0.070      74       4     0.0    38.0
   104.130    31.845    22.049    34.000     0.066      46       5     2.0    38.0
   104.116    31.832    22.049    34.000     0.078      46       6     4.0    38.0
   104.101    31.818    22.049    34.000     0.032      77      19     6.0    38.0
   104.087    31.805    22.049    34.000     0.024      46      22     8.0    38.0
   104.072    31.792    22.049    34.000     0.013      23      31    10.0    38.0
   104.058    31.779    22.049    34.000     0.024      21      31    12.0    38.0
   104.044    31.766    22.049    34.000     0.014      70      14    14.0    38.0
   104.029    31.753    22.049    34.000     0.015      15      30    16.0    38.0
   104.015    31.739    22.049    34.000     0.014      19      32    18.0    38.0
   104.000    31.726    22.049    34.000     0.012      90      25    20.0    38.0
   103.986    31.713    22.049    34.000     0.015      90      25    22.0    38.0
   103.971    31.700    22.049    34.000     0.049      14      20    24.0    38.0
   103.957    31.687    22.049    34.000     0.093      13      18    26.0    38.0
   103.943    31.674    22.049    34.000     0.123      13      15    28.0    38.0
   103.928    31.660    22.049    34.000     0.056      12      13    30.0    38.0
   103.914    31.647    22.049    34.000     0.069      91       9    32.0    38.0
   103.899    31.634    22.049    34.000     0.092      89      12    34.0    38.0
   103.885    31.621    22.049    34.000     0.090      88      12    36.0    38.0
   103.871    31.608    22.049    34.000     0.054      89      11    38.0    38.0
   103.856    31.594    22.049    34.000     0.017      89      10    40.0    38.0
   103.842    31.581    22.049    34.000     0.026      24      10    42.0    38.0
   103.828    31.568    22.049    34.000     0.051      24       9    44.0    38.0
   103.813    31.555    22.049    34.000     0.035      22       3    46.0    38.0
   103.799    31.542    22.049    34.000     0.036      66       2    48.0    38.0
   103.784    31.528    22.049    34.000     0.094      67       2    50.0    38.0
   103.770    31.515    22.049    34.000     0.061      66       2    52.0    38.0
   103.756    31.502    22.049    34.000     0.041      40       6    54.0    38.0
   103.741    31.489    22.049    34.000     0.045      82      16    56.0    38.0
   103.727    31.476    22.049    34.000     0.055      12      10    58.0    38.0
   103.713    31.462    22.049    34.000     0.078      15      15    60.0    38.0
   103.698    31.449    22.049    34.000     0.044       8       4    62.0    38.0
   103.684    31.436    22.049    34.000     0.041      65      35    64.0    38.0
   103.670    31.423    22.049    34.000     0.064      37      29    66.0    38.0
   103.655    31.410    22.049    34.000     0.107      36      29    68.0    38.0
   103.641    31.396    22.049    34.000     0.082      64      33    70.0    38.0
   103.627    31.383    22.049    34.000     0.091      64      32    72.0    38.0
   103.612    31.370    22.049    34.000     0.052      64      32    74.0    38.0
   103.598    31.357    22.049    34.000     0.030      41      28    76.0    38.0
   103.584    31.344    22.049    34.000     0.035      70      18    78.0    38.0
   104.157    31.848    20.931    34.000     0.133      81      24     0.0    36.0
   104.143    31.834    20.931    34.000     0.133      82      27     2.0    36.0
   104.128    31.821    20.931    34.000     0.110      81      27     4.0    36.0
   104.114    31.808    20.931    34.000     0.083      17       7     6.0    36.0
   104.100    31.795    20.931    34.000     0.030      35      37     8.0    36.0
   104.085    31.782    20.931    34.000     0.023      14      27    10.0    36.0
   104.071    31.769    20.931    34.000     0.026      14      27    12.0    36.0
   104.056    31.755    20.931    34.000     0.031      15      27    14.0    36.0
   104.042    31.742    20.931    34.000     0.031      16      30    16.0    36.0
   104.027    31.729    20.931    34.000     0.037      15      29    18.0    36.0
   104.013    31.716    20.931    34.000     0.030      16      21    20.0    36.0
   103.999    31.703    20.931    34.000     0.071      80       1    22.0    36.0
   103.984    31.690    20.931    34.000     0.091      15       5    24.0    36.0
   103.970    31.676    20.931    34.000     0.058      14       4    26.0    36.0
   103.955    31.663    20.931    34.000     0.056      12      12    28.0    36.0
   103.941    31.650    20.931    34.000     0.045      49       1    30.0    36.0
   103.927    31.637    20.931    34.000     0.047      64      37    32.0    36.0
   103.912    31.624    20.931    34.000     0.089      93       2    34.0    36.0
   103.898    31.611    20.931    34.000     0.091      92       2    36.0    36.0
   103.883    31.597    20.931    34.000     0.066       6      28    38.0    36.0
   103.869    31.584    20.931    34.000     0.107       8      35    40.0    36.0
   103.855    31.571    20.931    34.000     0.098       7      35    42.0    36.0
   103.840    31.558    20.931    34.000     0.035      68      16    44.0    36.0
   103.826    31.545    20.931    34.000     0.044      67      10    46.0    36.0
   103.812    31.531    20.931    34.000     0.052      39      10    48.0    36.0
   103.797    31.518    20.931    34.000     0.081      38       6    50.0    36.0
   103.783    31.505    20.931    34.000     0.059      40       7    52.0    36.0
   103.769    31.492    20.931    34.000     0.072      14       7    54.0    36.0
   103.754    31.479    20.931    34.000     0.059      14       7    56.0    36.0
   103.740    31.465    20.931    34.000     0.058      14       6    58.0    36.0
   103.726    31.452    20.931    34.000     0.069      12      17    60.0    36.0
   103.711    31.439    20.931    34.000     0.052      93      11    62.0    36.0
   103.697    31.426    20.931    34.000     0.094      69      33    64.0    36.0
   103.683    31.413    20.931    34.000     0.121      67      32    66.0    36.0
   103.668    31.399    20.931    34.000     0.142      69      34    68.0    36.0
   103.654    31.386    20.931    34.000     0.162      68      28    70.0    36.0
   103.640    31.373    20.931    34.000     0.062      69      29    72.0    36.0
   103.625    31.360    20.931    34.000     0.059      99       9    74.0    36.0
   103.611    31.347    20.931    34.000     0.034      72      18    76.0    36.0
   103.597    31.333    20.931    34.000     0.076      71      19    78.0    36.0
   104.170    31.837    19.813    34.000     0.087      84      24     0.0    34.0
   104.156    31.824    19.813    34.000     0.056      85      24     2.0    34.0
   104.141    31.811    19.813    34.000     0.044      84      30     4.0    34.0
   104.127    31.798    19.813    34.000     0.041      38      37     6.0    34.0
   104.112    31.785    19.813    34.000     0.053      37      37     8.0    34.0
   104.098    31.772    19.813    34.000     0.040      38      37    10.0    34.0
   104.083    31.758    19.813    34.000     0.025      72      19    12.0    34.0
   104.069    31.745    19.813    34.000     0.013      16      23    14.0    34.0
   104.055    31.732    19.813    34.000     0.014      67      37    16.0    34.0
   104.040    31.719    19.813    34.000     0.032      83       1    18.0    34.0
   104.026    31.706    19.813    34.000     0.084      81       3    20.0    34.0
   104.011    31.693    19.813    34.000     0.174      81       3    22.0    34.0
   103.997    31.679    19.813    34.000     0.138      81       3    24.0    34.0
   103.983    31.666    19.813    34.000     0.090      80       2    26.0    34.0
   103.968    31.653    19.813    34.000     0.121      50       1    28.0    34.0
   103.954    31.640    19.813    34.000     0.113      49       1    30.0    34.0
   103.939    31.627    19.813    34.000     0.059      35      37    32.0    34.0
   103.925    31.614    19.813    34.000     0.041      35      37    34.0    34.0
   103.911    31.600    19.813    34.000     0.053       8      33    36.0    34.0
   103.896    31.587    19.813    34.000     0.037       7      33    38.0    34.0
   103.882    31.574    19.813    34.000     0.057       6      31    40.0    34.0
   103.867    31.561    19.813    34.000     0.044      71      12    42.0    34.0
   103.853    31.548    19.813    34.000     0.042      70       5    44.0    34.0
   103.839    31.534    19.813    34.000     0.036      70      12    46.0    34.0
   103.824    31.521    19.813    34.000     0.033      43       3    48.0    34.0
   103.810    31.508    19.813    34.000     0.034      42       2    50.0    34.0
   103.796    31.495    19.813    34.000     0.016      31      37    52.0    34.0
   103.781    31.482    19.813    34.000     0.015      30      37    54.0    34.0
   103.767    31.468    19.813    34.000     0.020      88       2    56.0    34.0
   103.753    31.455    19.813    34.000     0.037      89       2    58.0    34.0
   103.738    31.442    19.813    34.000     0.069      70      34    60.0    34.0
   103.724    31.429    19.813    34.000     0.113      70      33    62.0    34.0
   103.710    31.416    19.813    34.000     0.159      70      33    64.0    34.0
   103.695    31.402    19.813    34.000     0.193      70      33    66.0    34.0
   103.681    31.389    19.813    34.000     0.107      69      33    68.0    34.0
   103.667    31.376    19.813    34.000     0.055      70      26    70.0    34.0
   103.652    31.363    19.813    34.000     0.018      70      13    72.0    34.0
   103.638    31.350    19.813    34.000     0.015      68      12    74.0    34.0
   103.624    31.336    19.813    34.000     0.017      51      25    76.0    34.0
   103.609    31.323    19.813    34.000     0.027      52      35    78.0    34.0
   104.183    31.827    18.694    34.000     0.026       1      37     0.0    32.0
   104.168    31.814    18.694    34.000     0.012      12       4     2.0    32.0
   104.154    31.801    18.694    34.000     0.028      32      16     4.0    32.0
   104.140    31.788    18.694    34.000     0.025      32      17     6.0    32.0
   104.125    31.775    18.694    34.000     0.019      32      14     8.0    32.0
   104.111    31.761    18.694    34.000     0.013      37      37    10.0    32.0
   104.096    31.748    18.694    34.000     0.006      82       2    12.0    32.0
   104.082    31.735    18.694    34.000     0.018      81       4    14.0    32.0
   104.067    31.722    18.694    34.000     0.034      80       7    16.0    32.0
   104.053    31.709    18.694    34.000     0.067      81       5    18.0    32.0
   104.039    31.696    18.694    34.000     0.062      81      11    20.0    32.0
   104.024    31.682    18.694    34.000     0.062      51       3    22.0    32.0
   104.010    31.669    18.694    34.000     0.055      49       6    24.0    32.0
   103.995    31.656    18.694    34.000     0.117       1      31    26.0    32.0
   103.981    31.643    18.694    34.000     0.110       1      32    28.0    32.0
   103.967    31.630    18.694    34.000     0.113       4      24    30.0    32.0
   103.952    31.617    18.694    34.000     0.056      36      37    32.0    32.0
   103.938    31.603    18.694    34.000     0.035      37      37    34.0    32.0
   103.923    31.590    18.694    34.000     0.024      11      31    36.0    32.0
   103.909    31.577    18.694    34.000     0.022      12      29    38.0    32.0
   103.895    31.564    18.694    34.000     0.024      96       4    40.0    32.0
   103.880    31.551    18.694    34.000     0.037       6      29    42.0    32.0
   103.866    31.537    18.694    34.000     0.016       7      33    44.0    32.0
   103.851    31.524    18.694    34.000     0.010      29      36    46.0    32.0
   103.837    31.511    18.694    34.000     0.015      44       1    48.0    32.0
   103.823    31.498    18.694    34.000     0.021      44       1    50.0    32.0
   103.808    31.485    18.694    34.000     0.014      95      30    52.0    32.0
   103.794    31.471    18.694    34.000     0.034      36      37    54.0    32.0
   103.780    31.458    18.694    34.000     0.042      36      37    56.0    32.0
   103.765    31.445    18.694    34.000     0.045      89       1    58.0    32.0
   103.751    31.432    18.694    34.000     0.057      88       1    60.0    32.0
   103.737    31.419    18.694    34.000     0.035       1      26    62.0    32.0
   103.722    31.405    18.694    34.000     0.045      73      35    64.0    32.0
   103.708    31.392    18.694    34.000     0.026      96      15    66.0    32.0
   103.694    31.379    18.694    34.000     0.026     100      24    68.0    32.0
   103.679    31.366    18.694    34.000     0.024      23      21    70.0    32.0
   103.665    31.353    18.694    34.000     0.033      25      31    72.0    32.0
   103.651    31.339    18.694    34.000     0.036      55      36    74.0    32.0
   103.636    31.326    18.694    34.000     0.076      56      35    76.0    32.0
   103.622    31.313    18.694    34.000     0.072      55      35    78.0    32.0
   104.196    31.817    17.576    34.000     0.112      66       1     0.0    30.0
   104.181    31.804    17.576    34.000     0.142      66       1     2.0    30.0
   104.167    31.791    17.576    34.000     0.115      65       1     4.0    30.0
   104.152    31.777    17.576    34.000     0.086       2      24     6.0    30.0
   104.138    31.764    17.576    34.000     0.050      34      11     8.0    30.0
   104.123    31.751    17.576    34.000     0.028       3      32    10.0    30.0
   104.109    31.738    17.576    34.000     0.035      37      36    12.0    30.0
   104.095    31.725    17.576    34.000     0.126      35      34    14.0    30.0
   104.080    31.712    17.576    34.000     0.137      34      34    16.0    30.0
   104.066    31.699    17.576    34.000     0.124      34      35    18.0    30.0
   104.051    31.685    17.576    34.000     0.133      62      33    20.0    30.0
   104.037    31.672    17.576    34.000     0.144      63      33    22.0    30.0
   104.023    31.659    17.576    34.000     0.090      35      36    24.0    30.0
   104.008    31.646    17.576    34.000     0.070      35      36    26.0    30.0
   103.994    31.633    17.576    34.000     0.088       2      36    28.0    30.0
   103.979    31.619    17.576    34.000     0.075       3      36    30.0    30.0
   103.965    31.606    17.576    34.000     0.043      61       5    32.0    30.0
   103.951    31.593    17.576    34.000     0.054      60       6    34.0    30.0
   103.936    31.580    17.576    34.000     0.036      60       3    36.0    30.0
   103.922    31.567    17.576    34.000     0.023      61       6    38.0    30.0
   103.907    31.554    17.576    34.000     0.036      61      18    40.0    30.0
   103.893    31.540    17.576    34.000     0.047     100       7    42.0    30.0
   103.879    31.527    17.576    34.000     0.014      58      30    44.0    30.0
   103.864    31.514    17.576    34.000     0.015      59      28    46.0    30.0
   103.850    31.501    17.576    34.000     0.023      20      24    48.0    30.0
   103.836    31.488    17.576    34.000     0.018      98      33    50.0    30.0
   103.821    31.474    17.576    34.000     0.022      99      29    52.0    30.0
   103.807    31.461    17.576    34.000     0.033      24      10    54.0    30.0
   103.792    31.448    17.576    34.000     0.038      24       9    56.0    30.0
   103.778    31.435    17.576    34.000     0.045      24       9    58.0    30.0
   103.764    31.422    17.576    34.000     0.034      55      12    60.0    30.0
   103.749    31.409    17.576    34.000     0.071      78      22    62.0    30.0
   103.735    31.395    17.576    34.000     0.134      77      23    64.0    30.0
   103.721    31.382    17.576    34.000     0.129      77      25    66.0    30.0
   103.706    31.369    17.576    34.000     0.046      77      26    68.0    30.0
   103.692    31.356    17.576    34.000     0.033      76       7    70.0    30.0
   103.678    31.342    17.576    34.000     0.017      54      29    72.0    30.0
   103.664    31.329    17.576    34.000     0.024      58      35    74.0    30.0
   103.649    31.316    17.576    34.000     0.080      57      35    76.0    30.0
   103.635    31.303    17.576    34.000     0.062      57      35    78.0    30.0
   104.208    31.807    16.457    34.000     0.123      68       2     0.0    28.0
   104.194    31.794    16.457    34.000     0.143      67       1     2.0    28.0
   104.180    31.780    16.457    34.000     0.146      66       1     4.0    28.0
   104.165    31.767    16.457    34.000     0.099      66       1     6.0    28.0
   104.151    31.754    16.457    34.000     0.056      30      22     8.0    28.0
   104.136    31.741    16.457    34.000     0.045      30      21    10.0    28.0
   104.122    31.728    16.457    34.000     0.034      60      22    12.0    28.0
   104.107    31.715    16.457    34.000     0.072      55       2    14.0    28.0
   104.093    31.701    16.457    34.000     0.179      38      34    16.0    28.0
   104.079    31.688    16.457    34.000     0.219      37      36    18.0    28.0
   104.064    31.675    16.457    34.000     0.239      36      36    20.0    28.0
   104.050    31.662    16.457    34.000     0.095      35      36    22.0    28.0
   104.035    31.649    16.457    34.000     0.060      36      36    24.0    28.0
   104.021    31.636    16.457    34.000     0.044      16      12    26.0    28.0
   104.006    31.622    16.457    34.000     0.028      63      11    28.0    28.0
   103.992    31.609    16.457    34.000     0.026      16       8    30.0    28.0
   103.978    31.596    16.457    34.000     0.052      66      17    32.0    28.0
   103.963    31.583    16.457    34.000     0.050      65      17    34.0    28.0
   103.949    31.570    16.457    34.000     0.033      63      15    36.0    28.0
   103.935    31.557    16.457    34.000     0.012      64       5    38.0    28.0
   103.920    31.543    16.457    34.000     0.017      17       8    40.0    28.0
   103.906    31.530    16.457    34.000     0.020      14       9    42.0    28.0
   103.891    31.517    16.457    34.000     0.021      55      26    44.0    28.0
   103.877    31.504    16.457    34.000     0.028      56      25    46.0    28.0
   103.863    31.491    16.457    34.000     0.038      58      22    48.0    28.0
   103.848    31.477    16.457    34.000     0.057      59      23    50.0    28.0
   103.834    31.464    16.457    34.000     0.052      56       3    52.0    28.0
   103.820    31.451    16.457    34.000     0.073      56       3    54.0    28.0
   103.805    31.438    16.457    34.000     0.050      55       9    56.0    28.0
   103.791    31.425    16.457    34.000     0.042      57       8    58.0    28.0
   103.777    31.412    16.457    34.000     0.041      57       8    60.0    28.0
   103.762    31.398    16.457    34.000     0.047      56      13    62.0    28.0
   103.748    31.385    16.457    34.000     0.050      77      18    64.0    28.0
   103.734    31.372    16.457    34.000     0.020      53      10    66.0    28.0
   103.719    31.359    16.457    34.000     0.008      38      36    68.0    28.0
   103.705    31.345    16.457    34.000     0.015      98      29    70.0    28.0
   103.691    31.332    16.457    34.000     0.017      27       1    72.0    28.0
   103.676    31.319    16.457    34.000     0.024      15      34    74.0    28.0
   103.662    31.306    16.457    34.000     0.014      89      23    76.0    28.0
   103.648    31.293    16.457    34.000     0.027       8       9    78.0    28.0
   104.221    31.796    15.339    34.000     0.101     100      19     0.0    26.0
   104.207    31.783    15.339    34.000     0.053     100      13     2.0    26.0
   104.192    31.770    15.339    34.000     0.024     100      15     4.0    26.0
   104.178    31.757    15.339    34.000     0.010     100      11     6.0    26.0
   104.163    31.744    15.339    34.000     0.009      15       2     8.0    26.0
   104.149    31.731    15.339    34.000     0.027      12       2    10.0    26.0
   104.135    31.718    15.339    34.000     0.024      13       2    12.0    26.0
   104.120    31.704    15.339    34.000     0.031     100      33    14.0    26.0
   104.106    31.691    15.339    34.000     0.062      71      33    16.0    26.0
   104.091    31.678    15.339    34.000     0.095      89       1    18.0    26.0
   104.077    31.665    15.339    34.000     0.129      39      34    20.0    26.0
   104.062    31.652    15.339    34.000     0.089      38      34    22.0    26.0
   104.048    31.639    15.339    34.000     0.047      14      31    24.0    26.0
   104.034    31.625    15.339    34.000     0.037      63      17    26.0    26.0
   104.019    31.612    15.339    34.000     0.029      64      20    28.0    26.0
   104.005    31.599    15.339    34.000     0.020      63      19    30.0    26.0
   103.990    31.586    15.339    34.000     0.013      61      22    32.0    26.0
   103.976    31.573    15.339    34.000     0.013      36      35    34.0    26.0
   103.962    31.560    15.339    34.000     0.011      64      30    36.0    26.0
   103.947    31.546    15.339    34.000     0.009      91      30    38.0    26.0
   103.933    31.533    15.339    34.000     0.013      33      33    40.0    26.0
   103.919    31.520    15.339    34.000     0.015       7      35    42.0    26.0
   103.904    31.507    15.339    34.000     0.016      10      34    44.0    26.0
   103.890    31.494    15.339    34.000     0.016       9      34    46.0    26.0
   103.875    31.480    15.339    34.000     0.026      75      37    48.0    26.0
   103.861    31.467    15.339    34.000     0.037       7      19    50.0    26.0
   103.847    31.454    15.339    34.000     0.091      61      10    52.0    26.0
   103.832    31.441    15.339    34.000     0.059      60      10    54.0    26.0
   103.818    31.428    15.339    34.000     0.038      60      14    56.0    26.0
   103.804    31.415    15.339    34.000     0.019      11      21    58.0    26.0
   103.789    31.401    15.339    34.000     0.026      37      32    60.0    26.0
   103.775    31.388    15.339    34.000     0.040      36      32    62.0    26.0
   103.761    31.375    15.339    34.000     0.035       5      31    64.0    26.0
   103.746    31.362    15.339    34.000     0.027       8      32    66.0    26.0
   103.732    31.349    15.339    34.000     0.019       8      32    68.0    26.0
   103.718    31.335    15.339    34.000     0.030      34      11    70.0    26.0
   103.703    31.322    15.339    34.000     0.042      34       3    72.0    26.0
   103.689    31.309    15.339    34.000     0.129       9       4    74.0    26.0
   103.675    31.296    15.339    34.000     0.174       8       5    76.0    26.0
   103.660    31.282    15.339    34.000     0.133      94      27    78.0    26.0
   104.234    31.786    14.221    34.000     0.016       9      34     0.0    24.0
   104.220    31.773    14.221    34.000     0.033      98      29     2.0    24.0
   104.205    31.760    14.221    34.000     0.054      97      29     4.0    24.0
   104.191    31.747    14.221    34.000     0.051      48      15     6.0    24.0
   104.176    31.734    14.221    34.000     0.064      46      15     8.0    24.0
   104.162    31.720    14.221    34.000     0.102      46      15    10.0    24.0
   104.147    31.707    14.221    34.000     0.102      47      18    12.0    24.0
   104.133    31.694    14.221    34.000     0.057      49      21    14.0    24.0
   104.118    31.681    14.221    34.000     0.068      92       1    16.0    24.0
   104.104    31.668    14.221    34.000     0.091      91       2    18.0    24.0
   104.090    31.655    14.221    34.000     0.062      93       2    20.0    24.0
   104.075    31.642    14.221    34.000     0.066      79      37    22.0    24.0
   104.061    31.628    14.221    34.000     0.019       7      36    24.0    24.0
   104.046    31.615    14.221    34.000     0.012       7      36    26.0    24.0
   104.032    31.602    14.221    34.000     0.007      24       6    28.0    24.0
   104.018    31.589    14.221    34.000     0.007     100       6    30.0    24.0
   104.003    31.576    14.221    34.000     0.018      73      14    32.0    24.0
   103.989    31.563    14.221    34.000     0.013      77       8    34.0    24.0
   103.974    31.549    14.221    34.000     0.016       1       4    36.0    24.0
   103.960    31.536    14.221    34.000     0.012      70      25    38.0    24.0
   103.946    31.523    14.221    34.000     0.018      42      31    40.0    24.0
   103.931    31.510    14.221    34.000     0.023      74      36    42.0    24.0
   103.917    31.497    14.221    34.000     0.039      90       3    44.0    24.0
   103.903    31.483    14.221    34.000     0.058      90       3    46.0    24.0
   103.888    31.470    14.221    34.000     0.071      78      36    48.0    24.0
   103.874    31.457    14.221    34.000     0.068      77      36    50.0    24.0
   103.859    31.444    14.221    34.000     0.058       9      18    52.0    24.0
   103.845    31.431    14.221    34.000     0.099       9      22    54.0    24.0
   103.831    31.418    14.221    34.000     0.113       5      35    56.0    24.0
   103.816    31.404    14.221    34.000     0.190       7      36    58.0    24.0
   103.802    31.391    14.221    34.000     0.164       8      35    60.0    24.0
   103.788    31.378    14.221    34.000     0.138       7      36    62.0    24.0
   103.773    31.365    14.221    34.000     0.048      91      28    64.0    24.0
   103.759    31.352    14.221    34.000     0.052      37      23    66.0    24.0
   103.745    31.338    14.221    34.000     0.080      36      23    68.0    24.0
   103.730    31.325    14.221    34.000     0.047      36      17    70.0    24.0
   103.716    31.312    14.221    34.000     0.047      38       7    72.0    24.0
   103.702    31.299    14.221    34.000     0.042      37       5    74.0    24.0
   103.688    31.286    14.221    34.000     0.037      12       3    76.0    24.0
   103.673    31.272    14.221    34.000     0.079      98      35    78.0    24.0
   104.247    31.776    13.102    34.000     0.058      50      20     0.0    22.0
   104.232    31.763    13.102    34.000     0.065      11      11     2.0    22.0
   104.218    31.750    13.102    34.000     0.064      45      19     4.0    22.0
   104.203    31.737    13.102    34.000     0.056      44      17     6.0    22.0
   104.189    31.723    13.102    34.000     0.113      46       9     8.0    22.0
   104.175    31.710    13.102    34.000     0.063      47      12    10.0    22.0
   104.160    31.697    13.102    34.000     0.085      47      18    12.0    22.0
   104.146    31.684    13.102    34.000     0.042      46       5    14.0    22.0
   104.131    31.671    13.102    34.000     0.064      93      11    16.0    22.0
   104.117    31.658    13.102    34.000     0.075      93      11    18.0    22.0
   104.102    31.644    13.102    34.000     0.046      92      12    20.0    22.0
   104.088    31.631    13.102    34.000     0.023      94      22    22.0    22.0
   104.074    31.618    13.102    34.000     0.021      93      21    24.0    22.0
   104.059    31.605    13.102    34.000     0.023      29       2    26.0    22.0
   104.045    31.592    13.102    34.000     0.013       1       5    28.0    22.0
   104.030    31.579    13.102    34.000     0.040       1       8    30.0    22.0
   104.016    31.565    13.102    34.000     0.060       1      17    32.0    22.0
   104.002    31.552    13.102    34.000     0.056       1      16    34.0    22.0
   103.987    31.539    13.102    34.000     0.082       4       2    36.0    22.0
   103.973    31.526    13.102    34.000     0.061       3       5    38.0    22.0
   103.958    31.513    13.102    34.000     0.034       4       5    40.0    22.0
   103.944    31.500    13.102    34.000     0.045       4       7    42.0    22.0
   103.930    31.486    13.102    34.000     0.061      94       1    44.0    22.0
   103.915    31.473    13.102    34.000     0.124      95       2    46.0    22.0
   103.901    31.460    13.102    34.000     0.107      95       2    48.0    22.0
   103.887    31.447    13.102    34.000     0.080      96       1    50.0    22.0
   103.872    31.434    13.102    34.000     0.056     100       1    52.0    22.0
   103.858    31.420    13.102    34.000     0.069       8      35    54.0    22.0
   103.844    31.407    13.102    34.000     0.072       7      36    56.0    22.0
   103.829    31.394    13.102    34.000     0.083      11      36    58.0    22.0
   103.815    31.381    13.102    34.000     0.174      10      36    60.0    22.0
   103.800    31.368    13.102    34.000     0.081      11      36    62.0    22.0
   103.786    31.355    13.102    34.000     0.042      37      25    64.0    22.0
   103.772    31.341    13.102    34.000     0.067      95      37    66.0    22.0
   103.758    31.328    13.102    34.000     0.069      94      37    68.0    22.0
   103.743    31.315    13.102    34.000     0.060       1      35    70.0    22.0
   103.729    31.302    13.102    34.000     0.095       1      35    72.0    22.0
   103.715    31.289    13.102    34.000     0.105       1      35    74.0    22.0
   103.700    31.275    13.102    34.000     0.085       2      36    76.0    22.0
   103.686    31.262    13.102    34.000     0.058       3      35    78.0    22.0
   104.259    31.766    11.984    34.000     0.104      85      23     0.0    20.0
   104.245    31.753    11.984    34.000     0.123      87      24     2.0    20.0
   104.231    31.739    11.984    34.000     0.161      86      25     4.0    20.0
   104.216    31.726    11.984    34.000     0.084      13      30     6.0    20.0
   104.202    31.713    11.984    34.000     0.087      84      20     8.0    20.0
   104.187    31.700    11.984    34.000     0.065      83      20    10.0    20.0
   104.173    31.687    11.984    34.000     0.074      85       7    12.0    20.0
   104.158    31.674    11.984    34.000     0.051      85      14    14.0    20.0
   104.144    31.661    11.984    34.000     0.041      84      15    16.0    20.0
   104.130    31.647    11.984    34.000     0.030      84      30    18.0    20.0
   104.115    31.634    11.984    34.000     0.029      86      36    20.0    20.0
   104.101    31.621    11.984    34.000     0.016      79       3    22.0    20.0
   104.086    31.608    11.984    34.000     0.016      31       1    24.0    20.0
   104.072    31.595    11.984    34.000     0.011      37      33    26.0    20.0
   104.057    31.582    11.984    34.000     0.014      83       3    28.0    20.0
   104.043    31.568    11.984    34.000     0.023      39       7    30.0    20.0
   104.029    31.555    11.984    34.000     0.023      82       4    32.0    20.0
   104.014    31.542    11.984    34.000     0.044      79      20    34.0    20.0
   104.000    31.529    11.984    34.000     0.049      78      22    36.0    20.0
   103.986    31.516    11.984    34.000     0.030       7       6    38.0    20.0
   103.971    31.503    11.984    34.000     0.054       8       6    40.0    20.0
   103.957    31.489    11.984    34.000     0.045       5       6    42.0    20.0
   103.942    31.476    11.984    34.000     0.035      98       1    44.0    20.0
   103.928    31.463    11.984    34.000     0.021      99       1    46.0    20.0
   103.914    31.450    11.984    34.000     0.034      29       1    48.0    20.0
   103.899    31.437    11.984    34.000     0.035      88      36    50.0    20.0
   103.885    31.423    11.984    34.000     0.064      86      36    52.0    20.0
   103.871    31.410    11.984    34.000     0.059      86      36    54.0    20.0
   103.856    31.397    11.984    34.000     0.027      51      13    56.0    20.0
   103.842    31.384    11.984    34.000     0.019      55      29    58.0    20.0
   103.828    31.371    11.984    34.000     0.015      55      32    60.0    20.0
   103.813    31.358    11.984    34.000     0.024      85       2    62.0    20.0
   103.799    31.344    11.984    34.000     0.046      83       2    64.0    20.0
   103.785    31.331    11.984    34.000     0.041      98      37    66.0    20.0
   103.770    31.318    11.984    34.000     0.027      33      19    68.0    20.0
   103.756    31.305    11.984    34.000     0.046       7      35    70.0    20.0
   103.742    31.292    11.984    34.000     0.072       6      36    72.0    20.0
   103.727    31.278    11.984    34.000     0.088       4      35    74.0    20.0
   103.713    31.265    11.984    34.000     0.081       2      35    76.0    20.0
   103.699    31.252    11.984    34.000     0.052       3      35    78.0    20.0
   104.272    31.755    10.865    34.000     0.053      14      28     0.0    18.0
   104.258    31.742    10.865    34.000     0.063      20      36     2.0    18.0
   104.243    31.729    10.865    34.000     0.097      19      36     4.0    18.0
   104.229    31.716    10.865    34.000     0.094      18      36     6.0    18.0
   104.214    31.703    10.865    34.000     0.090      16      33     8.0    18.0
   104.200    31.690    10.865    34.000     0.073      16      34    10.0    18.0
   104.186    31.677    10.865    34.000     0.047      33       1    12.0    18.0
   104.171    31.663    10.865    34.000     0.081      47      34    14.0    18.0
   104.157    31.650    10.865    34.000     0.082      49      33    16.0    18.0
   104.142    31.637    10.865    34.000     0.082      49      33    18.0    18.0
   104.128    31.624    10.865    34.000     0.042      80      31    20.0    18.0
   104.113    31.611    10.865    34.000     0.024      13       5    22.0    18.0
   104.099    31.598    10.865    34.000     0.045      41      27    24.0    18.0
   104.085    31.585    10.865    34.000     0.077      40      27    26.0    18.0
   104.070    31.571    10.865    34.000     0.061      40      27    28.0    18.0
   104.056    31.558    10.865    34.000     0.036      42      28    30.0    18.0
   104.041    31.545    10.865    34.000     0.031      40      10    32.0    18.0
   104.027    31.532    10.865    34.000     0.035       8      17    34.0    18.0
   104.013    31.519    10.865    34.000     0.024       8      21    36.0    18.0
   103.998    31.506    10.865    34.000     0.020       6      14    38.0    18.0
   103.984    31.492    10.865    34.000     0.032       6       1    40.0    18.0
   103.970    31.479    10.865    34.000     0.039       6       1    42.0    18.0
   103.955    31.466    10.865    34.000     0.065       5       1    44.0    18.0
   103.941    31.453    10.865    34.000     0.061      55       1    46.0    18.0
   103.926    31.440    10.865    34.000     0.067      54       1    48.0    18.0
   103.912    31.426    10.865    34.000     0.087      55       1    50.0    18.0
   103.898    31.413    10.865    34.000     0.073      80       2    52.0    18.0
   103.883    31.400    10.865    34.000     0.026      23      23    54.0    18.0
   103.869    31.387    10.865    34.000     0.054      24      19    56.0    18.0
   103.855    31.374    10.865    34.000     0.061      23      19    58.0    18.0
   103.840    31.361    10.865    34.000     0.055      25      15    60.0    18.0
   103.826    31.347    10.865    34.000     0.032      54      30    62.0    18.0
   103.812    31.334    10.865    34.000     0.023      54      32    64.0    18.0
   103.797    31.321    10.865    34.000     0.020      54      31    66.0    18.0
   103.783    31.308    10.865    34.000     0.013      74      25    68.0    18.0
   103.769    31.295    10.865    34.000     0.016      74      19    70.0    18.0
   103.754    31.281    10.865    34.000     0.024       7      18    72.0    18.0
   103.740    31.268    10.865    34.000     0.046      38      36    74.0    18.0
   103.726    31.255    10.865    34.000     0.067      36      36    76.0    18.0
   103.711    31.242    10.865    34.000     0.071       5      29    78.0    18.0
   104.285    31.745     9.747    34.000     0.128      44      11     0.0    16.0
   104.271    31.732     9.747    34.000     0.073      44       9     2.0    16.0
   104.256    31.719     9.747    34.000     0.081      21      35     4.0    16.0
   104.242    31.706     9.747    34.000     0.118      19      36     6.0    16.0
   104.227    31.693     9.747    34.000     0.105      18      35     8.0    16.0
   104.213    31.680     9.747    34.000     0.041      48      36    10.0    16.0
   104.198    31.666     9.747    34.000     0.046      61       1    12.0    16.0
   104.184    31.653     9.747    34.000     0.059      20      12    14.0    16.0
   104.169    31.640     9.747    34.000     0.081      21      16    16.0    16.0
   104.155    31.627     9.747    34.000     0.073      22      10    18.0    16.0
   104.141    31.614     9.747    34.000     0.076      20       9    20.0    16.0
   104.126    31.601     9.747    34.000     0.087      18       4    22.0    16.0
   104.112    31.587     9.747    34.000     0.049      16       3    24.0    16.0
   104.097    31.574     9.747    34.000     0.056      41      28    26.0    16.0
   104.083    31.561     9.747    34.000     0.050      41      31    28.0    16.0
   104.069    31.548     9.747    34.000     0.058      13      23    30.0    16.0
   104.054    31.535     9.747    34.000     0.101      12      17    32.0    16.0
   104.040    31.522     9.747    34.000     0.048      11      22    34.0    16.0
   104.025    31.508     9.747    34.000     0.029      10      22    36.0    16.0
   104.011    31.495     9.747    34.000     0.036      17      36    38.0    16.0
   103.997    31.482     9.747    34.000     0.036       9       1    40.0    16.0
   103.982    31.469     9.747    34.000     0.042      70      36    42.0    16.0
   103.968    31.456     9.747    34.000     0.101      70      36    44.0    16.0
   103.954    31.443     9.747    34.000     0.125      70      36    46.0    16.0
   103.939    31.429     9.747    34.000     0.084      72      36    48.0    16.0
   103.925    31.416     9.747    34.000     0.069      72      36    50.0    16.0
   103.910    31.403     9.747    34.000     0.064      73      36    52.0    16.0
   103.896    31.390     9.747    34.000     0.059      72      36    54.0    16.0
   103.882    31.377     9.747    34.000     0.038      23       9    56.0    16.0
   103.867    31.364     9.747    34.000     0.055      25       8    58.0    16.0
   103.853    31.350     9.747    34.000     0.043      87      37    60.0    16.0
   103.839    31.337     9.747    34.000     0.163      74       2    62.0    16.0
   103.824    31.324     9.747    34.000     0.233      74       2    64.0    16.0
   103.810    31.311     9.747    34.000     0.204      75       2    66.0    16.0
   103.796    31.298     9.747    34.000     0.148      75       2    68.0    16.0
   103.781    31.284     9.747    34.000     0.038      76       2    70.0    16.0
   103.767    31.271     9.747    34.000     0.065       9      19    72.0    16.0
   103.753    31.258     9.747    34.000     0.083       9      19    74.0    16.0
   103.738    31.245     9.747    34.000     0.036       7      20    76.0    16.0
   103.724    31.232     9.747    34.000     0.049       8      29    78.0    16.0
   104.298    31.735     8.629    34.000     0.067      73      15     0.0    14.0
   104.283    31.722     8.629    34.000     0.080      72       9     2.0    14.0
   104.269    31.709     8.629    34.000     0.038     100      32     4.0    14.0
   104.254    31.696     8.629    34.000     0.054     100      33     6.0    14.0
   104.240    31.682     8.629    34.000     0.078     100      35     8.0    14.0
   104.226    31.669     8.629    34.000     0.078     100      35    10.0    14.0
   104.211    31.656     8.629    34.000     0.095      99      35    12.0    14.0
   104.197    31.643     8.629    34.000     0.078     100      35    14.0    14.0
   104.182    31.630     8.629    34.000     0.072      22       4    16.0    14.0
   104.168    31.617     8.629    34.000     0.062      22      27    18.0    14.0
   104.153    31.604     8.629    34.000     0.049      20       4    20.0    14.0
   104.139    31.590     8.629    34.000     0.059      19       4    22.0    14.0
   104.125    31.577     8.629    34.000     0.047      49      33    24.0    14.0
   104.110    31.564     8.629    34.000     0.045      46      36    26.0    14.0
   104.096    31.551     8.629    34.000     0.022      68       4    28.0    14.0
   104.081    31.538     8.629    34.000     0.052      43      36    30.0    14.0
   104.067    31.525     8.629    34.000     0.063      42      36    32.0    14.0
   104.053    31.511     8.629    34.000     0.051      97      23    34.0    14.0
   104.038    31.498     8.629    34.000     0.049      99      22    36.0    14.0
   104.024    31.485     8.629    34.000     0.049      97      22    38.0    14.0
   104.009    31.472     8.629    34.000     0.061      70      36    40.0    14.0
   103.995    31.459     8.629    34.000     0.066      72      36    42.0    14.0
   103.981    31.446     8.629    34.000     0.086      72      35    44.0    14.0
   103.966    31.432     8.629    34.000     0.073      69      36    46.0    14.0
   103.952    31.419     8.629    34.000     0.085      70      36    48.0    14.0
   103.938    31.406     8.629    34.000     0.075      71      36    50.0    14.0
   103.923    31.393     8.629    34.000     0.062      91       1    52.0    14.0
   103.909    31.380     8.629    34.000     0.062      76      37    54.0    14.0
   103.894    31.366     8.629    34.000     0.047      74      36    56.0    14.0
   103.880    31.353     8.629    34.000     0.027      52      37    58.0    14.0
   103.866    31.340     8.629    34.000     0.044      37       3    60.0    14.0
   103.851    31.327     8.629    34.000     0.066      92      37    62.0    14.0
   103.837    31.314     8.629    34.000     0.106      91      37    64.0    14.0
   103.823    31.301     8.629    34.000     0.116      92      37    66.0    14.0
   103.808    31.287     8.629    34.000     0.077      90      37    68.0    14.0
   103.794    31.274     8.629    34.000     0.031      11      14    70.0    14.0
   103.780    31.261     8.629    34.000     0.022      14      16    72.0    14.0
   103.766    31.248     8.629    34.000     0.017      12      19    74.0    14.0
   103.751    31.235     8.629    34.000     0.013      11       6    76.0    14.0
   103.737    31.221     8.629    34.000     0.020      36      27    78.0    14.0
   104.310    31.725     7.510    34.000     0.019      22      29     0.0    12.0
   104.296    31.712     7.510    34.000     0.035      96      28     2.0    12.0
   104.282    31.698     7.510    34.000     0.044      97      24     4.0    12.0
   104.267    31.685     7.510    34.000     0.043      97      26     6.0    12.0
   104.253    31.672     7.510    34.000     0.076      96      33     8.0    12.0
   104.238    31.659     7.510    34.000     0.096      97      33    10.0    12.0
   104.224    31.646     7.510    34.000     0.059      97      31    12.0    12.0
   104.209    31.633     7.510    34.000     0.032      19       4    14.0    12.0
   104.195    31.620     7.510    34.000     0.018      43      37    16.0    12.0
   104.181    31.606     7.510    34.000     0.023      44      36    18.0    12.0
   104.166    31.593     7.510    34.000     0.028      44      36    20.0    12.0
   104.152    31.580     7.510    34.000     0.044      66       3    22.0    12.0
   104.137    31.567     7.510    34.000     0.056      50      33    24.0    12.0
   104.123    31.554     7.510    34.000     0.077      50      33    26.0    12.0
   104.108    31.541     7.510    34.000     0.056      13      37    28.0    12.0
   104.094    31.528     7.510    34.000     0.040      14      37    30.0    12.0
   104.080    31.514     7.510    34.000     0.057      20      22    32.0    12.0
   104.065    31.501     7.510    34.000     0.063      17      24    34.0    12.0
   104.051    31.488     7.510    34.000     0.073      16      18    36.0    12.0
   104.037    31.475     7.510    34.000     0.097      18      23    38.0    12.0
   104.022    31.462     7.510    34.000     0.063      19      19    40.0    12.0
   104.008    31.449     7.510    34.000     0.043      93       2    42.0    12.0
   103.993    31.435     7.510    34.000     0.045      94       4    44.0    12.0
   103.979    31.422     7.510    34.000     0.030      92       2    46.0    12.0
   103.965    31.409     7.510    34.000     0.024      69      35    48.0    12.0
   103.950    31.396     7.510    34.000     0.049      68      30    50.0    12.0
   103.936    31.383     7.510    34.000     0.053      68      26    52.0    12.0
   103.922    31.369     7.510    34.000     0.041      72      20    54.0    12.0
   103.907    31.356     7.510    34.000     0.043      43      18    56.0    12.0
   103.893    31.343     7.510    34.000     0.044      43      13    58.0    12.0
   103.879    31.330     7.510    34.000     0.040      41       8    60.0    12.0
   103.864    31.317     7.510    34.000     0.064      42       4    62.0    12.0
   103.850    31.304     7.510    34.000     0.071       8       4    64.0    12.0
   103.836    31.290     7.510    34.000     0.101       6       4    66.0    12.0
   103.821    31.277     7.510    34.000     0.079       6       4    68.0    12.0
   103.807    31.264     7.510    34.000     0.026      85      18    70.0    12.0
   103.793    31.251     7.510    34.000     0.010      85      17    72.0    12.0
   103.778    31.238     7.510    34.000     0.006      20      15    74.0    12.0
   103.764    31.224     7.510    34.000     0.009      21      11    76.0    12.0
   103.750    31.211     7.510    34.000     0.007      44      28    78.0    12.0
   104.323    31.715     6.392    34.000     0.081      87      12     0.0    10.0
   104.309    31.701     6.392    34.000     0.110      54       4     2.0    10.0
   104.294    31.688     6.392    34.000     0.253      57       7     4.0    10.0
   104.280    31.675     6.392    34.000     0.235      55       4     6.0    10.0
   104.265    31.662     6.392    34.000     0.164      54       7     8.0    10.0
   104.251    31.649     6.392    34.000     0.178      26       5    10.0    10.0
   104.237    31.636     6.392    34.000     0.155      26       3    12.0    10.0
   104.222    31.623     6.392    34.000     0.099      24       4    14.0    10.0
   104.208    31.609     6.392    34.000     0.046      28       5    16.0    10.0
   104.193    31.596     6.392    34.000     0.040      28       4    18.0    10.0
   104.179    31.583     6.392    34.000     0.048      31      22    20.0    10.0
   104.164    31.570     6.392    34.000     0.051      28      25    22.0    10.0
   104.150    31.557     6.392    34.000     0.040      26      24    24.0    10.0
   104.136    31.544     6.392    34.000     0.039      49      36    26.0    10.0
   104.121    31.530     6.392    34.000     0.043      50      36    28.0    10.0
   104.107    31.517     6.392    34.000     0.036      87      17    30.0    10.0
   104.092    31.504     6.392    34.000     0.049      86      14    32.0    10.0
   104.078    31.491     6.392    34.000     0.036      87       9    34.0    10.0
   104.064    31.478     6.392    34.000     0.038      90       2    36.0    10.0
   104.049    31.465     6.392    34.000     0.037      88       2    38.0    10.0
   104.035    31.451     6.392    34.000     0.035      45      36    40.0    10.0
   104.020    31.438     6.392    34.000     0.037      44      37    42.0    10.0
   104.006    31.425     6.392    34.000     0.030      29       1    44.0    10.0
   103.992    31.412     6.392    34.000     0.040      30       1    46.0    10.0
   103.977    31.399     6.392    34.000     0.042      45      34    48.0    10.0
   103.963    31.386     6.392    34.000     0.036      44      33    50.0    10.0
   103.949    31.372     6.392    34.000     0.054      76      11    52.0    10.0
   103.934    31.359     6.392    34.000     0.063      75      10    54.0    10.0
   103.920    31.346     6.392    34.000     0.069      77      17    56.0    10.0
   103.906    31.333     6.392    34.000     0.076      75      19    58.0    10.0
   103.891    31.320     6.392    34.000     0.055      44      17    60.0    10.0
   103.877    31.307     6.392    34.000     0.073       7      12    62.0    10.0
   103.863    31.293     6.392    34.000     0.067       6       9    64.0    10.0
   103.848    31.280     6.392    34.000     0.044      10       4    66.0    10.0
   103.834    31.267     6.392    34.000     0.040      85      28    68.0    10.0
   103.820    31.254     6.392    34.000     0.031      53      25    70.0    10.0
   103.805    31.241     6.392    34.000     0.042      89      11    72.0    10.0
   103.791    31.227     6.392    34.000     0.052      23      17    74.0    10.0
   103.777    31.214     6.392    34.000     0.057      24      18    76.0    10.0
   103.762    31.201     6.392    34.000     0.055      22      16    78.0    10.0
   104.336    31.704     5.274    34.000     0.228      57       9     0.0     8.0
   104.322    31.691     5.274    34.000     0.318      56       9     2.0     8.0
   104.307    31.678     5.274    34.000     0.263      55      16     4.0     8.0
   104.293    31.665     5.274    34.000     0.224      53      22     6.0     8.0
   104.278    31.652     5.274    34.000     0.159      51      27     8.0     8.0
   104.264    31.639     5.274    34.000     0.124      52      27    10.0     8.0
   104.249    31.625     5.274    34.000     0.171      33       1    12.0     8.0
   104.235    31.612     5.274    34.000     0.152      33       1    14.0     8.0
   104.220    31.599     5.274    34.000     0.116      31       2    16.0     8.0
   104.206    31.586     5.274    34.000     0.077      34       1    18.0     8.0
   104.192    31.573     5.274    34.000     0.048      34       1    20.0     8.0
   104.177    31.560     5.274    34.000     0.029      54      36    22.0     8.0
   104.163    31.547     5.274    34.000     0.020       3       9    24.0     8.0
   104.148    31.533     5.274    34.000     0.028      30      28    26.0     8.0
   104.134    31.520     5.274    34.000     0.031      27      36    28.0     8.0
   104.120    31.507     5.274    34.000     0.033      30      33    30.0     8.0
   104.105    31.494     5.274    34.000     0.022      32      32    32.0     8.0
   104.091    31.481     5.274    34.000     0.029      10       5    34.0     8.0
   104.076    31.468     5.274    34.000     0.027      84      34    36.0     8.0
   104.062    31.454     5.274    34.000     0.032       6      14    38.0     8.0
   104.048    31.441     5.274    34.000     0.031      12      34    40.0     8.0
   104.033    31.428     5.274    34.000     0.065      11      34    42.0     8.0
   104.019    31.415     5.274    34.000     0.071      15      37    44.0     8.0
   104.004    31.402     5.274    34.000     0.148      16      37    46.0     8.0
   103.990    31.389     5.274    34.000     0.130       2       2    48.0     8.0
   103.976    31.375     5.274    34.000     0.077       3       1    50.0     8.0
   103.961    31.362     5.274    34.000     0.048       3       1    52.0     8.0
   103.947    31.349     5.274    34.000     0.046      19      35    54.0     8.0
   103.933    31.336     5.274    34.000     0.067      71      31    56.0     8.0
   103.918    31.323     5.274    34.000     0.071      70      32    58.0     8.0
   103.904    31.310     5.274    34.000     0.092      46      18    60.0     8.0
   103.890    31.296     5.274    34.000     0.076      72      29    62.0     8.0
   103.875    31.283     5.274    34.000     0.070      40      37    64.0     8.0
   103.861    31.270     5.274    34.000     0.036      22       7    66.0     8.0
   103.847    31.257     5.274    34.000     0.062      20       5    68.0     8.0
   103.832    31.244     5.274    34.000     0.069      23       4    70.0     8.0
   103.818    31.230     5.274    34.000     0.054      22       4    72.0     8.0
   103.804    31.217     5.274    34.000     0.038      22       4    74.0     8.0
   103.789    31.204     5.274    34.000     0.008      24       7    76.0     8.0
   103.775    31.191     5.274    34.000     0.005      26       9    78.0     8.0
   104.349    31.694     4.155    34.000     0.162       5      37     0.0     6.0
   104.334    31.681     4.155    34.000     0.100       4      35     2.0     6.0
   104.320    31.668     4.155    34.000     0.053      81      32     4.0     6.0
   104.305    31.655     4.155    34.000     0.072      82      30     6.0     6.0
   104.291    31.641     4.155    34.000     0.246      54      34     8.0     6.0
   104.276    31.628     4.155    34.000     0.278      53      35    10.0     6.0
   104.262    31.615     4.155    34.000     0.247      53      35    12.0     6.0
   104.248    31.602     4.155    34.000     0.202      51      34    14.0     6.0
   104.233    31.589     4.155    34.000     0.115      52      35    16.0     6.0
   104.219    31.576     4.155    34.000     0.072      45      11    18.0     6.0
   104.204    31.563     4.155    34.000     0.058      46      12    20.0     6.0
   104.190    31.549     4.155    34.000     0.102      47      14    22.0     6.0
   104.175    31.536     4.155    34.000     0.065      47      11    24.0     6.0
   104.161    31.523     4.155    34.000     0.050      78      26    26.0     6.0
   104.147    31.510     4.155    34.000     0.063      77      27    28.0     6.0
   104.132    31.497     4.155    34.000     0.056      76      28    30.0     6.0
   104.118    31.484     4.155    34.000     0.055      78      24    32.0     6.0
   104.103    31.471     4.155    34.000     0.054      37      19    34.0     6.0
   104.089    31.457     4.155    34.000     0.035       7      15    36.0     6.0
   104.075    31.444     4.155    34.000     0.056       6      22    38.0     6.0
   104.060    31.431     4.155    34.000     0.033       4      23    40.0     6.0
   104.046    31.418     4.155    34.000     0.026      77       4    42.0     6.0
   104.032    31.405     4.155    34.000     0.029      75       4    44.0     6.0
   104.017    31.392     4.155    34.000     0.020      83      12    46.0     6.0
   104.003    31.378     4.155    34.000     0.022      83      13    48.0     6.0
   103.988    31.365     4.155    34.000     0.030      59      23    50.0     6.0
   103.974    31.352     4.155    34.000     0.064      13       2    52.0     6.0
   103.960    31.339     4.155    34.000     0.044      13       4    54.0     6.0
   103.945    31.326     4.155    34.000     0.035      78      36    56.0     6.0
   103.931    31.312     4.155    34.000     0.063      77      36    58.0     6.0
   103.917    31.299     4.155    34.000     0.122     100      18    60.0     6.0
   103.902    31.286     4.155    34.000     0.181      99      20    62.0     6.0
   103.888    31.273     4.155    34.000     0.129      99      21    64.0     6.0
   103.874    31.260     4.155    34.000     0.094      60       1    66.0     6.0
   103.859    31.247     4.155    34.000     0.065      46      37    68.0     6.0
   103.845    31.233     4.155    34.000     0.049      28       1    70.0     6.0
   103.831    31.220     4.155    34.000     0.039      15      35    72.0     6.0
   103.816    31.207     4.155    34.000     0.028      17      35    74.0     6.0
   103.802    31.194     4.155    34.000     0.023      33       1    76.0     6.0
   103.788    31.181     4.155    34.000     0.029      40      16    78.0     6.0
   104.361    31.684     3.037    34.000     0.275      75      26     0.0     4.0
   104.347    31.671     3.037    34.000     0.365      74      19     2.0     4.0
   104.333    31.657     3.037    34.000     0.513      74      20     4.0     4.0
   104.318    31.644     3.037    34.000     0.345      73      20     6.0     4.0
   104.304    31.631     3.037    34.000     0.228      75       9     8.0     4.0
   104.289    31.618     3.037    34.000     0.159      77      13    10.0     4.0
   104.275    31.605     3.037    34.000     0.113      76      14    12.0     4.0
   104.260    31.592     3.037    34.000     0.035       7      13    14.0     4.0
   104.246    31.579     3.037    34.000     0.043      47       3    16.0     4.0
   104.231    31.566     3.037    34.000     0.035      97      23    18.0     4.0
   104.217    31.552     3.037    34.000     0.082      96      23    20.0     4.0
   104.203    31.539     3.037    34.000     0.074      97      25    22.0     4.0
   104.188    31.526     3.037    34.000     0.063      94      27    24.0     4.0
   104.174    31.513     3.037    34.000     0.062      95      27    26.0     4.0
   104.159    31.500     3.037    34.000     0.043      99       4    28.0     4.0
   104.145    31.487     3.037    34.000     0.046      98       5    30.0     4.0
   104.131    31.473     3.037    34.000     0.057      98       6    32.0     4.0
   104.116    31.460     3.037    34.000     0.026      95       6    34.0     4.0
   104.102    31.447     3.037    34.000     0.016      55      37    36.0     4.0
   104.087    31.434     3.037    34.000     0.029      97      33    38.0     4.0
   104.073    31.421     3.037    34.000     0.042     100      34    40.0     4.0
   104.059    31.408     3.037    34.000     0.062      99      34    42.0     4.0
   104.044    31.394     3.037    34.000     0.053      99      34    44.0     4.0
   104.030    31.381     3.037    34.000     0.031      99      34    46.0     4.0
   104.016    31.368     3.037    34.000     0.037      27      31    48.0     4.0
   104.001    31.355     3.037    34.000     0.040      27      32    50.0     4.0
   103.987    31.342     3.037    34.000     0.030      61      30    52.0     4.0
   103.972    31.329     3.037    34.000     0.057      61      30    54.0     4.0
   103.958    31.315     3.037    34.000     0.051      63      35    56.0     4.0
   103.944    31.302     3.037    34.000     0.090      26       6    58.0     4.0
   103.929    31.289     3.037    34.000     0.063      25       7    60.0     4.0
   103.915    31.276     3.037    34.000     0.027      26       7    62.0     4.0
   103.901    31.263     3.037    34.000     0.041      94       3    64.0     4.0
   103.886    31.250     3.037    34.000     0.070      81      37    66.0     4.0
   103.872    31.236     3.037    34.000     0.065      79      37    68.0     4.0
   103.858    31.223     3.037    34.000     0.039      40       2    70.0     4.0
   103.843    31.210     3.037    34.000     0.018      37       1    72.0     4.0
   103.829    31.197     3.037    34.000     0.010      14      17    74.0     4.0
   103.815    31.184     3.037    34.000     0.020      13      25    76.0     4.0
   103.801    31.170     3.037    34.000     0.022      13      24    78.0     4.0
   104.374    31.674     1.918    34.000     0.162      73       8     0.0     2.0
   104.360    31.660     1.918    34.000     0.175      73      13     2.0     2.0
   104.345    31.647     1.918    34.000     0.150      73      19     4.0     2.0
   104.331    31.634     1.918    34.000     0.181      39      23     6.0     2.0
   104.316    31.621     1.918    34.000     0.287      39      30     8.0     2.0
   104.302    31.608     1.918    34.000     0.311      38      32    10.0     2.0
   104.287    31.595     1.918    34.000     0.263      39      35    12.0     2.0
   104.273    31.582     1.918    34.000     0.165      42      36    14.0     2.0
   104.259    31.568     1.918    34.000     0.105      63       4    16.0     2.0
   104.244    31.555     1.918    34.000     0.104      95       3    18.0     2.0
   104.230    31.542     1.918    34.000     0.093      62      15    20.0     2.0
   104.215    31.529     1.918    34.000     0.078      63      18    22.0     2.0
   104.201    31.516     1.918    34.000     0.089      95      24    24.0     2.0
   104.187    31.503     1.918    34.000     0.098      94      30    26.0     2.0
   104.172    31.490     1.918    34.000     0.092      94      32    28.0     2.0
   104.158    31.476     1.918    34.000     0.069      63      33    30.0     2.0
   104.143    31.463     1.918    34.000     0.053      64      34    32.0     2.0
   104.129    31.450     1.918    34.000     0.053      65      35    34.0     2.0
   104.115    31.437     1.918    34.000     0.040      31      34    36.0     2.0
   104.100    31.424     1.918    34.000     0.024      31      35    38.0     2.0
   104.086    31.411     1.918    34.000     0.015      30      35    40.0     2.0
   104.071    31.397     1.918    34.000     0.017      31      35    42.0     2.0
   104.057    31.384     1.918    34.000     0.013      46       1    44.0     2.0
   104.043    31.371     1.918    34.000     0.006      45       4    46.0     2.0
   104.028    31.358     1.918    34.000     0.008      37      35    48.0     2.0
   104.014    31.345     1.918    34.000     0.008      36      36    50.0     2.0
   104.000    31.332     1.918    34.000     0.017      72      24    52.0     2.0
   103.985    31.318     1.918    34.000     0.007      72      30    54.0     2.0
   103.971    31.305     1.918    34.000     0.014      54       1    56.0     2.0
   103.957    31.292     1.918    34.000     0.014      69      36    58.0     2.0
   103.942    31.279     1.918    34.000     0.021      68      36    60.0     2.0
   103.928    31.266     1.918    34.000     0.024      65      25    62.0     2.0
   103.914    31.253     1.918    34.000     0.020      65      25    64.0     2.0
   103.899    31.239     1.918    34.000     0.021      34      37    66.0     2.0
   103.885    31.226     1.918    34.000     0.028      20       1    68.0     2.0
   103.871    31.213     1.918    34.000     0.028      19       2    70.0     2.0
   103.856    31.200     1.918    34.000     0.020      18       2    72.0     2.0
   103.842    31.187     1.918    34.000     0.010      78      30    74.0     2.0
   103.828    31.173     1.918    34.000     0.014      83       5    76.0     2.0
   103.813    31.160     1.918    34.000     0.019      83       6    78.0     2.0
   104.387    31.663     0.800    34.000     0.062      37      34     0.0     0.0
   104.372    31.650     0.800    34.000     0.033      72      35     2.0     0.0
   104.358    31.637     0.800    34.000     0.042      40      25     4.0     0.0
   104.344    31.624     0.800    34.000     0.040      38      34     6.0     0.0
   104.329    31.611     0.800    34.000     0.033      39      30     8.0     0.0
   104.315    31.598     0.800    34.000     0.037      39      34    10.0     0.0
   104.300    31.584     0.800    34.000     0.054      10      36    12.0     0.0
   104.286    31.571     0.800    34.000     0.095       8      35    14.0     0.0
   104.271    31.558     0.800    34.000     0.066       7      35    16.0     0.0
   104.257    31.545     0.800    34.000     0.063      91      30    18.0     0.0
   104.242    31.532     0.800    34.000     0.077      91      31    20.0     0.0
   104.228    31.519     0.800    34.000     0.062      63      30    22.0     0.0
   104.214    31.506     0.800    34.000     0.067      98      10    24.0     0.0
   104.199    31.492     0.800    34.000     0.063      37       3    26.0     0.0
   104.185    31.479     0.800    34.000     0.079      35       6    28.0     0.0
   104.170    31.466     0.800    34.000     0.032      62      14    30.0     0.0
   104.156    31.453     0.800    34.000     0.015       6       1    32.0     0.0
   104.142    31.440     0.800    34.000     0.014      66      36    34.0     0.0
   104.127    31.427     0.800    34.000     0.034      65      36    36.0     0.0
   104.113    31.414     0.800    34.000     0.035      64      35    38.0     0.0
   104.099    31.400     0.800    34.000     0.032      64      36    40.0     0.0
   104.084    31.387     0.800    34.000     0.027      68      36    42.0     0.0
   104.070    31.374     0.800    34.000     0.027      38      36    44.0     0.0
   104.055    31.361     0.800    34.000     0.010      37      37    46.0     0.0
   104.041    31.348     0.800    34.000     0.012      42      21    48.0     0.0
   104.027    31.335     0.800    34.000     0.011      42      28    50.0     0.0
   104.012    31.321     0.800    34.000     0.009      62      36    52.0     0.0
   103.998    31.308     0.800    34.000     0.016      89      32    54.0     0.0
   103.984    31.295     0.800    34.000     0.039      45       4    56.0     0.0
   103.969    31.282     0.800    34.000     0.042      44       5    58.0     0.0
   103.955    31.269     0.800    34.000     0.025      86      32    60.0     0.0
   103.941    31.255     0.800    34.000     0.015      85      33    62.0     0.0
   103.926    31.242     0.800    34.000     0.027      85       3    64.0     0.0
   103.912    31.229     0.800    34.000     0.029      83       4    66.0     0.0
   103.898    31.216     0.800    34.000     0.073      21      35    68.0     0.0
   103.883    31.203     0.800    34.000     0.063      21      35    70.0     0.0
   103.869    31.190     0.800    34.000     0.031      83      32    72.0     0.0
   103.855    31.176     0.800    34.000     0.034      82      33    74.0     0.0
   103.840    31.163     0.800    34.000     0.034      82      31    76.0     0.0
   103.826    31.150     0.800    34.000     0.017      87      11    78.0     0.0
