   105.691    32.980    38.388    70.000     0.056      29       1     0.0    40.0
   105.674    32.968    38.388    70.000     0.034      15      37     2.0    40.0
   105.658    32.957    38.388    70.000     0.037      16      37     4.0    40.0
   105.641    32.945    38.388    70.000     0.027      53       3     6.0    40.0
   105.625    32.934    38.388    70.000     0.024      51       6     8.0    40.0
   105.608    32.922    38.388    70.000     0.033      52       2    10.0    40.0
   105.592    32.911    38.388    70.000     0.037      95      28    12.0    40.0
   105.575    32.900    38.388    70.000     0.029      95      32    14.0    40.0
   105.559    32.888    38.388    70.000     0.039      72       7    16.0    40.0
   105.542    32.877    38.388    70.000     0.081      73       7    18.0    40.0
   105.526    32.865    38.388    70.000     0.089      75       6    20.0    40.0
   105.510    32.853    38.388    70.000     0.055      72       6    22.0    40.0
   105.493    32.842    38.388    70.000     0.022      72       5    24.0    40.0
   105.477    32.830    38.388    70.000     0.045      76      33    26.0    40.0
   105.460    32.819    38.388    70.000     0.058      76      33    28.0    40.0
   105.444    32.807    38.388    70.000     0.022      73      34    30.0    40.0
   105.427    32.796    38.388    70.000     0.011       6      19    32.0    40.0
   105.411    32.784    38.388    70.000     0.010      20       3    34.0    40.0
   105.395    32.773    38.388    70.000     0.006       5      37    36.0    40.0
   105.378    32.761    38.388    70.000     0.017      71       3    38.0    40.0
   105.362    32.750    38.388    70.000     0.033      12       3    40.0    40.0
   105.345    32.738    38.388    70.000     0.035      95       1    42.0    40.0
   105.329    32.727    38.388    70.000     0.049      95       1    44.0    40.0
   105.312    32.715    38.388    70.000     0.028      94       1    46.0    40.0
   105.296    32.704    38.388    70.000     0.018      99      20    48.0    40.0
   105.280    32.692    38.388    70.000     0.015      45      37    50.0    40.0
   105.263    32.681    38.388    70.000     0.010      69      35    52.0    40.0
   105.247    32.669    38.388    70.000     0.017      27       1    54.0    40.0
   105.231    32.658    38.388    70.000     0.018      73      36    56.0    40.0
   105.214    32.646    38.388    70.000     0.012      29       1    58.0    40.0
   105.198    32.634    38.388    70.000     0.019      77      36    60.0    40.0
   105.181    32.623    38.388    70.000     0.022      31       1    62.0    40.0
   105.165    32.611    38.388    70.000     0.027      32       1    64.0    40.0
   105.149    32.600    38.388    70.000     0.014      30       1    66.0    40.0
   105.132    32.588    38.388    70.000     0.007      65       1    68.0    40.0
   105.116    32.577    38.388    70.000     0.010      88      37    70.0    40.0
   105.100    32.565    38.388    70.000     0.013      70      28    72.0    40.0
   105.083    32.554    38.388    70.000     0.009      69      15    74.0    40.0
   105.067    32.542    38.388    70.000     0.009      45       2    76.0    40.0
   105.051    32.530    38.388    70.000     0.014      44       2    78.0    40.0
   105.034    32.519    38.388    70.000     0.006      43       2    80.0    40.0
   105.018    32.507    38.388    70.000     0.007       4       5    82.0    40.0
   105.002    32.496    38.388    70.000     0.006       9       9    84.0    40.0
   104.985    32.484    38.388    70.000     0.007       9       7    86.0    40.0
   104.969    32.473    38.388    70.000     0.010       7      12    88.0    40.0
   104.953    32.461    38.388    70.000     0.030      33      25    90.0    40.0
   104.936    32.449    38.388    70.000     0.031      33      21    92.0    40.0
   104.920    32.438    38.388    70.000     0.021       4      21    94.0    40.0
   104.904    32.426    38.388    70.000     0.019       5      29    96.0    40.0
   104.888    32.415    38.388    70.000     0.015       7      32    98.0    40.0
   104.871    32.403    38.388    70.000     0.021      10      37   100.0    40.0
   104.855    32.391    38.388    70.000     0.025      96      37   102.0    40.0
   104.839    32.380    38.388    70.000     0.012      93      37   104.0    40.0
   104.822    32.368    38.388    70.000     0.015      15      26   106.0    40.0
   104.806    32.357    38.388    70.000     0.017      18      21   108.0    40.0
   104.790    32.345    38.388    70.000     0.016      18      27   110.0    40.0
   104.774    32.333    38.388    70.000     0.013      54      21   112.0    40.0
   105.695    32.975    36.508    70.000     0.019      25       8     0.0    38.0
   105.679    32.964    36.508    70.000     0.022      25      10     2.0    38.0
   105.662    32.952    36.508    70.000     0.012      26      15     4.0    38.0
   105.646    32.941    36.508    70.000     0.012      18      11     6.0    38.0
   105.629    32.929    36.508    70.000     0.020      19       5     8.0    38.0
   105.613    32.918    36.508    70.000     0.011      17       5    10.0    38.0
   105.596    32.906    36.508    70.000     0.009     100      36    12.0    38.0
   105.580    32.895    36.508    70.000     0.015      74      15    14.0    38.0
   105.564    32.883    36.508    70.000     0.017      74      22    16.0    38.0
   105.547    32.872    36.508    70.000     0.016      80       7    18.0    38.0
   105.531    32.860    36.508    70.000     0.012      77       6    20.0    38.0
   105.514    32.849    36.508    70.000     0.024      36       1    22.0    38.0
   105.498    32.837    36.508    70.000     0.029      36       2    24.0    38.0
   105.481    32.826    36.508    70.000     0.014      17      31    26.0    38.0
   105.465    32.814    36.508    70.000     0.029      68       1    28.0    38.0
   105.448    32.803    36.508    70.000     0.022      68       1    30.0    38.0
   105.432    32.791    36.508    70.000     0.024      68       1    32.0    38.0
   105.416    32.780    36.508    70.000     0.015      69       1    34.0    38.0
   105.399    32.768    36.508    70.000     0.028      34      32    36.0    38.0
   105.383    32.757    36.508    70.000     0.059       4      37    38.0    38.0
   105.366    32.745    36.508    70.000     0.040      18       3    40.0    38.0
   105.350    32.734    36.508    70.000     0.025      87      37    42.0    38.0
   105.334    32.722    36.508    70.000     0.031     100       1    44.0    38.0
   105.317    32.711    36.508    70.000     0.015      24       4    46.0    38.0
   105.301    32.699    36.508    70.000     0.010      22       3    48.0    38.0
   105.284    32.687    36.508    70.000     0.013      23       3    50.0    38.0
   105.268    32.676    36.508    70.000     0.009      86       6    52.0    38.0
   105.252    32.664    36.508    70.000     0.024      85       3    54.0    38.0
   105.235    32.653    36.508    70.000     0.027      85       3    56.0    38.0
   105.219    32.641    36.508    70.000     0.020      86       3    58.0    38.0
   105.202    32.630    36.508    70.000     0.010      81       6    60.0    38.0
   105.186    32.618    36.508    70.000     0.006       9       1    62.0    38.0
   105.170    32.607    36.508    70.000     0.009      52      31    64.0    38.0
   105.153    32.595    36.508    70.000     0.006      53      32    66.0    38.0
   105.137    32.584    36.508    70.000     0.009      81      35    68.0    38.0
   105.121    32.572    36.508    70.000     0.020      67       1    70.0    38.0
   105.104    32.560    36.508    70.000     0.016      56      36    72.0    38.0
   105.088    32.549    36.508    70.000     0.013      54      36    74.0    38.0
   105.072    32.537    36.508    70.000     0.020      54      36    76.0    38.0
   105.055    32.526    36.508    70.000     0.015      55      36    78.0    38.0
   105.039    32.514    36.508    70.000     0.029      89       2    80.0    38.0
   105.023    32.503    36.508    70.000     0.016      78      37    82.0    38.0
   105.006    32.491    36.508    70.000     0.027      85       3    84.0    38.0
   104.990    32.479    36.508    70.000     0.019      53       4    86.0    38.0
   104.974    32.468    36.508    70.000     0.038      56       5    88.0    38.0
   104.957    32.456    36.508    70.000     0.075      56       4    90.0    38.0
   104.941    32.445    36.508    70.000     0.042      54       4    92.0    38.0
   104.925    32.433    36.508    70.000     0.035      24       5    94.0    38.0
   104.908    32.422    36.508    70.000     0.032      24       2    96.0    38.0
   104.892    32.410    36.508    70.000     0.021      92      37    98.0    38.0
   104.876    32.398    36.508    70.000     0.034      89      30   100.0    38.0
   104.860    32.387    36.508    70.000     0.065      88      36   102.0    38.0
   104.843    32.375    36.508    70.000     0.097      88      36   104.0    38.0
   104.827    32.364    36.508    70.000     0.119      87      34   106.0    38.0
   104.811    32.352    36.508    70.000     0.070      87      36   108.0    38.0
   104.795    32.340    36.508    70.000     0.026      29       2   110.0    38.0
   104.778    32.329    36.508    70.000     0.017      91      26   112.0    38.0
   105.700    32.970    34.629    70.000     0.100      23       2     0.0    36.0
   105.684    32.959    34.629    70.000     0.082      20       1     2.0    36.0
   105.667    32.947    34.629    70.000     0.090      21       2     4.0    36.0
   105.651    32.936    34.629    70.000     0.048      20       2     6.0    36.0
   105.634    32.924    34.629    70.000     0.020      18       1     8.0    36.0
   105.618    32.913    34.629    70.000     0.013      45       1    10.0    36.0
   105.601    32.901    34.629    70.000     0.013      77       1    12.0    36.0
   105.585    32.890    34.629    70.000     0.017      76       1    14.0    36.0
   105.568    32.879    34.629    70.000     0.011      61      37    16.0    36.0
   105.552    32.867    34.629    70.000     0.011      60      37    18.0    36.0
   105.535    32.856    34.629    70.000     0.011      99      36    20.0    36.0
   105.519    32.844    34.629    70.000     0.006      99      36    22.0    36.0
   105.502    32.832    34.629    70.000     0.014      99      37    24.0    36.0
   105.486    32.821    34.629    70.000     0.008      98      37    26.0    36.0
   105.470    32.809    34.629    70.000     0.019      24      18    28.0    36.0
   105.453    32.798    34.629    70.000     0.039      22      15    30.0    36.0
   105.437    32.786    34.629    70.000     0.027      23      25    32.0    36.0
   105.420    32.775    34.629    70.000     0.013      23      11    34.0    36.0
   105.404    32.763    34.629    70.000     0.019      33       4    36.0    36.0
   105.387    32.752    34.629    70.000     0.060      32       4    38.0    36.0
   105.371    32.740    34.629    70.000     0.060      29       4    40.0    36.0
   105.355    32.729    34.629    70.000     0.075      29       4    42.0    36.0
   105.338    32.717    34.629    70.000     0.068      29       4    44.0    36.0
   105.322    32.706    34.629    70.000     0.028      32       6    46.0    36.0
   105.305    32.694    34.629    70.000     0.011      52       1    48.0    36.0
   105.289    32.683    34.629    70.000     0.012      36      16    50.0    36.0
   105.273    32.671    34.629    70.000     0.017      86       6    52.0    36.0
   105.256    32.660    34.629    70.000     0.012      86       6    54.0    36.0
   105.240    32.648    34.629    70.000     0.010       9      28    56.0    36.0
   105.223    32.637    34.629    70.000     0.005      91      15    58.0    36.0
   105.207    32.625    34.629    70.000     0.007      88       1    60.0    36.0
   105.191    32.613    34.629    70.000     0.005      96      22    62.0    36.0
   105.174    32.602    34.629    70.000     0.004       1       5    64.0    36.0
   105.158    32.590    34.629    70.000     0.009       1       5    66.0    36.0
   105.142    32.579    34.629    70.000     0.017      85      34    68.0    36.0
   105.125    32.567    34.629    70.000     0.039      86      34    70.0    36.0
   105.109    32.556    34.629    70.000     0.045      84      34    72.0    36.0
   105.093    32.544    34.629    70.000     0.017      81      33    74.0    36.0
   105.076    32.533    34.629    70.000     0.007      78       5    76.0    36.0
   105.060    32.521    34.629    70.000     0.011      81       5    78.0    36.0
   105.044    32.509    34.629    70.000     0.012      81       6    80.0    36.0
   105.027    32.498    34.629    70.000     0.013      78      15    82.0    36.0
   105.011    32.486    34.629    70.000     0.018      57      14    84.0    36.0
   104.995    32.475    34.629    70.000     0.017      78      32    86.0    36.0
   104.978    32.463    34.629    70.000     0.021      92       1    88.0    36.0
   104.962    32.452    34.629    70.000     0.027      91       2    90.0    36.0
   104.946    32.440    34.629    70.000     0.019      23      19    92.0    36.0
   104.929    32.428    34.629    70.000     0.014       2      37    94.0    36.0
   104.913    32.417    34.629    70.000     0.050       2      37    96.0    36.0
   104.897    32.405    34.629    70.000     0.022       2      37    98.0    36.0
   104.881    32.394    34.629    70.000     0.038      91      35   100.0    36.0
   104.864    32.382    34.629    70.000     0.025      91      34   102.0    36.0
   104.848    32.370    34.629    70.000     0.024      91      36   104.0    36.0
   104.832    32.359    34.629    70.000     0.009      92      34   106.0    36.0
   104.815    32.347    34.629    70.000     0.017      92      10   108.0    36.0
   104.799    32.336    34.629    70.000     0.051      92      14   110.0    36.0
   104.783    32.324    34.629    70.000     0.084      92      14   112.0    36.0
   105.705    32.966    32.750    70.000     0.013      34      36     0.0    34.0
   105.688    32.954    32.750    70.000     0.010      62      36     2.0    34.0
   105.672    32.943    32.750    70.000     0.012      61      36     4.0    34.0
   105.655    32.931    32.750    70.000     0.016      60      36     6.0    34.0
   105.639    32.920    32.750    70.000     0.033       6       5     8.0    34.0
   105.622    32.908    32.750    70.000     0.046       7       6    10.0    34.0
   105.606    32.897    32.750    70.000     0.100       6       6    12.0    34.0
   105.589    32.885    32.750    70.000     0.041       5       3    14.0    34.0
   105.573    32.874    32.750    70.000     0.026      38      14    16.0    34.0
   105.556    32.862    32.750    70.000     0.030      64      11    18.0    34.0
   105.540    32.851    32.750    70.000     0.075      63      10    20.0    34.0
   105.524    32.839    32.750    70.000     0.069      62      14    22.0    34.0
   105.507    32.828    32.750    70.000     0.040      63      18    24.0    34.0
   105.491    32.816    32.750    70.000     0.037      63      29    26.0    34.0
   105.474    32.805    32.750    70.000     0.035      62      29    28.0    34.0
   105.458    32.793    32.750    70.000     0.033      62      30    30.0    34.0
   105.441    32.782    32.750    70.000     0.009      58      29    32.0    34.0
   105.425    32.770    32.750    70.000     0.019       7       2    34.0    34.0
   105.408    32.759    32.750    70.000     0.013       9       2    36.0    34.0
   105.392    32.747    32.750    70.000     0.019      38       4    38.0    34.0
   105.376    32.736    32.750    70.000     0.018      39       3    40.0    34.0
   105.359    32.724    32.750    70.000     0.032      28      37    42.0    34.0
   105.343    32.713    32.750    70.000     0.034      27      36    44.0    34.0
   105.326    32.701    32.750    70.000     0.027      15       1    46.0    34.0
   105.310    32.690    32.750    70.000     0.021      29      37    48.0    34.0
   105.294    32.678    32.750    70.000     0.023      43       2    50.0    34.0
   105.277    32.666    32.750    70.000     0.013      30      37    52.0    34.0
   105.261    32.655    32.750    70.000     0.017      36      14    54.0    34.0
   105.245    32.643    32.750    70.000     0.012      36       7    56.0    34.0
   105.228    32.632    32.750    70.000     0.009      67      37    58.0    34.0
   105.212    32.620    32.750    70.000     0.019      67      37    60.0    34.0
   105.195    32.609    32.750    70.000     0.034      69      37    62.0    34.0
   105.179    32.597    32.750    70.000     0.054      69      37    64.0    34.0
   105.163    32.586    32.750    70.000     0.044      69      37    66.0    34.0
   105.146    32.574    32.750    70.000     0.022      70      37    68.0    34.0
   105.130    32.562    32.750    70.000     0.011      70      37    70.0    34.0
   105.114    32.551    32.750    70.000     0.013      69      37    72.0    34.0
   105.097    32.539    32.750    70.000     0.013      70      37    74.0    34.0
   105.081    32.528    32.750    70.000     0.012      49      36    76.0    34.0
   105.065    32.516    32.750    70.000     0.020      70      37    78.0    34.0
   105.048    32.505    32.750    70.000     0.016      88       4    80.0    34.0
   105.032    32.493    32.750    70.000     0.009      41      37    82.0    34.0
   105.016    32.482    32.750    70.000     0.010      38      37    84.0    34.0
   104.999    32.470    32.750    70.000     0.019      37      37    86.0    34.0
   104.983    32.458    32.750    70.000     0.025      36      37    88.0    34.0
   104.967    32.447    32.750    70.000     0.043      34      37    90.0    34.0
   104.950    32.435    32.750    70.000     0.048      19       2    92.0    34.0
   104.934    32.424    32.750    70.000     0.050      17       2    94.0    34.0
   104.918    32.412    32.750    70.000     0.043      16       1    96.0    34.0
   104.902    32.400    32.750    70.000     0.018       2      37    98.0    34.0
   104.885    32.389    32.750    70.000     0.012      33      37   100.0    34.0
   104.869    32.377    32.750    70.000     0.015      35      37   102.0    34.0
   104.853    32.366    32.750    70.000     0.023      94       1   104.0    34.0
   104.836    32.354    32.750    70.000     0.035      83      35   106.0    34.0
   104.820    32.343    32.750    70.000     0.027      81      35   108.0    34.0
   104.804    32.331    32.750    70.000     0.009      82      31   110.0    34.0
   104.788    32.319    32.750    70.000     0.010      23      31   112.0    34.0
   105.709    32.961    30.870    70.000     0.025      11       2     0.0    32.0
   105.693    32.949    30.870    70.000     0.031       9       4     2.0    32.0
   105.676    32.938    30.870    70.000     0.046       7       9     4.0    32.0
   105.660    32.926    30.870    70.000     0.054       8       6     6.0    32.0
   105.643    32.915    30.870    70.000     0.087      36      12     8.0    32.0
   105.627    32.903    30.870    70.000     0.103      36       6    10.0    32.0
   105.610    32.892    30.870    70.000     0.074      37       6    12.0    32.0
   105.594    32.880    30.870    70.000     0.017      35       5    14.0    32.0
   105.578    32.869    30.870    70.000     0.030      91       4    16.0    32.0
   105.561    32.858    30.870    70.000     0.033      90       4    18.0    32.0
   105.545    32.846    30.870    70.000     0.020      25       1    20.0    32.0
   105.528    32.835    30.870    70.000     0.021      24       1    22.0    32.0
   105.512    32.823    30.870    70.000     0.020      36      37    24.0    32.0
   105.495    32.811    30.870    70.000     0.017      22       1    26.0    32.0
   105.479    32.800    30.870    70.000     0.011       2      35    28.0    32.0
   105.462    32.788    30.870    70.000     0.012       1      36    30.0    32.0
   105.446    32.777    30.870    70.000     0.008      91      33    32.0    32.0
   105.430    32.765    30.870    70.000     0.012      90      33    34.0    32.0
   105.413    32.754    30.870    70.000     0.018      88       8    36.0    32.0
   105.397    32.742    30.870    70.000     0.034      88      11    38.0    32.0
   105.380    32.731    30.870    70.000     0.045      90      19    40.0    32.0
   105.364    32.719    30.870    70.000     0.036      89      20    42.0    32.0
   105.348    32.708    30.870    70.000     0.021      89      19    44.0    32.0
   105.331    32.696    30.870    70.000     0.012      91      18    46.0    32.0
   105.315    32.685    30.870    70.000     0.009      91      17    48.0    32.0
   105.298    32.673    30.870    70.000     0.016      98      12    50.0    32.0
   105.282    32.662    30.870    70.000     0.020       7       7    52.0    32.0
   105.266    32.650    30.870    70.000     0.031       5       8    54.0    32.0
   105.249    32.639    30.870    70.000     0.046       4       8    56.0    32.0
   105.233    32.627    30.870    70.000     0.026       6       7    58.0    32.0
   105.216    32.616    30.870    70.000     0.051       8      33    60.0    32.0
   105.200    32.604    30.870    70.000     0.095       7      32    62.0    32.0
   105.184    32.592    30.870    70.000     0.101       6      33    64.0    32.0
   105.167    32.581    30.870    70.000     0.037       6      33    66.0    32.0
   105.151    32.569    30.870    70.000     0.013      96      35    68.0    32.0
   105.135    32.558    30.870    70.000     0.012      71      37    70.0    32.0
   105.118    32.546    30.870    70.000     0.007      69      37    72.0    32.0
   105.102    32.535    30.870    70.000     0.015      93       4    74.0    32.0
   105.086    32.523    30.870    70.000     0.034      94       4    76.0    32.0
   105.069    32.512    30.870    70.000     0.033      93       2    78.0    32.0
   105.053    32.500    30.870    70.000     0.033      49      32    80.0    32.0
   105.037    32.488    30.870    70.000     0.045      50      33    82.0    32.0
   105.020    32.477    30.870    70.000     0.042      50      33    84.0    32.0
   105.004    32.465    30.870    70.000     0.044      98      35    86.0    32.0
   104.988    32.454    30.870    70.000     0.047      97      35    88.0    32.0
   104.971    32.442    30.870    70.000     0.014      97      36    90.0    32.0
   104.955    32.431    30.870    70.000     0.008      73      20    92.0    32.0
   104.939    32.419    30.870    70.000     0.011      77       8    94.0    32.0
   104.923    32.407    30.870    70.000     0.023      48      33    96.0    32.0
   104.906    32.396    30.870    70.000     0.029      96       1    98.0    32.0
   104.890    32.384    30.870    70.000     0.032      97       2   100.0    32.0
   104.874    32.373    30.870    70.000     0.024      95       1   102.0    32.0
   104.857    32.361    30.870    70.000     0.018      36      34   104.0    32.0
   104.841    32.349    30.870    70.000     0.036      37      37   106.0    32.0
   104.825    32.338    30.870    70.000     0.040      37      33   108.0    32.0
   104.809    32.326    30.870    70.000     0.035      21       1   110.0    32.0
   104.792    32.315    30.870    70.000     0.038      96      36   112.0    32.0
   105.714    32.956    28.991    70.000     0.016      96      37     0.0    30.0
   105.697    32.945    28.991    70.000     0.008      95      37     2.0    30.0
   105.681    32.933    28.991    70.000     0.015      45      31     4.0    30.0
   105.665    32.922    28.991    70.000     0.013       2      19     6.0    30.0
   105.648    32.910    28.991    70.000     0.017      10      34     8.0    30.0
   105.632    32.899    28.991    70.000     0.049      10      34    10.0    30.0
   105.615    32.887    28.991    70.000     0.014      65       1    12.0    30.0
   105.599    32.876    28.991    70.000     0.019      64       2    14.0    30.0
   105.582    32.864    28.991    70.000     0.010       6      36    16.0    30.0
   105.566    32.853    28.991    70.000     0.011      51      26    18.0    30.0
   105.549    32.841    28.991    70.000     0.016      98       2    20.0    30.0
   105.533    32.830    28.991    70.000     0.015      98       1    22.0    30.0
   105.516    32.818    28.991    70.000     0.012       6      35    24.0    30.0
   105.500    32.807    28.991    70.000     0.012      75       1    26.0    30.0
   105.484    32.795    28.991    70.000     0.012      27       7    28.0    30.0
   105.467    32.784    28.991    70.000     0.015     100      33    30.0    30.0
   105.451    32.772    28.991    70.000     0.022      32      33    32.0    30.0
   105.434    32.761    28.991    70.000     0.019      98      33    34.0    30.0
   105.418    32.749    28.991    70.000     0.009      61       5    36.0    30.0
   105.401    32.738    28.991    70.000     0.013      59       5    38.0    30.0
   105.385    32.726    28.991    70.000     0.016      58       5    40.0    30.0
   105.369    32.715    28.991    70.000     0.027      15      27    42.0    30.0
   105.352    32.703    28.991    70.000     0.018      18      35    44.0    30.0
   105.336    32.692    28.991    70.000     0.023      18      35    46.0    30.0
   105.319    32.680    28.991    70.000     0.026      19      36    48.0    30.0
   105.303    32.668    28.991    70.000     0.013      89      37    50.0    30.0
   105.287    32.657    28.991    70.000     0.011      46      25    52.0    30.0
   105.270    32.645    28.991    70.000     0.010      77       1    54.0    30.0
   105.254    32.634    28.991    70.000     0.008      61      37    56.0    30.0
   105.237    32.622    28.991    70.000     0.010      46       1    58.0    30.0
   105.221    32.611    28.991    70.000     0.020      47       1    60.0    30.0
   105.205    32.599    28.991    70.000     0.013      45       1    62.0    30.0
   105.188    32.588    28.991    70.000     0.017      10      29    64.0    30.0
   105.172    32.576    28.991    70.000     0.039       7      23    66.0    30.0
   105.156    32.565    28.991    70.000     0.036       7      30    68.0    30.0
   105.139    32.553    28.991    70.000     0.026       8      32    70.0    30.0
   105.123    32.541    28.991    70.000     0.018      35      16    72.0    30.0
   105.107    32.530    28.991    70.000     0.022      35      10    74.0    30.0
   105.090    32.518    28.991    70.000     0.007      35       7    76.0    30.0
   105.074    32.507    28.991    70.000     0.010      36       6    78.0    30.0
   105.058    32.495    28.991    70.000     0.019      61      34    80.0    30.0
   105.041    32.484    28.991    70.000     0.012      60      35    82.0    30.0
   105.025    32.472    28.991    70.000     0.007      11       3    84.0    30.0
   105.009    32.461    28.991    70.000     0.008      82       1    86.0    30.0
   104.992    32.449    28.991    70.000     0.010      22      37    88.0    30.0
   104.976    32.437    28.991    70.000     0.014      23      37    90.0    30.0
   104.960    32.426    28.991    70.000     0.008      63       2    92.0    30.0
   104.943    32.414    28.991    70.000     0.008      61       2    94.0    30.0
   104.927    32.403    28.991    70.000     0.018      63       2    96.0    30.0
   104.911    32.391    28.991    70.000     0.034      64       4    98.0    30.0
   104.895    32.379    28.991    70.000     0.032      63       3   100.0    30.0
   104.878    32.368    28.991    70.000     0.019      61       2   102.0    30.0
   104.862    32.356    28.991    70.000     0.023      35       2   104.0    30.0
   104.846    32.345    28.991    70.000     0.017      23      37   106.0    30.0
   104.829    32.333    28.991    70.000     0.014      25      37   108.0    30.0
   104.813    32.321    28.991    70.000     0.015      77      19   110.0    30.0
   104.797    32.310    28.991    70.000     0.040     100      29   112.0    30.0
   105.719    32.951    27.111    70.000     0.121       3       1     0.0    28.0
   105.702    32.940    27.111    70.000     0.107       2       1     2.0    28.0
   105.686    32.928    27.111    70.000     0.035      48      36     4.0    28.0
   105.669    32.917    27.111    70.000     0.030      44      37     6.0    28.0
   105.653    32.905    27.111    70.000     0.028      45      36     8.0    28.0
   105.636    32.894    27.111    70.000     0.016      54       4    10.0    28.0
   105.620    32.882    27.111    70.000     0.041      17       8    12.0    28.0
   105.603    32.871    27.111    70.000     0.084      17      12    14.0    28.0
   105.587    32.860    27.111    70.000     0.092      17       8    16.0    28.0
   105.570    32.848    27.111    70.000     0.043      18       7    18.0    28.0
   105.554    32.837    27.111    70.000     0.026      17       5    20.0    28.0
   105.537    32.825    27.111    70.000     0.008     100       2    22.0    28.0
   105.521    32.813    27.111    70.000     0.020      14      33    24.0    28.0
   105.505    32.802    27.111    70.000     0.026       3       1    26.0    28.0
   105.488    32.790    27.111    70.000     0.026       1       1    28.0    28.0
   105.472    32.779    27.111    70.000     0.016      35      17    30.0    28.0
   105.455    32.767    27.111    70.000     0.023      36      18    32.0    28.0
   105.439    32.756    27.111    70.000     0.020     100      37    34.0    28.0
   105.422    32.744    27.111    70.000     0.015       7      28    36.0    28.0
   105.406    32.733    27.111    70.000     0.022      40       5    38.0    28.0
   105.390    32.721    27.111    70.000     0.022      41       3    40.0    28.0
   105.373    32.710    27.111    70.000     0.014      54      36    42.0    28.0
   105.357    32.698    27.111    70.000     0.011      10      22    44.0    28.0
   105.340    32.687    27.111    70.000     0.012      11      21    46.0    28.0
   105.324    32.675    27.111    70.000     0.007      57      36    48.0    28.0
   105.308    32.664    27.111    70.000     0.009     100      32    50.0    28.0
   105.291    32.652    27.111    70.000     0.010      12      35    52.0    28.0
   105.275    32.641    27.111    70.000     0.017      46       7    54.0    28.0
   105.259    32.629    27.111    70.000     0.035      21      13    56.0    28.0
   105.242    32.618    27.111    70.000     0.031      21      10    58.0    28.0
   105.226    32.606    27.111    70.000     0.029      19      34    60.0    28.0
   105.209    32.595    27.111    70.000     0.055      18      33    62.0    28.0
   105.193    32.583    27.111    70.000     0.027      18      32    64.0    28.0
   105.177    32.571    27.111    70.000     0.013      21      33    66.0    28.0
   105.160    32.560    27.111    70.000     0.009      63       7    68.0    28.0
   105.144    32.548    27.111    70.000     0.012      58       4    70.0    28.0
   105.128    32.537    27.111    70.000     0.010      58       3    72.0    28.0
   105.111    32.525    27.111    70.000     0.025      36      32    74.0    28.0
   105.095    32.514    27.111    70.000     0.063      36      33    76.0    28.0
   105.079    32.502    27.111    70.000     0.073      35      33    78.0    28.0
   105.062    32.490    27.111    70.000     0.027      33      33    80.0    28.0
   105.046    32.479    27.111    70.000     0.014      33      33    82.0    28.0
   105.030    32.467    27.111    70.000     0.012      33       8    84.0    28.0
   105.013    32.456    27.111    70.000     0.015      34       9    86.0    28.0
   104.997    32.444    27.111    70.000     0.016      86      37    88.0    28.0
   104.981    32.433    27.111    70.000     0.015      61      13    90.0    28.0
   104.964    32.421    27.111    70.000     0.027      62      36    92.0    28.0
   104.948    32.409    27.111    70.000     0.022       1       2    94.0    28.0
   104.932    32.398    27.111    70.000     0.033       1       1    96.0    28.0
   104.916    32.386    27.111    70.000     0.018       1       2    98.0    28.0
   104.899    32.375    27.111    70.000     0.015       1       1   100.0    28.0
   104.883    32.363    27.111    70.000     0.015       1       1   102.0    28.0
   104.867    32.352    27.111    70.000     0.010       8       4   104.0    28.0
   104.850    32.340    27.111    70.000     0.010      36       3   106.0    28.0
   104.834    32.328    27.111    70.000     0.031      37       5   108.0    28.0
   104.818    32.317    27.111    70.000     0.036      37       4   110.0    28.0
   104.802    32.305    27.111    70.000     0.029      94       1   112.0    28.0
   105.723    32.947    25.232    70.000     0.020      72       5     0.0    26.0
   105.707    32.935    25.232    70.000     0.006      69       2     2.0    26.0
   105.690    32.924    25.232    70.000     0.012      20      23     4.0    26.0
   105.674    32.912    25.232    70.000     0.041      21      12     6.0    26.0
   105.657    32.901    25.232    70.000     0.102      19      12     8.0    26.0
   105.641    32.889    25.232    70.000     0.108      20      12    10.0    26.0
   105.624    32.878    25.232    70.000     0.108      20      13    12.0    26.0
   105.608    32.866    25.232    70.000     0.034      19       9    14.0    26.0
   105.592    32.855    25.232    70.000     0.018     100      16    16.0    26.0
   105.575    32.843    25.232    70.000     0.022     100       8    18.0    26.0
   105.559    32.832    25.232    70.000     0.019      98       8    20.0    26.0
   105.542    32.820    25.232    70.000     0.034       5      11    22.0    26.0
   105.526    32.809    25.232    70.000     0.063      78      37    24.0    26.0
   105.509    32.797    25.232    70.000     0.095      79      37    26.0    26.0
   105.493    32.786    25.232    70.000     0.051      79      37    28.0    26.0
   105.476    32.774    25.232    70.000     0.029       8       4    30.0    26.0
   105.460    32.763    25.232    70.000     0.029      42       6    32.0    26.0
   105.444    32.751    25.232    70.000     0.032      73      23    34.0    26.0
   105.427    32.740    25.232    70.000     0.056      75       5    36.0    26.0
   105.411    32.728    25.232    70.000     0.085      76       5    38.0    26.0
   105.394    32.717    25.232    70.000     0.066      77       5    40.0    26.0
   105.378    32.705    25.232    70.000     0.030      74       5    42.0    26.0
   105.362    32.694    25.232    70.000     0.019      75       5    44.0    26.0
   105.345    32.682    25.232    70.000     0.030      12      36    46.0    26.0
   105.329    32.671    25.232    70.000     0.018      11      36    48.0    26.0
   105.312    32.659    25.232    70.000     0.016      13      36    50.0    26.0
   105.296    32.647    25.232    70.000     0.011      12      31    52.0    26.0
   105.280    32.636    25.232    70.000     0.015      59       7    54.0    26.0
   105.263    32.624    25.232    70.000     0.021      20      34    56.0    26.0
   105.247    32.613    25.232    70.000     0.023      20      34    58.0    26.0
   105.230    32.601    25.232    70.000     0.033      22      33    60.0    26.0
   105.214    32.590    25.232    70.000     0.033      35       1    62.0    26.0
   105.198    32.578    25.232    70.000     0.042      18      29    64.0    26.0
   105.181    32.567    25.232    70.000     0.027      47      37    66.0    26.0
   105.165    32.555    25.232    70.000     0.037      47      37    68.0    26.0
   105.149    32.544    25.232    70.000     0.018      47      37    70.0    26.0
   105.132    32.532    25.232    70.000     0.015      47      37    72.0    26.0
   105.116    32.520    25.232    70.000     0.019      44      37    74.0    26.0
   105.100    32.509    25.232    70.000     0.020       3      34    76.0    26.0
   105.083    32.497    25.232    70.000     0.019       7      31    78.0    26.0
   105.067    32.486    25.232    70.000     0.017       7      29    80.0    26.0
   105.051    32.474    25.232    70.000     0.016      36      30    82.0    26.0
   105.034    32.463    25.232    70.000     0.033      37      28    84.0    26.0
   105.018    32.451    25.232    70.000     0.028      37      27    86.0    26.0
   105.002    32.439    25.232    70.000     0.018      36      16    88.0    26.0
   104.985    32.428    25.232    70.000     0.010      32      27    90.0    26.0
   104.969    32.416    25.232    70.000     0.010      33      18    92.0    26.0
   104.953    32.405    25.232    70.000     0.009      64      34    94.0    26.0
   104.937    32.393    25.232    70.000     0.014      65      36    96.0    26.0
   104.920    32.382    25.232    70.000     0.012      65      36    98.0    26.0
   104.904    32.370    25.232    70.000     0.020      66      36   100.0    26.0
   104.888    32.358    25.232    70.000     0.022      65      36   102.0    26.0
   104.871    32.347    25.232    70.000     0.016      63      36   104.0    26.0
   104.855    32.335    25.232    70.000     0.022       3       1   106.0    26.0
   104.839    32.324    25.232    70.000     0.019      72       6   108.0    26.0
   104.823    32.312    25.232    70.000     0.013       6       2   110.0    26.0
   104.806    32.300    25.232    70.000     0.008      89      22   112.0    26.0
   105.728    32.942    23.353    70.000     0.027      36      37     0.0    24.0
   105.711    32.930    23.353    70.000     0.061      33      37     2.0    24.0
   105.695    32.919    23.353    70.000     0.090      32      37     4.0    24.0
   105.678    32.907    23.353    70.000     0.050      32      37     6.0    24.0
   105.662    32.896    23.353    70.000     0.009      35      37     8.0    24.0
   105.646    32.884    23.353    70.000     0.010       7       3    10.0    24.0
   105.629    32.873    23.353    70.000     0.035       7       3    12.0    24.0
   105.613    32.861    23.353    70.000     0.052       8       3    14.0    24.0
   105.596    32.850    23.353    70.000     0.039       7       3    16.0    24.0
   105.580    32.839    23.353    70.000     0.029      65      16    18.0    24.0
   105.563    32.827    23.353    70.000     0.041      66       6    20.0    24.0
   105.547    32.816    23.353    70.000     0.064      62       1    22.0    24.0
   105.530    32.804    23.353    70.000     0.031      50      37    24.0    24.0
   105.514    32.792    23.353    70.000     0.018      51      37    26.0    24.0
   105.497    32.781    23.353    70.000     0.014      84      35    28.0    24.0
   105.481    32.769    23.353    70.000     0.019      20       5    30.0    24.0
   105.465    32.758    23.353    70.000     0.041      20       7    32.0    24.0
   105.448    32.746    23.353    70.000     0.030      19      11    34.0    24.0
   105.432    32.735    23.353    70.000     0.014      46       9    36.0    24.0
   105.415    32.723    23.353    70.000     0.019      84       5    38.0    24.0
   105.399    32.712    23.353    70.000     0.031      84       4    40.0    24.0
   105.383    32.700    23.353    70.000     0.019      82       3    42.0    24.0
   105.366    32.689    23.353    70.000     0.013      82       3    44.0    24.0
   105.350    32.677    23.353    70.000     0.007      70      36    46.0    24.0
   105.333    32.666    23.353    70.000     0.007      28      34    48.0    24.0
   105.317    32.654    23.353    70.000     0.006      28      34    50.0    24.0
   105.301    32.643    23.353    70.000     0.010       9       7    52.0    24.0
   105.284    32.631    23.353    70.000     0.016      93       9    54.0    24.0
   105.268    32.620    23.353    70.000     0.016      29      30    56.0    24.0
   105.251    32.608    23.353    70.000     0.019      31      24    58.0    24.0
   105.235    32.597    23.353    70.000     0.012      64      30    60.0    24.0
   105.219    32.585    23.353    70.000     0.011      55       8    62.0    24.0
   105.202    32.573    23.353    70.000     0.008      25      12    64.0    24.0
   105.186    32.562    23.353    70.000     0.012      20      25    66.0    24.0
   105.170    32.550    23.353    70.000     0.017      19      29    68.0    24.0
   105.153    32.539    23.353    70.000     0.013      17      35    70.0    24.0
   105.137    32.527    23.353    70.000     0.015      16      35    72.0    24.0
   105.121    32.516    23.353    70.000     0.021      20      34    74.0    24.0
   105.104    32.504    23.353    70.000     0.029      18      35    76.0    24.0
   105.088    32.493    23.353    70.000     0.016      50      37    78.0    24.0
   105.072    32.481    23.353    70.000     0.023      48      36    80.0    24.0
   105.055    32.469    23.353    70.000     0.028      46      36    82.0    24.0
   105.039    32.458    23.353    70.000     0.017      81      37    84.0    24.0
   105.023    32.446    23.353    70.000     0.030      80      37    86.0    24.0
   105.006    32.435    23.353    70.000     0.046      65       1    88.0    24.0
   104.990    32.423    23.353    70.000     0.061      66       1    90.0    24.0
   104.974    32.412    23.353    70.000     0.044      66       1    92.0    24.0
   104.957    32.400    23.353    70.000     0.016      65       1    94.0    24.0
   104.941    32.388    23.353    70.000     0.004      99      37    96.0    24.0
   104.925    32.377    23.353    70.000     0.008      96      37    98.0    24.0
   104.909    32.365    23.353    70.000     0.021      97      37   100.0    24.0
   104.892    32.354    23.353    70.000     0.030      99      37   102.0    24.0
   104.876    32.342    23.353    70.000     0.031      98      37   104.0    24.0
   104.860    32.330    23.353    70.000     0.019      99      37   106.0    24.0
   104.844    32.319    23.353    70.000     0.017     100      37   108.0    24.0
   104.827    32.307    23.353    70.000     0.037      98      37   110.0    24.0
   104.811    32.296    23.353    70.000     0.013      19      28   112.0    24.0
   105.733    32.937    21.473    70.000     0.026      18      26     0.0    22.0
   105.716    32.926    21.473    70.000     0.030      19      19     2.0    22.0
   105.700    32.914    21.473    70.000     0.034      55       3     4.0    22.0
   105.683    32.903    21.473    70.000     0.016      56       3     6.0    22.0
   105.667    32.891    21.473    70.000     0.009      62      11     8.0    22.0
   105.650    32.880    21.473    70.000     0.011      30      36    10.0    22.0
   105.634    32.868    21.473    70.000     0.025      28      36    12.0    22.0
   105.617    32.857    21.473    70.000     0.044      64       8    14.0    22.0
   105.601    32.845    21.473    70.000     0.017      62       9    16.0    22.0
   105.584    32.834    21.473    70.000     0.024      67      16    18.0    22.0
   105.568    32.822    21.473    70.000     0.016      66      17    20.0    22.0
   105.551    32.811    21.473    70.000     0.021      62      34    22.0    22.0
   105.535    32.799    21.473    70.000     0.023      62      35    24.0    22.0
   105.519    32.788    21.473    70.000     0.018      92      35    26.0    22.0
   105.502    32.776    21.473    70.000     0.017      25       2    28.0    22.0
   105.486    32.765    21.473    70.000     0.017      88      35    30.0    22.0
   105.469    32.753    21.473    70.000     0.016      32       2    32.0    22.0
   105.453    32.742    21.473    70.000     0.009      31       2    34.0    22.0
   105.436    32.730    21.473    70.000     0.013      33       2    36.0    22.0
   105.420    32.719    21.473    70.000     0.010      62       3    38.0    22.0
   105.404    32.707    21.473    70.000     0.009      82      37    40.0    22.0
   105.387    32.696    21.473    70.000     0.014      80      36    42.0    22.0
   105.371    32.684    21.473    70.000     0.017      81      37    44.0    22.0
   105.354    32.673    21.473    70.000     0.018       1      37    46.0    22.0
   105.338    32.661    21.473    70.000     0.016      95       1    48.0    22.0
   105.322    32.650    21.473    70.000     0.013      89       4    50.0    22.0
   105.305    32.638    21.473    70.000     0.015      91       4    52.0    22.0
   105.289    32.626    21.473    70.000     0.027      40      34    54.0    22.0
   105.273    32.615    21.473    70.000     0.059      39      33    56.0    22.0
   105.256    32.603    21.473    70.000     0.049      37      33    58.0    22.0
   105.240    32.592    21.473    70.000     0.031      35      33    60.0    22.0
   105.223    32.580    21.473    70.000     0.014      24       1    62.0    22.0
   105.207    32.569    21.473    70.000     0.015      92      37    64.0    22.0
   105.191    32.557    21.473    70.000     0.034      92      37    66.0    22.0
   105.174    32.546    21.473    70.000     0.039      92      37    68.0    22.0
   105.158    32.534    21.473    70.000     0.045      91      37    70.0    22.0
   105.142    32.523    21.473    70.000     0.033       1       3    72.0    22.0
   105.125    32.511    21.473    70.000     0.027       2       3    74.0    22.0
   105.109    32.499    21.473    70.000     0.021       1       3    76.0    22.0
   105.093    32.488    21.473    70.000     0.006      59      37    78.0    22.0
   105.076    32.476    21.473    70.000     0.003      57      36    80.0    22.0
   105.060    32.465    21.473    70.000     0.012      89       7    82.0    22.0
   105.044    32.453    21.473    70.000     0.014      87       7    84.0    22.0
   105.027    32.442    21.473    70.000     0.021      88      11    86.0    22.0
   105.011    32.430    21.473    70.000     0.013      85      11    88.0    22.0
   104.995    32.418    21.473    70.000     0.007      81      33    90.0    22.0
   104.978    32.407    21.473    70.000     0.014      52       6    92.0    22.0
   104.962    32.395    21.473    70.000     0.021      51       7    94.0    22.0
   104.946    32.384    21.473    70.000     0.020      56      37    96.0    22.0
   104.930    32.372    21.473    70.000     0.025      55      37    98.0    22.0
   104.913    32.361    21.473    70.000     0.017      53      37   100.0    22.0
   104.897    32.349    21.473    70.000     0.013      57      37   102.0    22.0
   104.881    32.337    21.473    70.000     0.017      41       1   104.0    22.0
   104.864    32.326    21.473    70.000     0.020      21       2   106.0    22.0
   104.848    32.314    21.473    70.000     0.027      22       2   108.0    22.0
   104.832    32.303    21.473    70.000     0.022      21       2   110.0    22.0
   104.816    32.291    21.473    70.000     0.028      76      30   112.0    22.0
   105.737    32.932    19.594    70.000     0.028       1      37     0.0    20.0
   105.721    32.921    19.594    70.000     0.011      26      36     2.0    20.0
   105.704    32.909    19.594    70.000     0.015      23      37     4.0    20.0
   105.688    32.898    19.594    70.000     0.018       2       5     6.0    20.0
   105.671    32.886    19.594    70.000     0.047      66       3     8.0    20.0
   105.655    32.875    19.594    70.000     0.055       2       8    10.0    20.0
   105.638    32.863    19.594    70.000     0.052       3       4    12.0    20.0
   105.622    32.852    19.594    70.000     0.036      31      26    14.0    20.0
   105.605    32.840    19.594    70.000     0.035      31      12    16.0    20.0
   105.589    32.829    19.594    70.000     0.027      33       5    18.0    20.0
   105.573    32.818    19.594    70.000     0.028      30       5    20.0    20.0
   105.556    32.806    19.594    70.000     0.024      76       1    22.0    20.0
   105.540    32.795    19.594    70.000     0.037      77       1    24.0    20.0
   105.523    32.783    19.594    70.000     0.024      64      37    26.0    20.0
   105.507    32.771    19.594    70.000     0.014      62      37    28.0    20.0
   105.490    32.760    19.594    70.000     0.008      61      37    30.0    20.0
   105.474    32.748    19.594    70.000     0.018      54      34    32.0    20.0
   105.458    32.737    19.594    70.000     0.034      53      34    34.0    20.0
   105.441    32.725    19.594    70.000     0.008      81      34    36.0    20.0
   105.425    32.714    19.594    70.000     0.006      82      33    38.0    20.0
   105.408    32.702    19.594    70.000     0.005      88      34    40.0    20.0
   105.392    32.691    19.594    70.000     0.006      90      21    42.0    20.0
   105.375    32.679    19.594    70.000     0.005      42      37    44.0    20.0
   105.359    32.668    19.594    70.000     0.010      69      35    46.0    20.0
   105.343    32.656    19.594    70.000     0.012      70      35    48.0    20.0
   105.326    32.645    19.594    70.000     0.016      53       1    50.0    20.0
   105.310    32.633    19.594    70.000     0.011      68      33    52.0    20.0
   105.294    32.622    19.594    70.000     0.005      54       1    54.0    20.0
   105.277    32.610    19.594    70.000     0.008      43      29    56.0    20.0
   105.261    32.599    19.594    70.000     0.010       1      14    58.0    20.0
   105.244    32.587    19.594    70.000     0.015       1      16    60.0    20.0
   105.228    32.576    19.594    70.000     0.030       1      19    62.0    20.0
   105.212    32.564    19.594    70.000     0.014       1      32    64.0    20.0
   105.195    32.552    19.594    70.000     0.012       1      33    66.0    20.0
   105.179    32.541    19.594    70.000     0.013       1      29    68.0    20.0
   105.163    32.529    19.594    70.000     0.009      38       4    70.0    20.0
   105.146    32.518    19.594    70.000     0.018      38       4    72.0    20.0
   105.130    32.506    19.594    70.000     0.028      97      34    74.0    20.0
   105.114    32.495    19.594    70.000     0.025      85       2    76.0    20.0
   105.097    32.483    19.594    70.000     0.041       2       1    78.0    20.0
   105.081    32.472    19.594    70.000     0.035      14      31    80.0    20.0
   105.065    32.460    19.594    70.000     0.027      13      32    82.0    20.0
   105.048    32.448    19.594    70.000     0.021      13      28    84.0    20.0
   105.032    32.437    19.594    70.000     0.021      43      33    86.0    20.0
   105.016    32.425    19.594    70.000     0.017      66      37    88.0    20.0
   104.999    32.414    19.594    70.000     0.027      64      37    90.0    20.0
   104.983    32.402    19.594    70.000     0.010      81       3    92.0    20.0
   104.967    32.391    19.594    70.000     0.017      81       3    94.0    20.0
   104.951    32.379    19.594    70.000     0.007      79       1    96.0    20.0
   104.934    32.367    19.594    70.000     0.005      83       4    98.0    20.0
   104.918    32.356    19.594    70.000     0.011      88       9   100.0    20.0
   104.902    32.344    19.594    70.000     0.014      87      12   102.0    20.0
   104.885    32.333    19.594    70.000     0.022      78       1   104.0    20.0
   104.869    32.321    19.594    70.000     0.031      76       1   106.0    20.0
   104.853    32.309    19.594    70.000     0.054      88      37   108.0    20.0
   104.837    32.298    19.594    70.000     0.045      88      37   110.0    20.0
   104.820    32.286    19.594    70.000     0.016      88      35   112.0    20.0
   105.742    32.928    17.714    70.000     0.009       5      29     0.0    18.0
   105.725    32.916    17.714    70.000     0.010      71       7     2.0    18.0
   105.709    32.905    17.714    70.000     0.011      14      36     4.0    18.0
   105.692    32.893    17.714    70.000     0.012      42       7     6.0    18.0
   105.676    32.882    17.714    70.000     0.024      18      36     8.0    18.0
   105.660    32.870    17.714    70.000     0.021      20      36    10.0    18.0
   105.643    32.859    17.714    70.000     0.025      20      37    12.0    18.0
   105.627    32.847    17.714    70.000     0.012      20      36    14.0    18.0
   105.610    32.836    17.714    70.000     0.011      72      33    16.0    18.0
   105.594    32.824    17.714    70.000     0.013      72      33    18.0    18.0
   105.577    32.813    17.714    70.000     0.019      16       1    20.0    18.0
   105.561    32.801    17.714    70.000     0.063      45       1    22.0    18.0
   105.544    32.790    17.714    70.000     0.065      45       1    24.0    18.0
   105.528    32.778    17.714    70.000     0.051      44       1    26.0    18.0
   105.511    32.767    17.714    70.000     0.040      45       1    28.0    18.0
   105.495    32.755    17.714    70.000     0.014      58      30    30.0    18.0
   105.479    32.744    17.714    70.000     0.013      60      30    32.0    18.0
   105.462    32.732    17.714    70.000     0.022      89      32    34.0    18.0
   105.446    32.721    17.714    70.000     0.019      31       9    36.0    18.0
   105.429    32.709    17.714    70.000     0.035      30       5    38.0    18.0
   105.413    32.698    17.714    70.000     0.029      31       3    40.0    18.0
   105.397    32.686    17.714    70.000     0.023      30       3    42.0    18.0
   105.380    32.675    17.714    70.000     0.018      31       5    44.0    18.0
   105.364    32.663    17.714    70.000     0.015      31       4    46.0    18.0
   105.347    32.652    17.714    70.000     0.010       3       2    48.0    18.0
   105.331    32.640    17.714    70.000     0.011      78       4    50.0    18.0
   105.315    32.629    17.714    70.000     0.010      79       4    52.0    18.0
   105.298    32.617    17.714    70.000     0.017     100       4    54.0    18.0
   105.282    32.605    17.714    70.000     0.016      76       7    56.0    18.0
   105.265    32.594    17.714    70.000     0.019      76      28    58.0    18.0
   105.249    32.582    17.714    70.000     0.020      75      27    60.0    18.0
   105.233    32.571    17.714    70.000     0.009      79      36    62.0    18.0
   105.216    32.559    17.714    70.000     0.022      16       1    64.0    18.0
   105.200    32.548    17.714    70.000     0.047      16       1    66.0    18.0
   105.184    32.536    17.714    70.000     0.039      15       1    68.0    18.0
   105.167    32.525    17.714    70.000     0.045      17       1    70.0    18.0
   105.151    32.513    17.714    70.000     0.057      29      37    72.0    18.0
   105.135    32.502    17.714    70.000     0.037      15       1    74.0    18.0
   105.118    32.490    17.714    70.000     0.014      16       1    76.0    18.0
   105.102    32.478    17.714    70.000     0.007      77      31    78.0    18.0
   105.086    32.467    17.714    70.000     0.011      78      31    80.0    18.0
   105.069    32.455    17.714    70.000     0.019      78      29    82.0    18.0
   105.053    32.444    17.714    70.000     0.030      53      30    84.0    18.0
   105.037    32.432    17.714    70.000     0.037      77       6    86.0    18.0
   105.020    32.421    17.714    70.000     0.033      45       1    88.0    18.0
   105.004    32.409    17.714    70.000     0.012      45       1    90.0    18.0
   104.988    32.397    17.714    70.000     0.007      32      37    92.0    18.0
   104.971    32.386    17.714    70.000     0.012      91       2    94.0    18.0
   104.955    32.374    17.714    70.000     0.027      93       2    96.0    18.0
   104.939    32.363    17.714    70.000     0.049      92       2    98.0    18.0
   104.923    32.351    17.714    70.000     0.041      91       2   100.0    18.0
   104.906    32.339    17.714    70.000     0.022      90       2   102.0    18.0
   104.890    32.328    17.714    70.000     0.017      87       3   104.0    18.0
   104.874    32.316    17.714    70.000     0.020      49      28   106.0    18.0
   104.858    32.305    17.714    70.000     0.019      88       5   108.0    18.0
   104.841    32.293    17.714    70.000     0.048      93      29   110.0    18.0
   104.825    32.282    17.714    70.000     0.046      91      30   112.0    18.0
   105.747    32.923    15.835    70.000     0.057       4      14     0.0    16.0
   105.730    32.911    15.835    70.000     0.062       4       6     2.0    16.0
   105.714    32.900    15.835    70.000     0.034       4      10     4.0    16.0
   105.697    32.888    15.835    70.000     0.008       1       6     6.0    16.0
   105.681    32.877    15.835    70.000     0.015      84       1     8.0    16.0
   105.664    32.865    15.835    70.000     0.014      78       4    10.0    16.0
   105.648    32.854    15.835    70.000     0.032      76       4    12.0    16.0
   105.631    32.842    15.835    70.000     0.091      17       7    14.0    16.0
   105.615    32.831    15.835    70.000     0.076      17      13    16.0    16.0
   105.598    32.819    15.835    70.000     0.051      18       8    18.0    16.0
   105.582    32.808    15.835    70.000     0.041      19      20    20.0    16.0
   105.565    32.797    15.835    70.000     0.022      19      30    22.0    16.0
   105.549    32.785    15.835    70.000     0.015      96       2    24.0    16.0
   105.533    32.774    15.835    70.000     0.025       2       7    26.0    16.0
   105.516    32.762    15.835    70.000     0.041      92       5    28.0    16.0
   105.500    32.750    15.835    70.000     0.042      91       5    30.0    16.0
   105.483    32.739    15.835    70.000     0.038      89       5    32.0    16.0
   105.467    32.727    15.835    70.000     0.043      64      20    34.0    16.0
   105.450    32.716    15.835    70.000     0.031      65      21    36.0    16.0
   105.434    32.704    15.835    70.000     0.009      90       5    38.0    16.0
   105.418    32.693    15.835    70.000     0.007      38       3    40.0    16.0
   105.401    32.681    15.835    70.000     0.007      40       3    42.0    16.0
   105.385    32.670    15.835    70.000     0.013      43       2    44.0    16.0
   105.368    32.658    15.835    70.000     0.043      73       3    46.0    16.0
   105.352    32.647    15.835    70.000     0.035      71       3    48.0    16.0
   105.336    32.635    15.835    70.000     0.030      72       3    50.0    16.0
   105.319    32.624    15.835    70.000     0.036      63      37    52.0    16.0
   105.303    32.612    15.835    70.000     0.026      62      37    54.0    16.0
   105.287    32.601    15.835    70.000     0.011      23      36    56.0    16.0
   105.270    32.589    15.835    70.000     0.011      21      37    58.0    16.0
   105.254    32.578    15.835    70.000     0.020       5       2    60.0    16.0
   105.237    32.566    15.835    70.000     0.016       5       7    62.0    16.0
   105.221    32.555    15.835    70.000     0.023       5       9    64.0    16.0
   105.205    32.543    15.835    70.000     0.019      90       1    66.0    16.0
   105.188    32.531    15.835    70.000     0.019      70      35    68.0    16.0
   105.172    32.520    15.835    70.000     0.047       3      32    70.0    16.0
   105.156    32.508    15.835    70.000     0.040       1      33    72.0    16.0
   105.139    32.497    15.835    70.000     0.033       1      34    74.0    16.0
   105.123    32.485    15.835    70.000     0.035      90      30    76.0    16.0
   105.107    32.474    15.835    70.000     0.043      90      29    78.0    16.0
   105.090    32.462    15.835    70.000     0.027      62      34    80.0    16.0
   105.074    32.451    15.835    70.000     0.049      29      29    82.0    16.0
   105.058    32.439    15.835    70.000     0.032      28      30    84.0    16.0
   105.041    32.427    15.835    70.000     0.039      60      31    86.0    16.0
   105.025    32.416    15.835    70.000     0.017      35      37    88.0    16.0
   105.009    32.404    15.835    70.000     0.022      32      36    90.0    16.0
   104.992    32.393    15.835    70.000     0.028      36      37    92.0    16.0
   104.976    32.381    15.835    70.000     0.029      23       1    94.0    16.0
   104.960    32.370    15.835    70.000     0.030      22       1    96.0    16.0
   104.944    32.358    15.835    70.000     0.034       9      26    98.0    16.0
   104.927    32.346    15.835    70.000     0.038      10      14   100.0    16.0
   104.911    32.335    15.835    70.000     0.021      81      37   102.0    16.0
   104.895    32.323    15.835    70.000     0.019      79      37   104.0    16.0
   104.878    32.312    15.835    70.000     0.017      97       3   106.0    16.0
   104.862    32.300    15.835    70.000     0.027       6       4   108.0    16.0
   104.846    32.288    15.835    70.000     0.017       5       4   110.0    16.0
   104.830    32.277    15.835    70.000     0.017      37       2   112.0    16.0
   105.751    32.918    13.956    70.000     0.021       7      35     0.0    14.0
   105.735    32.907    13.956    70.000     0.028       7      36     2.0    14.0
   105.718    32.895    13.956    70.000     0.037       7      36     4.0    14.0
   105.702    32.884    13.956    70.000     0.052       9      36     6.0    14.0
   105.685    32.872    13.956    70.000     0.066       7      36     8.0    14.0
   105.669    32.861    13.956    70.000     0.052       7      36    10.0    14.0
   105.652    32.849    13.956    70.000     0.034       7      35    12.0    14.0
   105.636    32.838    13.956    70.000     0.029      23       1    14.0    14.0
   105.619    32.826    13.956    70.000     0.014      90      29    16.0    14.0
   105.603    32.815    13.956    70.000     0.024      88       2    18.0    14.0
   105.587    32.803    13.956    70.000     0.022      89       2    20.0    14.0
   105.570    32.792    13.956    70.000     0.034      51      37    22.0    14.0
   105.554    32.780    13.956    70.000     0.043      50      37    24.0    14.0
   105.537    32.769    13.956    70.000     0.069      34       1    26.0    14.0
   105.521    32.757    13.956    70.000     0.052      34       1    28.0    14.0
   105.504    32.746    13.956    70.000     0.016      34       1    30.0    14.0
   105.488    32.734    13.956    70.000     0.005      71      14    32.0    14.0
   105.472    32.723    13.956    70.000     0.015      75       6    34.0    14.0
   105.455    32.711    13.956    70.000     0.021      74       5    36.0    14.0
   105.439    32.700    13.956    70.000     0.042      49       3    38.0    14.0
   105.422    32.688    13.956    70.000     0.037      76       3    40.0    14.0
   105.406    32.677    13.956    70.000     0.030      75       4    42.0    14.0
   105.389    32.665    13.956    70.000     0.015      87      36    44.0    14.0
   105.373    32.654    13.956    70.000     0.012      13      32    46.0    14.0
   105.357    32.642    13.956    70.000     0.025       1       1    48.0    14.0
   105.340    32.631    13.956    70.000     0.014       1       1    50.0    14.0
   105.324    32.619    13.956    70.000     0.011       1       1    52.0    14.0
   105.308    32.607    13.956    70.000     0.021      88      10    54.0    14.0
   105.291    32.596    13.956    70.000     0.029      88      20    56.0    14.0
   105.275    32.584    13.956    70.000     0.022      90      28    58.0    14.0
   105.258    32.573    13.956    70.000     0.026       6       1    60.0    14.0
   105.242    32.561    13.956    70.000     0.010      26      34    62.0    14.0
   105.226    32.550    13.956    70.000     0.007      22      37    64.0    14.0
   105.209    32.538    13.956    70.000     0.006      54      33    66.0    14.0
   105.193    32.527    13.956    70.000     0.011      77      31    68.0    14.0
   105.177    32.515    13.956    70.000     0.012      75      29    70.0    14.0
   105.160    32.504    13.956    70.000     0.015      31       1    72.0    14.0
   105.144    32.492    13.956    70.000     0.015      74      30    74.0    14.0
   105.128    32.480    13.956    70.000     0.011      71       3    76.0    14.0
   105.111    32.469    13.956    70.000     0.018      73       9    78.0    14.0
   105.095    32.457    13.956    70.000     0.023      73       9    80.0    14.0
   105.079    32.446    13.956    70.000     0.012      72       8    82.0    14.0
   105.062    32.434    13.956    70.000     0.015     100       3    84.0    14.0
   105.046    32.423    13.956    70.000     0.019     100       9    86.0    14.0
   105.030    32.411    13.956    70.000     0.025      99       9    88.0    14.0
   105.013    32.400    13.956    70.000     0.042     100      19    90.0    14.0
   104.997    32.388    13.956    70.000     0.057      99      30    92.0    14.0
   104.981    32.376    13.956    70.000     0.055      99      31    94.0    14.0
   104.965    32.365    13.956    70.000     0.053      95      30    96.0    14.0
   104.948    32.353    13.956    70.000     0.027      97      33    98.0    14.0
   104.932    32.342    13.956    70.000     0.024      66      29   100.0    14.0
   104.916    32.330    13.956    70.000     0.016      63      31   102.0    14.0
   104.899    32.318    13.956    70.000     0.023       8      13   104.0    14.0
   104.883    32.307    13.956    70.000     0.011      38      27   106.0    14.0
   104.867    32.295    13.956    70.000     0.025      35      12   108.0    14.0
   104.851    32.284    13.956    70.000     0.024      35      25   110.0    14.0
   104.834    32.272    13.956    70.000     0.015      34      25   112.0    14.0
   105.756    32.913    12.076    70.000     0.015      85      36     0.0    12.0
   105.739    32.902    12.076    70.000     0.035      85      36     2.0    12.0
   105.723    32.890    12.076    70.000     0.034       4      36     4.0    12.0
   105.706    32.879    12.076    70.000     0.033       5      36     6.0    12.0
   105.690    32.867    12.076    70.000     0.035       5      36     8.0    12.0
   105.673    32.856    12.076    70.000     0.009      53      26    10.0    12.0
   105.657    32.844    12.076    70.000     0.019       6      12    12.0    12.0
   105.641    32.833    12.076    70.000     0.064       6      13    14.0    12.0
   105.624    32.821    12.076    70.000     0.047       7      23    16.0    12.0
   105.608    32.810    12.076    70.000     0.052       4      21    18.0    12.0
   105.591    32.799    12.076    70.000     0.042       5      16    20.0    12.0
   105.575    32.787    12.076    70.000     0.032       7      17    22.0    12.0
   105.558    32.776    12.076    70.000     0.016       8      17    24.0    12.0
   105.542    32.764    12.076    70.000     0.015       7      33    26.0    12.0
   105.525    32.752    12.076    70.000     0.012      84      34    28.0    12.0
   105.509    32.741    12.076    70.000     0.041      81      11    30.0    12.0
   105.493    32.729    12.076    70.000     0.032      80      10    32.0    12.0
   105.476    32.718    12.076    70.000     0.030      82       9    34.0    12.0
   105.460    32.706    12.076    70.000     0.027      80       9    36.0    12.0
   105.443    32.695    12.076    70.000     0.010      83       3    38.0    12.0
   105.427    32.683    12.076    70.000     0.007      33       1    40.0    12.0
   105.411    32.672    12.076    70.000     0.010      46      33    42.0    12.0
   105.394    32.660    12.076    70.000     0.014      22      37    44.0    12.0
   105.378    32.649    12.076    70.000     0.035      21      37    46.0    12.0
   105.361    32.637    12.076    70.000     0.052      21      37    48.0    12.0
   105.345    32.626    12.076    70.000     0.044      92       4    50.0    12.0
   105.329    32.614    12.076    70.000     0.029       8      11    52.0    12.0
   105.312    32.603    12.076    70.000     0.028      88       6    54.0    12.0
   105.296    32.591    12.076    70.000     0.023      87      19    56.0    12.0
   105.279    32.580    12.076    70.000     0.026      57      31    58.0    12.0
   105.263    32.568    12.076    70.000     0.069      59      31    60.0    12.0
   105.247    32.557    12.076    70.000     0.039      61      33    62.0    12.0
   105.230    32.545    12.076    70.000     0.049      61      33    64.0    12.0
   105.214    32.534    12.076    70.000     0.032      61      34    66.0    12.0
   105.198    32.522    12.076    70.000     0.016      17      19    68.0    12.0
   105.181    32.510    12.076    70.000     0.011      16      21    70.0    12.0
   105.165    32.499    12.076    70.000     0.017      18      33    72.0    12.0
   105.149    32.487    12.076    70.000     0.025      79       9    74.0    12.0
   105.132    32.476    12.076    70.000     0.020      80       6    76.0    12.0
   105.116    32.464    12.076    70.000     0.021      79      16    78.0    12.0
   105.100    32.453    12.076    70.000     0.022      50      37    80.0    12.0
   105.083    32.441    12.076    70.000     0.033      50      37    82.0    12.0
   105.067    32.429    12.076    70.000     0.024      49      37    84.0    12.0
   105.051    32.418    12.076    70.000     0.021      36       1    86.0    12.0
   105.034    32.406    12.076    70.000     0.032      22      37    88.0    12.0
   105.018    32.395    12.076    70.000     0.024      21      37    90.0    12.0
   105.002    32.383    12.076    70.000     0.016      20      36    92.0    12.0
   104.985    32.372    12.076    70.000     0.005      61      27    94.0    12.0
   104.969    32.360    12.076    70.000     0.019     100      35    96.0    12.0
   104.953    32.348    12.076    70.000     0.045      40       2    98.0    12.0
   104.937    32.337    12.076    70.000     0.077      39       2   100.0    12.0
   104.920    32.325    12.076    70.000     0.034      37       2   102.0    12.0
   104.904    32.314    12.076    70.000     0.019      27      37   104.0    12.0
   104.888    32.302    12.076    70.000     0.009      76      14   106.0    12.0
   104.872    32.291    12.076    70.000     0.024      74      12   108.0    12.0
   104.855    32.279    12.076    70.000     0.022      73      12   110.0    12.0
   104.839    32.267    12.076    70.000     0.017     100       3   112.0    12.0
   105.761    32.909    10.197    70.000     0.017      57       2     0.0    10.0
   105.744    32.897    10.197    70.000     0.012      58       3     2.0    10.0
   105.728    32.886    10.197    70.000     0.008      59      17     4.0    10.0
   105.711    32.874    10.197    70.000     0.009      88      26     6.0    10.0
   105.695    32.863    10.197    70.000     0.018      87      22     8.0    10.0
   105.678    32.851    10.197    70.000     0.023      59      32    10.0    10.0
   105.662    32.840    10.197    70.000     0.036      62      28    12.0    10.0
   105.645    32.828    10.197    70.000     0.047      35      19    14.0    10.0
   105.629    32.817    10.197    70.000     0.058      35      26    16.0    10.0
   105.612    32.805    10.197    70.000     0.051      36      23    18.0    10.0
   105.596    32.794    10.197    70.000     0.035      11      34    20.0    10.0
   105.579    32.782    10.197    70.000     0.065       9      34    22.0    10.0
   105.563    32.771    10.197    70.000     0.031      36      36    24.0    10.0
   105.547    32.759    10.197    70.000     0.037      11      36    26.0    10.0
   105.530    32.748    10.197    70.000     0.020      11      36    28.0    10.0
   105.514    32.736    10.197    70.000     0.008       4      37    30.0    10.0
   105.497    32.725    10.197    70.000     0.013       6      37    32.0    10.0
   105.481    32.713    10.197    70.000     0.024      96       1    34.0    10.0
   105.464    32.702    10.197    70.000     0.022      97       1    36.0    10.0
   105.448    32.690    10.197    70.000     0.027       1      27    38.0    10.0
   105.432    32.679    10.197    70.000     0.013      98       1    40.0    10.0
   105.415    32.667    10.197    70.000     0.023      55      36    42.0    10.0
   105.399    32.656    10.197    70.000     0.027       1      32    44.0    10.0
   105.382    32.644    10.197    70.000     0.022       1      32    46.0    10.0
   105.366    32.633    10.197    70.000     0.006      39       2    48.0    10.0
   105.350    32.621    10.197    70.000     0.010      83       2    50.0    10.0
   105.333    32.610    10.197    70.000     0.021      82       2    52.0    10.0
   105.317    32.598    10.197    70.000     0.019      84       2    54.0    10.0
   105.300    32.586    10.197    70.000     0.013      16      34    56.0    10.0
   105.284    32.575    10.197    70.000     0.023      17      23    58.0    10.0
   105.268    32.563    10.197    70.000     0.014      17      35    60.0    10.0
   105.251    32.552    10.197    70.000     0.012      16      35    62.0    10.0
   105.235    32.540    10.197    70.000     0.023     100       1    64.0    10.0
   105.219    32.529    10.197    70.000     0.021      19      16    66.0    10.0
   105.202    32.517    10.197    70.000     0.019      18      11    68.0    10.0
   105.186    32.506    10.197    70.000     0.022      91      30    70.0    10.0
   105.170    32.494    10.197    70.000     0.029      93      34    72.0    10.0
   105.153    32.483    10.197    70.000     0.018      91      34    74.0    10.0
   105.137    32.471    10.197    70.000     0.018      38      13    76.0    10.0
   105.121    32.459    10.197    70.000     0.026      38      32    78.0    10.0
   105.104    32.448    10.197    70.000     0.040      38      32    80.0    10.0
   105.088    32.436    10.197    70.000     0.042      38      32    82.0    10.0
   105.072    32.425    10.197    70.000     0.025      97       7    84.0    10.0
   105.055    32.413    10.197    70.000     0.011      95       6    86.0    10.0
   105.039    32.402    10.197    70.000     0.007      20      36    88.0    10.0
   105.023    32.390    10.197    70.000     0.012      21      25    90.0    10.0
   105.006    32.378    10.197    70.000     0.020      20      33    92.0    10.0
   104.990    32.367    10.197    70.000     0.021      21      31    94.0    10.0
   104.974    32.355    10.197    70.000     0.025      19      33    96.0    10.0
   104.958    32.344    10.197    70.000     0.014      47       2    98.0    10.0
   104.941    32.332    10.197    70.000     0.041      45       4   100.0    10.0
   104.925    32.321    10.197    70.000     0.034      45       3   102.0    10.0
   104.909    32.309    10.197    70.000     0.050      47       3   104.0    10.0
   104.892    32.297    10.197    70.000     0.042      48       3   106.0    10.0
   104.876    32.286    10.197    70.000     0.018      62      37   108.0    10.0
   104.860    32.274    10.197    70.000     0.018      48      12   110.0    10.0
   104.844    32.263    10.197    70.000     0.023      64      37   112.0    10.0
   105.765    32.904     8.318    70.000     0.014      92       2     0.0     8.0
   105.749    32.892     8.318    70.000     0.020      92       3     2.0     8.0
   105.732    32.881     8.318    70.000     0.018      94       3     4.0     8.0
   105.716    32.869     8.318    70.000     0.016      94       3     6.0     8.0
   105.699    32.858     8.318    70.000     0.021      23      36     8.0     8.0
   105.683    32.846     8.318    70.000     0.019      21      36    10.0     8.0
   105.666    32.835     8.318    70.000     0.024      45      37    12.0     8.0
   105.650    32.823     8.318    70.000     0.036       2       4    14.0     8.0
   105.633    32.812     8.318    70.000     0.021       2       4    16.0     8.0
   105.617    32.800     8.318    70.000     0.028      99      34    18.0     8.0
   105.601    32.789     8.318    70.000     0.048     100      33    20.0     8.0
   105.584    32.778     8.318    70.000     0.042      99      33    22.0     8.0
   105.568    32.766     8.318    70.000     0.011     100      34    24.0     8.0
   105.551    32.755     8.318    70.000     0.014     100       7    26.0     8.0
   105.535    32.743     8.318    70.000     0.020     100       6    28.0     8.0
   105.518    32.731     8.318    70.000     0.031     100       4    30.0     8.0
   105.502    32.720     8.318    70.000     0.016     100       3    32.0     8.0
   105.485    32.708     8.318    70.000     0.012      98       1    34.0     8.0
   105.469    32.697     8.318    70.000     0.016     100       1    36.0     8.0
   105.453    32.685     8.318    70.000     0.008      99       1    38.0     8.0
   105.436    32.674     8.318    70.000     0.026      87      14    40.0     8.0
   105.420    32.662     8.318    70.000     0.017      86      11    42.0     8.0
   105.403    32.651     8.318    70.000     0.026      84       3    44.0     8.0
   105.387    32.639     8.318    70.000     0.039      86       2    46.0     8.0
   105.371    32.628     8.318    70.000     0.033      85       2    48.0     8.0
   105.354    32.616     8.318    70.000     0.014       2      27    50.0     8.0
   105.338    32.605     8.318    70.000     0.032       1      26    52.0     8.0
   105.322    32.593     8.318    70.000     0.016       1      30    54.0     8.0
   105.305    32.582     8.318    70.000     0.038      76      30    56.0     8.0
   105.289    32.570     8.318    70.000     0.033       2      37    58.0     8.0
   105.272    32.559     8.318    70.000     0.019       3      37    60.0     8.0
   105.256    32.547     8.318    70.000     0.012       3      37    62.0     8.0
   105.240    32.536     8.318    70.000     0.007      98       1    64.0     8.0
   105.223    32.524     8.318    70.000     0.020      66       1    66.0     8.0
   105.207    32.512     8.318    70.000     0.016      73       1    68.0     8.0
   105.191    32.501     8.318    70.000     0.023      72       1    70.0     8.0
   105.174    32.489     8.318    70.000     0.020      70       1    72.0     8.0
   105.158    32.478     8.318    70.000     0.012      53      36    74.0     8.0
   105.142    32.466     8.318    70.000     0.012      64       1    76.0     8.0
   105.125    32.455     8.318    70.000     0.035      61       1    78.0     8.0
   105.109    32.443     8.318    70.000     0.060      61       1    80.0     8.0
   105.093    32.432     8.318    70.000     0.035      61       1    82.0     8.0
   105.076    32.420     8.318    70.000     0.044      56       2    84.0     8.0
   105.060    32.408     8.318    70.000     0.030      56       2    86.0     8.0
   105.044    32.397     8.318    70.000     0.024      53       2    88.0     8.0
   105.027    32.385     8.318    70.000     0.015      52       2    90.0     8.0
   105.011    32.374     8.318    70.000     0.007      66       1    92.0     8.0
   104.995    32.362     8.318    70.000     0.004      66       1    94.0     8.0
   104.979    32.351     8.318    70.000     0.011      19      37    96.0     8.0
   104.962    32.339     8.318    70.000     0.023      20      37    98.0     8.0
   104.946    32.327     8.318    70.000     0.035      21      35   100.0     8.0
   104.930    32.316     8.318    70.000     0.034      19      37   102.0     8.0
   104.913    32.304     8.318    70.000     0.030      22      29   104.0     8.0
   104.897    32.293     8.318    70.000     0.015      20      30   106.0     8.0
   104.881    32.281     8.318    70.000     0.005      53      31   108.0     8.0
   104.865    32.269     8.318    70.000     0.007      29      36   110.0     8.0
   104.848    32.258     8.318    70.000     0.013      29      34   112.0     8.0
   105.770    32.899     6.438    70.000     0.017       6      31     0.0     6.0
   105.753    32.888     6.438    70.000     0.008       7      13     2.0     6.0
   105.737    32.876     6.438    70.000     0.022      39      30     4.0     6.0
   105.720    32.865     6.438    70.000     0.020      37      22     6.0     6.0
   105.704    32.853     6.438    70.000     0.015      36      19     8.0     6.0
   105.687    32.842     6.438    70.000     0.029      21      36    10.0     6.0
   105.671    32.830     6.438    70.000     0.018      21      36    12.0     6.0
   105.655    32.819     6.438    70.000     0.029      70       4    14.0     6.0
   105.638    32.807     6.438    70.000     0.047      23      30    16.0     6.0
   105.622    32.796     6.438    70.000     0.045      23      26    18.0     6.0
   105.605    32.784     6.438    70.000     0.039      19       8    20.0     6.0
   105.589    32.773     6.438    70.000     0.029      30      37    22.0     6.0
   105.572    32.761     6.438    70.000     0.026      61      35    24.0     6.0
   105.556    32.750     6.438    70.000     0.019      62      34    26.0     6.0
   105.539    32.738     6.438    70.000     0.028      62      31    28.0     6.0
   105.523    32.727     6.438    70.000     0.026      62      25    30.0     6.0
   105.507    32.715     6.438    70.000     0.018      66      35    32.0     6.0
   105.490    32.704     6.438    70.000     0.020      92       5    34.0     6.0
   105.474    32.692     6.438    70.000     0.052      91       5    36.0     6.0
   105.457    32.681     6.438    70.000     0.048      91       4    38.0     6.0
   105.441    32.669     6.438    70.000     0.023      91       4    40.0     6.0
   105.425    32.658     6.438    70.000     0.004      25      23    42.0     6.0
   105.408    32.646     6.438    70.000     0.011      17       1    44.0     6.0
   105.392    32.635     6.438    70.000     0.027      17       1    46.0     6.0
   105.375    32.623     6.438    70.000     0.063      19       1    48.0     6.0
   105.359    32.612     6.438    70.000     0.093       4      37    50.0     6.0
   105.343    32.600     6.438    70.000     0.046      16       1    52.0     6.0
   105.326    32.589     6.438    70.000     0.026      18       1    54.0     6.0
   105.310    32.577     6.438    70.000     0.013      70      18    56.0     6.0
   105.293    32.565     6.438    70.000     0.017      69      33    58.0     6.0
   105.277    32.554     6.438    70.000     0.027      70      32    60.0     6.0
   105.261    32.542     6.438    70.000     0.028      44      33    62.0     6.0
   105.244    32.531     6.438    70.000     0.035      42      30    64.0     6.0
   105.228    32.519     6.438    70.000     0.012      74      35    66.0     6.0
   105.212    32.508     6.438    70.000     0.005       5       3    68.0     6.0
   105.195    32.496     6.438    70.000     0.019       6       2    70.0     6.0
   105.179    32.485     6.438    70.000     0.011      40       3    72.0     6.0
   105.163    32.473     6.438    70.000     0.009      25      33    74.0     6.0
   105.146    32.462     6.438    70.000     0.013      73       1    76.0     6.0
   105.130    32.450     6.438    70.000     0.012      73       1    78.0     6.0
   105.114    32.438     6.438    70.000     0.011      58      37    80.0     6.0
   105.097    32.427     6.438    70.000     0.016       6      36    82.0     6.0
   105.081    32.415     6.438    70.000     0.020       7      36    84.0     6.0
   105.065    32.404     6.438    70.000     0.046       9      36    86.0     6.0
   105.048    32.392     6.438    70.000     0.039       7      36    88.0     6.0
   105.032    32.381     6.438    70.000     0.061       6      35    90.0     6.0
   105.016    32.369     6.438    70.000     0.041       5      29    92.0     6.0
   104.999    32.357     6.438    70.000     0.032       4      27    94.0     6.0
   104.983    32.346     6.438    70.000     0.017       5      19    96.0     6.0
   104.967    32.334     6.438    70.000     0.040       6       5    98.0     6.0
   104.951    32.323     6.438    70.000     0.017       5       4   100.0     6.0
   104.934    32.311     6.438    70.000     0.019      93       1   102.0     6.0
   104.918    32.300     6.438    70.000     0.019      88      17   104.0     6.0
   104.902    32.288     6.438    70.000     0.020      56      35   106.0     6.0
   104.886    32.276     6.438    70.000     0.022      81      27   108.0     6.0
   104.869    32.265     6.438    70.000     0.026      58      11   110.0     6.0
   104.853    32.253     6.438    70.000     0.042      82      24   112.0     6.0
   105.774    32.894     4.559    70.000     0.021      38       5     0.0     4.0
   105.758    32.883     4.559    70.000     0.022      13      11     2.0     4.0
   105.742    32.871     4.559    70.000     0.005      12       8     4.0     4.0
   105.725    32.860     4.559    70.000     0.010      73      31     6.0     4.0
   105.709    32.848     4.559    70.000     0.024      72      30     8.0     4.0
   105.692    32.837     4.559    70.000     0.015      72      28    10.0     4.0
   105.676    32.825     4.559    70.000     0.036      25       2    12.0     4.0
   105.659    32.814     4.559    70.000     0.035      24       3    14.0     4.0
   105.643    32.802     4.559    70.000     0.013      82       3    16.0     4.0
   105.626    32.791     4.559    70.000     0.004      82       3    18.0     4.0
   105.610    32.779     4.559    70.000     0.008      33       1    20.0     4.0
   105.593    32.768     4.559    70.000     0.026       9       1    22.0     4.0
   105.577    32.757     4.559    70.000     0.047       9       1    24.0     4.0
   105.561    32.745     4.559    70.000     0.071       7       1    26.0     4.0
   105.544    32.734     4.559    70.000     0.025       5       1    28.0     4.0
   105.528    32.722     4.559    70.000     0.023      79      36    30.0     4.0
   105.511    32.710     4.559    70.000     0.009      15       3    32.0     4.0
   105.495    32.699     4.559    70.000     0.014      17       3    34.0     4.0
   105.478    32.687     4.559    70.000     0.029      50       1    36.0     4.0
   105.462    32.676     4.559    70.000     0.039      17       6    38.0     4.0
   105.446    32.664     4.559    70.000     0.013      67      37    40.0     4.0
   105.429    32.653     4.559    70.000     0.015      66      37    42.0     4.0
   105.413    32.641     4.559    70.000     0.017      23      21    44.0     4.0
   105.396    32.630     4.559    70.000     0.013      20      28    46.0     4.0
   105.380    32.618     4.559    70.000     0.013      20      36    48.0     4.0
   105.364    32.607     4.559    70.000     0.027      65       9    50.0     4.0
   105.347    32.595     4.559    70.000     0.045      65       6    52.0     4.0
   105.331    32.584     4.559    70.000     0.044      62      19    54.0     4.0
   105.314    32.572     4.559    70.000     0.045      40       8    56.0     4.0
   105.298    32.561     4.559    70.000     0.058      39       8    58.0     4.0
   105.282    32.549     4.559    70.000     0.047      40       8    60.0     4.0
   105.265    32.538     4.559    70.000     0.016      40       9    62.0     4.0
   105.249    32.526     4.559    70.000     0.014      42      13    64.0     4.0
   105.233    32.515     4.559    70.000     0.012      39      33    66.0     4.0
   105.216    32.503     4.559    70.000     0.012      39      36    68.0     4.0
   105.200    32.491     4.559    70.000     0.014      76      27    70.0     4.0
   105.184    32.480     4.559    70.000     0.010      54       6    72.0     4.0
   105.167    32.468     4.559    70.000     0.017      82      27    74.0     4.0
   105.151    32.457     4.559    70.000     0.024     100      37    76.0     4.0
   105.135    32.445     4.559    70.000     0.048     100      37    78.0     4.0
   105.118    32.434     4.559    70.000     0.028      99      37    80.0     4.0
   105.102    32.422     4.559    70.000     0.037      42       3    82.0     4.0
   105.086    32.411     4.559    70.000     0.050      39       3    84.0     4.0
   105.069    32.399     4.559    70.000     0.051      37       2    86.0     4.0
   105.053    32.387     4.559    70.000     0.024      38       2    88.0     4.0
   105.037    32.376     4.559    70.000     0.018      35       2    90.0     4.0
   105.020    32.364     4.559    70.000     0.006      96      15    92.0     4.0
   105.004    32.353     4.559    70.000     0.013      95       4    94.0     4.0
   104.988    32.341     4.559    70.000     0.013      72      37    96.0     4.0
   104.972    32.330     4.559    70.000     0.037      19       1    98.0     4.0
   104.955    32.318     4.559    70.000     0.043      19       1   100.0     4.0
   104.939    32.306     4.559    70.000     0.034       5      37   102.0     4.0
   104.923    32.295     4.559    70.000     0.036      93      36   104.0     4.0
   104.906    32.283     4.559    70.000     0.058      95      33   106.0     4.0
   104.890    32.272     4.559    70.000     0.062      94      36   108.0     4.0
   104.874    32.260     4.559    70.000     0.026      93      32   110.0     4.0
   104.858    32.248     4.559    70.000     0.011      93       6   112.0     4.0
   105.779    32.890     2.679    70.000     0.014      57      21     0.0     2.0
   105.763    32.878     2.679    70.000     0.016       9       3     2.0     2.0
   105.746    32.867     2.679    70.000     0.072      91      28     4.0     2.0
   105.730    32.855     2.679    70.000     0.099      90      25     6.0     2.0
   105.713    32.844     2.679    70.000     0.098      91      23     8.0     2.0
   105.697    32.832     2.679    70.000     0.060      91      29    10.0     2.0
   105.680    32.821     2.679    70.000     0.025      91      15    12.0     2.0
   105.664    32.809     2.679    70.000     0.055      15       5    14.0     2.0
   105.647    32.798     2.679    70.000     0.059      14       5    16.0     2.0
   105.631    32.786     2.679    70.000     0.068      15       7    18.0     2.0
   105.614    32.775     2.679    70.000     0.028      10       6    20.0     2.0
   105.598    32.763     2.679    70.000     0.020      17      31    22.0     2.0
   105.582    32.752     2.679    70.000     0.020      12      35    24.0     2.0
   105.565    32.740     2.679    70.000     0.028      12      35    26.0     2.0
   105.549    32.729     2.679    70.000     0.020      12      35    28.0     2.0
   105.532    32.717     2.679    70.000     0.026      94      36    30.0     2.0
   105.516    32.706     2.679    70.000     0.024       8      10    32.0     2.0
   105.499    32.694     2.679    70.000     0.020       8       8    34.0     2.0
   105.483    32.683     2.679    70.000     0.018       9      23    36.0     2.0
   105.467    32.671     2.679    70.000     0.027      10      24    38.0     2.0
   105.450    32.660     2.679    70.000     0.019       2       6    40.0     2.0
   105.434    32.648     2.679    70.000     0.016       4       8    42.0     2.0
   105.417    32.637     2.679    70.000     0.019       5      17    44.0     2.0
   105.401    32.625     2.679    70.000     0.032      57      37    46.0     2.0
   105.385    32.614     2.679    70.000     0.020       5      31    48.0     2.0
   105.368    32.602     2.679    70.000     0.014      46       1    50.0     2.0
   105.352    32.591     2.679    70.000     0.019      12       3    52.0     2.0
   105.336    32.579     2.679    70.000     0.010      13       6    54.0     2.0
   105.319    32.568     2.679    70.000     0.017      17      22    56.0     2.0
   105.303    32.556     2.679    70.000     0.018      54       7    58.0     2.0
   105.286    32.544     2.679    70.000     0.019      53       6    60.0     2.0
   105.270    32.533     2.679    70.000     0.014      22       9    62.0     2.0
   105.254    32.521     2.679    70.000     0.012      93      11    64.0     2.0
   105.237    32.510     2.679    70.000     0.011      91      11    66.0     2.0
   105.221    32.498     2.679    70.000     0.008      91      22    68.0     2.0
   105.205    32.487     2.679    70.000     0.008       1      27    70.0     2.0
   105.188    32.475     2.679    70.000     0.011       1      32    72.0     2.0
   105.172    32.464     2.679    70.000     0.017       1      32    74.0     2.0
   105.156    32.452     2.679    70.000     0.016      73       9    76.0     2.0
   105.139    32.441     2.679    70.000     0.021      99       1    78.0     2.0
   105.123    32.429     2.679    70.000     0.050      99       1    80.0     2.0
   105.107    32.417     2.679    70.000     0.025      97       1    82.0     2.0
   105.090    32.406     2.679    70.000     0.038      97       4    84.0     2.0
   105.074    32.394     2.679    70.000     0.018      97       4    86.0     2.0
   105.058    32.383     2.679    70.000     0.024      28      17    88.0     2.0
   105.041    32.371     2.679    70.000     0.050      28      10    90.0     2.0
   105.025    32.360     2.679    70.000     0.038      27       8    92.0     2.0
   105.009    32.348     2.679    70.000     0.017      24      17    94.0     2.0
   104.993    32.336     2.679    70.000     0.010      29      34    96.0     2.0
   104.976    32.325     2.679    70.000     0.013      29      34    98.0     2.0
   104.960    32.313     2.679    70.000     0.015      72       2   100.0     2.0
   104.944    32.302     2.679    70.000     0.039      84      37   102.0     2.0
   104.927    32.290     2.679    70.000     0.030      73       2   104.0     2.0
   104.911    32.278     2.679    70.000     0.047       5       9   106.0     2.0
   104.895    32.267     2.679    70.000     0.061       6      17   108.0     2.0
   104.879    32.255     2.679    70.000     0.058       4      18   110.0     2.0
   104.862    32.244     2.679    70.000     0.040      49      25   112.0     2.0
   105.784    32.885     0.800    70.000     0.039      55      10     0.0     0.0
   105.767    32.873     0.800    70.000     0.037      27       8     2.0     0.0
   105.751    32.862     0.800    70.000     0.042      27       9     4.0     0.0
   105.734    32.850     0.800    70.000     0.024      26       8     6.0     0.0
   105.718    32.839     0.800    70.000     0.020       3      37     8.0     0.0
   105.701    32.827     0.800    70.000     0.025       2      37    10.0     0.0
   105.685    32.816     0.800    70.000     0.032       2      37    12.0     0.0
   105.668    32.804     0.800    70.000     0.025      13      20    14.0     0.0
   105.652    32.793     0.800    70.000     0.020     100      34    16.0     0.0
   105.636    32.781     0.800    70.000     0.017      99      34    18.0     0.0
   105.619    32.770     0.800    70.000     0.012     100      35    20.0     0.0
   105.603    32.758     0.800    70.000     0.009      87       1    22.0     0.0
   105.586    32.747     0.800    70.000     0.011      20       7    24.0     0.0
   105.570    32.736     0.800    70.000     0.015      18       5    26.0     0.0
   105.553    32.724     0.800    70.000     0.016      23      33    28.0     0.0
   105.537    32.713     0.800    70.000     0.015      21      33    30.0     0.0
   105.521    32.701     0.800    70.000     0.020      22      33    32.0     0.0
   105.504    32.689     0.800    70.000     0.014      89      35    34.0     0.0
   105.488    32.678     0.800    70.000     0.016      90      37    36.0     0.0
   105.471    32.666     0.800    70.000     0.011      90      37    38.0     0.0
   105.455    32.655     0.800    70.000     0.004      83       3    40.0     0.0
   105.438    32.643     0.800    70.000     0.017      12      12    42.0     0.0
   105.422    32.632     0.800    70.000     0.015      10      16    44.0     0.0
   105.406    32.620     0.800    70.000     0.024      64       2    46.0     0.0
   105.389    32.609     0.800    70.000     0.051      62       3    48.0     0.0
   105.373    32.597     0.800    70.000     0.087      60       3    50.0     0.0
   105.357    32.586     0.800    70.000     0.100      60       3    52.0     0.0
   105.340    32.574     0.800    70.000     0.042      60       4    54.0     0.0
   105.324    32.563     0.800    70.000     0.020      58      11    56.0     0.0
   105.307    32.551     0.800    70.000     0.037      59      33    58.0     0.0
   105.291    32.540     0.800    70.000     0.041      59      33    60.0     0.0
   105.275    32.528     0.800    70.000     0.049      59      35    62.0     0.0
   105.258    32.517     0.800    70.000     0.024      59      35    64.0     0.0
   105.242    32.505     0.800    70.000     0.013      92      34    66.0     0.0
   105.226    32.494     0.800    70.000     0.010      66      37    68.0     0.0
   105.209    32.482     0.800    70.000     0.015      63      37    70.0     0.0
   105.193    32.470     0.800    70.000     0.007      12      36    72.0     0.0
   105.177    32.459     0.800    70.000     0.010      17      33    74.0     0.0
   105.160    32.447     0.800    70.000     0.015      14      33    76.0     0.0
   105.144    32.436     0.800    70.000     0.018      13      31    78.0     0.0
   105.128    32.424     0.800    70.000     0.012      13      30    80.0     0.0
   105.111    32.413     0.800    70.000     0.017      71       2    82.0     0.0
   105.095    32.401     0.800    70.000     0.045      71       3    84.0     0.0
   105.079    32.390     0.800    70.000     0.061      69       2    86.0     0.0
   105.062    32.378     0.800    70.000     0.045      68       6    88.0     0.0
   105.046    32.366     0.800    70.000     0.032      66       7    90.0     0.0
   105.030    32.355     0.800    70.000     0.017      64      12    92.0     0.0
   105.013    32.343     0.800    70.000     0.017      10       1    94.0     0.0
   104.997    32.332     0.800    70.000     0.022       9       1    96.0     0.0
   104.981    32.320     0.800    70.000     0.021       9       1    98.0     0.0
   104.965    32.309     0.800    70.000     0.035      86       1   100.0     0.0
   104.948    32.297     0.800    70.000     0.036     100      37   102.0     0.0
   104.932    32.285     0.800    70.000     0.037      99      37   104.0     0.0
   104.916    32.274     0.800    70.000     0.026      99      37   106.0     0.0
   104.900    32.262     0.800    70.000     0.029      25       1   108.0     0.0
   104.883    32.251     0.800    70.000     0.063      25       2   110.0     0.0
   104.867    32.239     0.800    70.000     0.043      46      19   112.0     0.0
