   105.691    32.980    38.388    70.000     0.032      23       1     0.0    40.0
   105.674    32.968    38.388    70.000     0.012       8      35     2.0    40.0
   105.658    32.957    38.388    70.000     0.030      80      37     4.0    40.0
   105.641    32.945    38.388    70.000     0.031      82      37     6.0    40.0
   105.625    32.934    38.388    70.000     0.018      82      37     8.0    40.0
   105.608    32.922    38.388    70.000     0.025       5       6    10.0    40.0
   105.592    32.911    38.388    70.000     0.037       6       5    12.0    40.0
   105.575    32.900    38.388    70.000     0.018       8       3    14.0    40.0
   105.559    32.888    38.388    70.000     0.014       4       8    16.0    40.0
   105.542    32.877    38.388    70.000     0.034      28      37    18.0    40.0
   105.526    32.865    38.388    70.000     0.039       4      31    20.0    40.0
   105.510    32.853    38.388    70.000     0.031      85       6    22.0    40.0
   105.493    32.842    38.388    70.000     0.034      88      30    24.0    40.0
   105.477    32.830    38.388    70.000     0.037      86      29    26.0    40.0
   105.460    32.819    38.388    70.000     0.043      84      29    28.0    40.0
   105.444    32.807    38.388    70.000     0.037      83      29    30.0    40.0
   105.427    32.796    38.388    70.000     0.023      19      37    32.0    40.0
   105.411    32.784    38.388    70.000     0.020      23      12    34.0    40.0
   105.395    32.773    38.388    70.000     0.028      30       1    36.0    40.0
   105.378    32.761    38.388    70.000     0.021      41      37    38.0    40.0
   105.362    32.750    38.388    70.000     0.017      43      37    40.0    40.0
   105.345    32.738    38.388    70.000     0.017      77      12    42.0    40.0
   105.329    32.727    38.388    70.000     0.013      40      11    44.0    40.0
   105.312    32.715    38.388    70.000     0.019      40      14    46.0    40.0
   105.296    32.704    38.388    70.000     0.019       8      11    48.0    40.0
   105.280    32.692    38.388    70.000     0.020      23      37    50.0    40.0
   105.263    32.681    38.388    70.000     0.027      22      37    52.0    40.0
   105.247    32.669    38.388    70.000     0.030      21      37    54.0    40.0
   105.231    32.658    38.388    70.000     0.025      21      37    56.0    40.0
   105.214    32.646    38.388    70.000     0.017      20      37    58.0    40.0
   105.198    32.634    38.388    70.000     0.013      19      36    60.0    40.0
   105.181    32.623    38.388    70.000     0.014      17      36    62.0    40.0
   105.165    32.611    38.388    70.000     0.016      17      18    64.0    40.0
   105.149    32.600    38.388    70.000     0.024      16      22    66.0    40.0
   105.132    32.588    38.388    70.000     0.039      15      33    68.0    40.0
   105.116    32.577    38.388    70.000     0.071      14      34    70.0    40.0
   105.100    32.565    38.388    70.000     0.035      14      33    72.0    40.0
   105.083    32.554    38.388    70.000     0.029      14      33    74.0    40.0
   105.067    32.542    38.388    70.000     0.020     100       1    76.0    40.0
   105.051    32.530    38.388    70.000     0.032     100       1    78.0    40.0
   105.034    32.519    38.388    70.000     0.026      88      37    80.0    40.0
   105.018    32.507    38.388    70.000     0.018      27      36    82.0    40.0
   105.002    32.496    38.388    70.000     0.023      28      36    84.0    40.0
   104.985    32.484    38.388    70.000     0.038      50      29    86.0    40.0
   104.969    32.473    38.388    70.000     0.045      51      31    88.0    40.0
   104.953    32.461    38.388    70.000     0.031      23      37    90.0    40.0
   104.936    32.449    38.388    70.000     0.023      23      37    92.0    40.0
   104.920    32.438    38.388    70.000     0.027      61       1    94.0    40.0
   104.904    32.426    38.388    70.000     0.017      61       1    96.0    40.0
   104.888    32.415    38.388    70.000     0.018      27      24    98.0    40.0
   104.871    32.403    38.388    70.000     0.022      26      30   100.0    40.0
   104.855    32.391    38.388    70.000     0.023      26      29   102.0    40.0
   104.839    32.380    38.388    70.000     0.027      30      30   104.0    40.0
   104.822    32.368    38.388    70.000     0.028      71      17   106.0    40.0
   104.806    32.357    38.388    70.000     0.029      71      15   108.0    40.0
   104.790    32.345    38.388    70.000     0.010      70      21   110.0    40.0
   104.774    32.333    38.388    70.000     0.014      19      34   112.0    40.0
   105.695    32.975    36.508    70.000     0.032      78      36     0.0    38.0
   105.679    32.964    36.508    70.000     0.034       7      14     2.0    38.0
   105.662    32.952    36.508    70.000     0.030       8       6     4.0    38.0
   105.646    32.941    36.508    70.000     0.037       6       6     6.0    38.0
   105.629    32.929    36.508    70.000     0.038      83      29     8.0    38.0
   105.613    32.918    36.508    70.000     0.019      10      36    10.0    38.0
   105.596    32.906    36.508    70.000     0.033      88       4    12.0    38.0
   105.580    32.895    36.508    70.000     0.047      89       6    14.0    38.0
   105.564    32.883    36.508    70.000     0.037      89       6    16.0    38.0
   105.547    32.872    36.508    70.000     0.030      87       4    18.0    38.0
   105.531    32.860    36.508    70.000     0.016      84       4    20.0    38.0
   105.514    32.849    36.508    70.000     0.035      33      35    22.0    38.0
   105.498    32.837    36.508    70.000     0.051      32      36    24.0    38.0
   105.481    32.826    36.508    70.000     0.075       6      34    26.0    38.0
   105.465    32.814    36.508    70.000     0.078       6      35    28.0    38.0
   105.448    32.803    36.508    70.000     0.049      85      26    30.0    38.0
   105.432    32.791    36.508    70.000     0.064      85      26    32.0    38.0
   105.416    32.780    36.508    70.000     0.044      86      22    34.0    38.0
   105.399    32.768    36.508    70.000     0.061      85      23    36.0    38.0
   105.383    32.757    36.508    70.000     0.040      83      17    38.0    38.0
   105.366    32.745    36.508    70.000     0.029      82       8    40.0    38.0
   105.350    32.734    36.508    70.000     0.014      50      10    42.0    38.0
   105.334    32.722    36.508    70.000     0.009      49       8    44.0    38.0
   105.317    32.711    36.508    70.000     0.008      83      35    46.0    38.0
   105.301    32.699    36.508    70.000     0.014      48      36    48.0    38.0
   105.284    32.687    36.508    70.000     0.020      81      36    50.0    38.0
   105.268    32.676    36.508    70.000     0.022      82      20    52.0    38.0
   105.252    32.664    36.508    70.000     0.014      11      36    54.0    38.0
   105.235    32.653    36.508    70.000     0.012      82      27    56.0    38.0
   105.219    32.641    36.508    70.000     0.012      84       8    58.0    38.0
   105.202    32.630    36.508    70.000     0.012      21      19    60.0    38.0
   105.186    32.618    36.508    70.000     0.016      15       2    62.0    38.0
   105.170    32.607    36.508    70.000     0.020      14       2    64.0    38.0
   105.153    32.595    36.508    70.000     0.013      15       2    66.0    38.0
   105.137    32.584    36.508    70.000     0.010      15       2    68.0    38.0
   105.121    32.572    36.508    70.000     0.008      47       6    70.0    38.0
   105.104    32.560    36.508    70.000     0.010      12      15    72.0    38.0
   105.088    32.549    36.508    70.000     0.010      13      30    74.0    38.0
   105.072    32.537    36.508    70.000     0.016      92       8    76.0    38.0
   105.055    32.526    36.508    70.000     0.012      91       7    78.0    38.0
   105.039    32.514    36.508    70.000     0.009      97      32    80.0    38.0
   105.023    32.503    36.508    70.000     0.006      89      12    82.0    38.0
   105.006    32.491    36.508    70.000     0.011      59      32    84.0    38.0
   104.990    32.479    36.508    70.000     0.021      56      30    86.0    38.0
   104.974    32.468    36.508    70.000     0.040      53      29    88.0    38.0
   104.957    32.456    36.508    70.000     0.033      54      31    90.0    38.0
   104.941    32.445    36.508    70.000     0.019      56       7    92.0    38.0
   104.925    32.433    36.508    70.000     0.022      24      18    94.0    38.0
   104.908    32.422    36.508    70.000     0.032      25      21    96.0    38.0
   104.892    32.410    36.508    70.000     0.014      49      30    98.0    38.0
   104.876    32.398    36.508    70.000     0.017      52      33   100.0    38.0
   104.860    32.387    36.508    70.000     0.032      88      33   102.0    38.0
   104.843    32.375    36.508    70.000     0.063       1      28   104.0    38.0
   104.827    32.364    36.508    70.000     0.107       2      27   106.0    38.0
   104.811    32.352    36.508    70.000     0.173       2      26   108.0    38.0
   104.795    32.340    36.508    70.000     0.082       3      20   110.0    38.0
   104.778    32.329    36.508    70.000     0.023      29       8   112.0    38.0
   105.700    32.970    34.629    70.000     0.047       3      30     0.0    36.0
   105.684    32.959    34.629    70.000     0.066       6      24     2.0    36.0
   105.667    32.947    34.629    70.000     0.089       3      25     4.0    36.0
   105.651    32.936    34.629    70.000     0.060       4      26     6.0    36.0
   105.634    32.924    34.629    70.000     0.021      49       2     8.0    36.0
   105.618    32.913    34.629    70.000     0.051      86       2    10.0    36.0
   105.601    32.901    34.629    70.000     0.029      84       2    12.0    36.0
   105.585    32.890    34.629    70.000     0.019      51      25    14.0    36.0
   105.568    32.879    34.629    70.000     0.018      51      31    16.0    36.0
   105.552    32.867    34.629    70.000     0.022      18      32    18.0    36.0
   105.535    32.856    34.629    70.000     0.018      17      32    20.0    36.0
   105.519    32.844    34.629    70.000     0.020      15      30    22.0    36.0
   105.502    32.832    34.629    70.000     0.029      10      34    24.0    36.0
   105.486    32.821    34.629    70.000     0.030      11      34    26.0    36.0
   105.470    32.809    34.629    70.000     0.017      12      34    28.0    36.0
   105.453    32.798    34.629    70.000     0.019      36      37    30.0    36.0
   105.437    32.786    34.629    70.000     0.027      87       7    32.0    36.0
   105.420    32.775    34.629    70.000     0.034      90      13    34.0    36.0
   105.404    32.763    34.629    70.000     0.031      89      10    36.0    36.0
   105.387    32.752    34.629    70.000     0.019      59      36    38.0    36.0
   105.371    32.740    34.629    70.000     0.017      58      36    40.0    36.0
   105.355    32.729    34.629    70.000     0.010      57      35    42.0    36.0
   105.338    32.717    34.629    70.000     0.007      82      36    44.0    36.0
   105.322    32.706    34.629    70.000     0.007      59       2    46.0    36.0
   105.305    32.694    34.629    70.000     0.013      31       5    48.0    36.0
   105.289    32.683    34.629    70.000     0.026      14      37    50.0    36.0
   105.273    32.671    34.629    70.000     0.031      14      37    52.0    36.0
   105.256    32.660    34.629    70.000     0.050      10      37    54.0    36.0
   105.240    32.648    34.629    70.000     0.060       9      37    56.0    36.0
   105.223    32.637    34.629    70.000     0.043      86      36    58.0    36.0
   105.207    32.625    34.629    70.000     0.064      88      36    60.0    36.0
   105.191    32.613    34.629    70.000     0.069      87      36    62.0    36.0
   105.174    32.602    34.629    70.000     0.037      87      36    64.0    36.0
   105.158    32.590    34.629    70.000     0.033      19       4    66.0    36.0
   105.142    32.579    34.629    70.000     0.039      15       4    68.0    36.0
   105.125    32.567    34.629    70.000     0.072      93       2    70.0    36.0
   105.109    32.556    34.629    70.000     0.059      12       5    72.0    36.0
   105.093    32.544    34.629    70.000     0.094      14      14    74.0    36.0
   105.076    32.533    34.629    70.000     0.065      13      18    76.0    36.0
   105.060    32.521    34.629    70.000     0.030      11      13    78.0    36.0
   105.044    32.509    34.629    70.000     0.012      11       4    80.0    36.0
   105.027    32.498    34.629    70.000     0.011      43      34    82.0    36.0
   105.011    32.486    34.629    70.000     0.018      60      18    84.0    36.0
   104.995    32.475    34.629    70.000     0.017      61      28    86.0    36.0
   104.978    32.463    34.629    70.000     0.017      61      26    88.0    36.0
   104.962    32.452    34.629    70.000     0.014      84       3    90.0    36.0
   104.946    32.440    34.629    70.000     0.022      84       3    92.0    36.0
   104.929    32.428    34.629    70.000     0.026      15      35    94.0    36.0
   104.913    32.417    34.629    70.000     0.034      19      35    96.0    36.0
   104.897    32.405    34.629    70.000     0.039      12      28    98.0    36.0
   104.881    32.394    34.629    70.000     0.036      12      28   100.0    36.0
   104.864    32.382    34.629    70.000     0.016      90      33   102.0    36.0
   104.848    32.370    34.629    70.000     0.015      91      32   104.0    36.0
   104.832    32.359    34.629    70.000     0.014      86      27   106.0    36.0
   104.815    32.347    34.629    70.000     0.010      86      20   108.0    36.0
   104.799    32.336    34.629    70.000     0.010      86       6   110.0    36.0
   104.783    32.324    34.629    70.000     0.014      86       3   112.0    36.0
   105.705    32.966    32.750    70.000     0.022      53       1     0.0    34.0
   105.688    32.954    32.750    70.000     0.043      70      37     2.0    34.0
   105.672    32.943    32.750    70.000     0.042      55       1     4.0    34.0
   105.655    32.931    32.750    70.000     0.053      54       1     6.0    34.0
   105.639    32.920    32.750    70.000     0.030      67      37     8.0    34.0
   105.622    32.908    32.750    70.000     0.013      20       3    10.0    34.0
   105.606    32.897    32.750    70.000     0.014      20       3    12.0    34.0
   105.589    32.885    32.750    70.000     0.016      45       5    14.0    34.0
   105.573    32.874    32.750    70.000     0.019      43       3    16.0    34.0
   105.556    32.862    32.750    70.000     0.016      25      36    18.0    34.0
   105.540    32.851    32.750    70.000     0.018      25      27    20.0    34.0
   105.524    32.839    32.750    70.000     0.026      23      25    22.0    34.0
   105.507    32.828    32.750    70.000     0.017      24      32    24.0    34.0
   105.491    32.816    32.750    70.000     0.017      24      36    26.0    34.0
   105.474    32.805    32.750    70.000     0.022      92       2    28.0    34.0
   105.458    32.793    32.750    70.000     0.015      50      36    30.0    34.0
   105.441    32.782    32.750    70.000     0.011      40       1    32.0    34.0
   105.425    32.770    32.750    70.000     0.011      32       6    34.0    34.0
   105.408    32.759    32.750    70.000     0.006      68       2    36.0    34.0
   105.392    32.747    32.750    70.000     0.006      67       2    38.0    34.0
   105.376    32.736    32.750    70.000     0.015      53      37    40.0    34.0
   105.359    32.724    32.750    70.000     0.019      57      37    42.0    34.0
   105.343    32.713    32.750    70.000     0.018      54      37    44.0    34.0
   105.326    32.701    32.750    70.000     0.011      22      12    46.0    34.0
   105.310    32.690    32.750    70.000     0.008      97      35    48.0    34.0
   105.294    32.678    32.750    70.000     0.015      96      35    50.0    34.0
   105.277    32.666    32.750    70.000     0.027      96      36    52.0    34.0
   105.261    32.655    32.750    70.000     0.029      98      34    54.0    34.0
   105.245    32.643    32.750    70.000     0.037      96      34    56.0    34.0
   105.228    32.632    32.750    70.000     0.033      98      30    58.0    34.0
   105.212    32.620    32.750    70.000     0.031      94      34    60.0    34.0
   105.195    32.609    32.750    70.000     0.037      95      11    62.0    34.0
   105.179    32.597    32.750    70.000     0.034      95      19    64.0    34.0
   105.163    32.586    32.750    70.000     0.018      96      10    66.0    34.0
   105.146    32.574    32.750    70.000     0.030      49       3    68.0    34.0
   105.130    32.562    32.750    70.000     0.034      49       3    70.0    34.0
   105.114    32.551    32.750    70.000     0.014      88      32    72.0    34.0
   105.097    32.539    32.750    70.000     0.011      57      31    74.0    34.0
   105.081    32.528    32.750    70.000     0.019      58      29    76.0    34.0
   105.065    32.516    32.750    70.000     0.018      86      31    78.0    34.0
   105.048    32.505    32.750    70.000     0.031      61       2    80.0    34.0
   105.032    32.493    32.750    70.000     0.026      59       2    82.0    34.0
   105.016    32.482    32.750    70.000     0.015      46      35    84.0    34.0
   104.999    32.470    32.750    70.000     0.010      30       1    86.0    34.0
   104.983    32.458    32.750    70.000     0.009       8      32    88.0    34.0
   104.967    32.447    32.750    70.000     0.025      46       5    90.0    34.0
   104.950    32.435    32.750    70.000     0.076      44       4    92.0    34.0
   104.934    32.424    32.750    70.000     0.064      45       5    94.0    34.0
   104.918    32.412    32.750    70.000     0.041      44       3    96.0    34.0
   104.902    32.400    32.750    70.000     0.047      45      26    98.0    34.0
   104.885    32.389    32.750    70.000     0.043      45      27   100.0    34.0
   104.869    32.377    32.750    70.000     0.040       2       1   102.0    34.0
   104.853    32.366    32.750    70.000     0.039      20      32   104.0    34.0
   104.836    32.354    32.750    70.000     0.034      21      14   106.0    34.0
   104.820    32.343    32.750    70.000     0.023      19      11   108.0    34.0
   104.804    32.331    32.750    70.000     0.048      53       2   110.0    34.0
   104.788    32.319    32.750    70.000     0.045      19       3   112.0    34.0
   105.709    32.961    30.870    70.000     0.027      42       1     0.0    32.0
   105.693    32.949    30.870    70.000     0.007      21      23     2.0    32.0
   105.676    32.938    30.870    70.000     0.007      42      28     4.0    32.0
   105.660    32.926    30.870    70.000     0.012      40      26     6.0    32.0
   105.643    32.915    30.870    70.000     0.034      39      28     8.0    32.0
   105.627    32.903    30.870    70.000     0.044      38      29    10.0    32.0
   105.610    32.892    30.870    70.000     0.017      39      29    12.0    32.0
   105.594    32.880    30.870    70.000     0.020      71      18    14.0    32.0
   105.578    32.869    30.870    70.000     0.019      69      15    16.0    32.0
   105.561    32.858    30.870    70.000     0.013      70       8    18.0    32.0
   105.545    32.846    30.870    70.000     0.014      70       7    20.0    32.0
   105.528    32.835    30.870    70.000     0.016      20      35    22.0    32.0
   105.512    32.823    30.870    70.000     0.011      72       2    24.0    32.0
   105.495    32.811    30.870    70.000     0.014      71       2    26.0    32.0
   105.479    32.800    30.870    70.000     0.027      71       2    28.0    32.0
   105.462    32.788    30.870    70.000     0.022      70       3    30.0    32.0
   105.446    32.777    30.870    70.000     0.033      70       3    32.0    32.0
   105.430    32.765    30.870    70.000     0.033      71       9    34.0    32.0
   105.413    32.754    30.870    70.000     0.030      52      37    36.0    32.0
   105.397    32.742    30.870    70.000     0.025      54      37    38.0    32.0
   105.380    32.731    30.870    70.000     0.013      28       7    40.0    32.0
   105.364    32.719    30.870    70.000     0.016      27      16    42.0    32.0
   105.348    32.708    30.870    70.000     0.028      26      20    44.0    32.0
   105.331    32.696    30.870    70.000     0.045      25      18    46.0    32.0
   105.315    32.685    30.870    70.000     0.036      27      12    48.0    32.0
   105.298    32.673    30.870    70.000     0.030      53      10    50.0    32.0
   105.282    32.662    30.870    70.000     0.021      28      31    52.0    32.0
   105.266    32.650    30.870    70.000     0.015      50      11    54.0    32.0
   105.249    32.639    30.870    70.000     0.019      56      37    56.0    32.0
   105.233    32.627    30.870    70.000     0.020      24      36    58.0    32.0
   105.216    32.616    30.870    70.000     0.025      66       1    60.0    32.0
   105.200    32.604    30.870    70.000     0.016      54      37    62.0    32.0
   105.184    32.592    30.870    70.000     0.022      53      37    64.0    32.0
   105.167    32.581    30.870    70.000     0.017      10       2    66.0    32.0
   105.151    32.569    30.870    70.000     0.020      25      36    68.0    32.0
   105.135    32.558    30.870    70.000     0.027     100      37    70.0    32.0
   105.118    32.546    30.870    70.000     0.064      99      37    72.0    32.0
   105.102    32.535    30.870    70.000     0.048     100      37    74.0    32.0
   105.086    32.523    30.870    70.000     0.032      99      37    76.0    32.0
   105.069    32.512    30.870    70.000     0.012     100      37    78.0    32.0
   105.053    32.500    30.870    70.000     0.009      78      36    80.0    32.0
   105.037    32.488    30.870    70.000     0.016      11      37    82.0    32.0
   105.020    32.477    30.870    70.000     0.029      11      37    84.0    32.0
   105.004    32.465    30.870    70.000     0.011      84      37    86.0    32.0
   104.988    32.454    30.870    70.000     0.014      70       1    88.0    32.0
   104.971    32.442    30.870    70.000     0.009      43      16    90.0    32.0
   104.955    32.431    30.870    70.000     0.013      60      37    92.0    32.0
   104.939    32.419    30.870    70.000     0.035       8      16    94.0    32.0
   104.923    32.407    30.870    70.000     0.040       9      21    96.0    32.0
   104.906    32.396    30.870    70.000     0.039       9      17    98.0    32.0
   104.890    32.384    30.870    70.000     0.015       8      26   100.0    32.0
   104.874    32.373    30.870    70.000     0.034      77      26   102.0    32.0
   104.857    32.361    30.870    70.000     0.027      77      30   104.0    32.0
   104.841    32.349    30.870    70.000     0.015      17      15   106.0    32.0
   104.825    32.338    30.870    70.000     0.012      16      18   108.0    32.0
   104.809    32.326    30.870    70.000     0.009       7      32   110.0    32.0
   104.792    32.315    30.870    70.000     0.017      10       6   112.0    32.0
   105.714    32.956    28.991    70.000     0.046      44       1     0.0    30.0
   105.697    32.945    28.991    70.000     0.041      30      37     2.0    30.0
   105.681    32.933    28.991    70.000     0.037      29      37     4.0    30.0
   105.665    32.922    28.991    70.000     0.018      37       3     6.0    30.0
   105.648    32.910    28.991    70.000     0.025      67       8     8.0    30.0
   105.632    32.899    28.991    70.000     0.038      67      26    10.0    30.0
   105.615    32.887    28.991    70.000     0.050      70      26    12.0    30.0
   105.599    32.876    28.991    70.000     0.088      70      27    14.0    30.0
   105.582    32.864    28.991    70.000     0.044      70      10    16.0    30.0
   105.566    32.853    28.991    70.000     0.026      66       3    18.0    30.0
   105.549    32.841    28.991    70.000     0.023      67       5    20.0    30.0
   105.533    32.830    28.991    70.000     0.023      67       4    22.0    30.0
   105.516    32.818    28.991    70.000     0.011      18      37    24.0    30.0
   105.500    32.807    28.991    70.000     0.018      20      34    26.0    30.0
   105.484    32.795    28.991    70.000     0.030      19      32    28.0    30.0
   105.467    32.784    28.991    70.000     0.027      19      32    30.0    30.0
   105.451    32.772    28.991    70.000     0.021      16      31    32.0    30.0
   105.434    32.761    28.991    70.000     0.018     100      35    34.0    30.0
   105.418    32.749    28.991    70.000     0.023      42      37    36.0    30.0
   105.401    32.738    28.991    70.000     0.023      42      37    38.0    30.0
   105.385    32.726    28.991    70.000     0.015      54       1    40.0    30.0
   105.369    32.715    28.991    70.000     0.019      54       1    42.0    30.0
   105.352    32.703    28.991    70.000     0.028      69      36    44.0    30.0
   105.336    32.692    28.991    70.000     0.036      68      35    46.0    30.0
   105.319    32.680    28.991    70.000     0.014      69      36    48.0    30.0
   105.303    32.668    28.991    70.000     0.011      94      17    50.0    30.0
   105.287    32.657    28.991    70.000     0.028      28      35    52.0    30.0
   105.270    32.645    28.991    70.000     0.048      98       2    54.0    30.0
   105.254    32.634    28.991    70.000     0.060      99       5    56.0    30.0
   105.237    32.622    28.991    70.000     0.064      97       4    58.0    30.0
   105.221    32.611    28.991    70.000     0.034      97       4    60.0    30.0
   105.205    32.599    28.991    70.000     0.011      68       2    62.0    30.0
   105.188    32.588    28.991    70.000     0.005      68       2    64.0    30.0
   105.172    32.576    28.991    70.000     0.038      95      37    66.0    30.0
   105.156    32.565    28.991    70.000     0.056      95      37    68.0    30.0
   105.139    32.553    28.991    70.000     0.056      95      37    70.0    30.0
   105.123    32.541    28.991    70.000     0.028      96      37    72.0    30.0
   105.107    32.530    28.991    70.000     0.023      27      11    74.0    30.0
   105.090    32.518    28.991    70.000     0.034      28      16    76.0    30.0
   105.074    32.507    28.991    70.000     0.048      27      18    78.0    30.0
   105.058    32.495    28.991    70.000     0.039     100      24    80.0    30.0
   105.041    32.484    28.991    70.000     0.070      99      10    82.0    30.0
   105.025    32.472    28.991    70.000     0.056      99       7    84.0    30.0
   105.009    32.461    28.991    70.000     0.048     100      10    86.0    30.0
   104.992    32.449    28.991    70.000     0.028       7       4    88.0    30.0
   104.976    32.437    28.991    70.000     0.030      26      34    90.0    30.0
   104.960    32.426    28.991    70.000     0.027      26      34    92.0    30.0
   104.943    32.414    28.991    70.000     0.018       1      31    94.0    30.0
   104.927    32.403    28.991    70.000     0.020       1      32    96.0    30.0
   104.911    32.391    28.991    70.000     0.014       1      34    98.0    30.0
   104.895    32.379    28.991    70.000     0.022      21       1   100.0    30.0
   104.878    32.368    28.991    70.000     0.012      22       1   102.0    30.0
   104.862    32.356    28.991    70.000     0.014      10      34   104.0    30.0
   104.846    32.345    28.991    70.000     0.033      13      31   106.0    30.0
   104.829    32.333    28.991    70.000     0.038      13      31   108.0    30.0
   104.813    32.321    28.991    70.000     0.026      15      31   110.0    30.0
   104.797    32.310    28.991    70.000     0.015      38       5   112.0    30.0
   105.719    32.951    27.111    70.000     0.022      62      35     0.0    28.0
   105.702    32.940    27.111    70.000     0.011      61      27     2.0    28.0
   105.686    32.928    27.111    70.000     0.014      68       2     4.0    28.0
   105.669    32.917    27.111    70.000     0.035      69       3     6.0    28.0
   105.653    32.905    27.111    70.000     0.034      70       3     8.0    28.0
   105.636    32.894    27.111    70.000     0.040      30       5    10.0    28.0
   105.620    32.882    27.111    70.000     0.035      30       5    12.0    28.0
   105.603    32.871    27.111    70.000     0.032      30       6    14.0    28.0
   105.587    32.860    27.111    70.000     0.045      33      26    16.0    28.0
   105.570    32.848    27.111    70.000     0.057      33      29    18.0    28.0
   105.554    32.837    27.111    70.000     0.053      32      34    20.0    28.0
   105.537    32.825    27.111    70.000     0.047      31      35    22.0    28.0
   105.521    32.813    27.111    70.000     0.076      30      34    24.0    28.0
   105.505    32.802    27.111    70.000     0.036      30      33    26.0    28.0
   105.488    32.790    27.111    70.000     0.022      28      33    28.0    28.0
   105.472    32.779    27.111    70.000     0.013      34       2    30.0    28.0
   105.455    32.767    27.111    70.000     0.010      61       6    32.0    28.0
   105.439    32.756    27.111    70.000     0.021      86       1    34.0    28.0
   105.422    32.744    27.111    70.000     0.028      72      37    36.0    28.0
   105.406    32.733    27.111    70.000     0.020      31       1    38.0    28.0
   105.390    32.721    27.111    70.000     0.043      29       1    40.0    28.0
   105.373    32.710    27.111    70.000     0.016      27       1    42.0    28.0
   105.357    32.698    27.111    70.000     0.024     100      21    44.0    28.0
   105.340    32.687    27.111    70.000     0.031      68       8    46.0    28.0
   105.324    32.675    27.111    70.000     0.038     100      13    48.0    28.0
   105.308    32.664    27.111    70.000     0.045     100      15    50.0    28.0
   105.291    32.652    27.111    70.000     0.041     100      29    52.0    28.0
   105.275    32.641    27.111    70.000     0.029     100      27    54.0    28.0
   105.259    32.629    27.111    70.000     0.015      71      33    56.0    28.0
   105.242    32.618    27.111    70.000     0.020      60       1    58.0    28.0
   105.226    32.606    27.111    70.000     0.023      84       1    60.0    28.0
   105.209    32.595    27.111    70.000     0.030      71      37    62.0    28.0
   105.193    32.583    27.111    70.000     0.016      44      37    64.0    28.0
   105.177    32.571    27.111    70.000     0.027      40      37    66.0    28.0
   105.160    32.560    27.111    70.000     0.048       1       1    68.0    28.0
   105.144    32.548    27.111    70.000     0.043      24       1    70.0    28.0
   105.128    32.537    27.111    70.000     0.034      27       2    72.0    28.0
   105.111    32.525    27.111    70.000     0.045     100       3    74.0    28.0
   105.095    32.514    27.111    70.000     0.059     100       3    76.0    28.0
   105.079    32.502    27.111    70.000     0.042      70      22    78.0    28.0
   105.062    32.490    27.111    70.000     0.050      69      28    80.0    28.0
   105.046    32.479    27.111    70.000     0.026      43       3    82.0    28.0
   105.030    32.467    27.111    70.000     0.019      41      11    84.0    28.0
   105.013    32.456    27.111    70.000     0.013      42      24    86.0    28.0
   104.997    32.444    27.111    70.000     0.022     100      35    88.0    28.0
   104.981    32.433    27.111    70.000     0.017      73      16    90.0    28.0
   104.964    32.421    27.111    70.000     0.012     100      35    92.0    28.0
   104.948    32.409    27.111    70.000     0.008     100      36    94.0    28.0
   104.932    32.398    27.111    70.000     0.016      91       1    96.0    28.0
   104.916    32.386    27.111    70.000     0.041       4      36    98.0    28.0
   104.899    32.375    27.111    70.000     0.030      27      30   100.0    28.0
   104.883    32.363    27.111    70.000     0.026       3      36   102.0    28.0
   104.867    32.352    27.111    70.000     0.027      22      30   104.0    28.0
   104.850    32.340    27.111    70.000     0.036      23      29   106.0    28.0
   104.834    32.328    27.111    70.000     0.026      25       7   108.0    28.0
   104.818    32.317    27.111    70.000     0.030      15      37   110.0    28.0
   104.802    32.305    27.111    70.000     0.030       1       2   112.0    28.0
   105.723    32.947    25.232    70.000     0.023       1      30     0.0    26.0
   105.707    32.935    25.232    70.000     0.018       1       8     2.0    26.0
   105.690    32.924    25.232    70.000     0.032      24      14     4.0    26.0
   105.674    32.912    25.232    70.000     0.038      23      18     6.0    26.0
   105.657    32.901    25.232    70.000     0.050      15      37     8.0    26.0
   105.641    32.889    25.232    70.000     0.047      23      32    10.0    26.0
   105.624    32.878    25.232    70.000     0.014      25      33    12.0    26.0
   105.608    32.866    25.232    70.000     0.007      33       3    14.0    26.0
   105.592    32.855    25.232    70.000     0.009      81       4    16.0    26.0
   105.575    32.843    25.232    70.000     0.011      83       4    18.0    26.0
   105.559    32.832    25.232    70.000     0.009       1      36    20.0    26.0
   105.542    32.820    25.232    70.000     0.019      35      30    22.0    26.0
   105.526    32.809    25.232    70.000     0.020      35      30    24.0    26.0
   105.509    32.797    25.232    70.000     0.026      33      36    26.0    26.0
   105.493    32.786    25.232    70.000     0.022      31      35    28.0    26.0
   105.476    32.774    25.232    70.000     0.026      33      36    30.0    26.0
   105.460    32.763    25.232    70.000     0.022     100       2    32.0    26.0
   105.444    32.751    25.232    70.000     0.017      22      11    34.0    26.0
   105.427    32.740    25.232    70.000     0.009      21      17    36.0    26.0
   105.411    32.728    25.232    70.000     0.008      74       3    38.0    26.0
   105.394    32.717    25.232    70.000     0.011      25      34    40.0    26.0
   105.378    32.705    25.232    70.000     0.020       4      12    42.0    26.0
   105.362    32.694    25.232    70.000     0.028       4      11    44.0    26.0
   105.345    32.682    25.232    70.000     0.032       3      10    46.0    26.0
   105.329    32.671    25.232    70.000     0.021       7      28    48.0    26.0
   105.312    32.659    25.232    70.000     0.025       8      28    50.0    26.0
   105.296    32.647    25.232    70.000     0.010      30       2    52.0    26.0
   105.280    32.636    25.232    70.000     0.009      86       1    54.0    26.0
   105.263    32.624    25.232    70.000     0.013      99      37    56.0    26.0
   105.247    32.613    25.232    70.000     0.023      29      12    58.0    26.0
   105.230    32.601    25.232    70.000     0.044      25      11    60.0    26.0
   105.214    32.590    25.232    70.000     0.045      24      10    62.0    26.0
   105.198    32.578    25.232    70.000     0.026      25      30    64.0    26.0
   105.181    32.567    25.232    70.000     0.018      25      32    66.0    26.0
   105.165    32.555    25.232    70.000     0.014      65       2    68.0    26.0
   105.149    32.544    25.232    70.000     0.019      66       2    70.0    26.0
   105.132    32.532    25.232    70.000     0.015      51      37    72.0    26.0
   105.116    32.520    25.232    70.000     0.012      66       2    74.0    26.0
   105.100    32.509    25.232    70.000     0.018      99       3    76.0    26.0
   105.083    32.497    25.232    70.000     0.009      99       3    78.0    26.0
   105.067    32.486    25.232    70.000     0.008      17      24    80.0    26.0
   105.051    32.474    25.232    70.000     0.012      94      34    82.0    26.0
   105.034    32.463    25.232    70.000     0.021      96      33    84.0    26.0
   105.018    32.451    25.232    70.000     0.024      96      35    86.0    26.0
   105.002    32.439    25.232    70.000     0.015      24       6    88.0    26.0
   104.985    32.428    25.232    70.000     0.026      17      31    90.0    26.0
   104.969    32.416    25.232    70.000     0.042      18      30    92.0    26.0
   104.953    32.405    25.232    70.000     0.028      18      29    94.0    26.0
   104.937    32.393    25.232    70.000     0.038      18      28    96.0    26.0
   104.920    32.382    25.232    70.000     0.012      93       1    98.0    26.0
   104.904    32.370    25.232    70.000     0.023      31      30   100.0    26.0
   104.888    32.358    25.232    70.000     0.096      29      31   102.0    26.0
   104.871    32.347    25.232    70.000     0.127      28      30   104.0    26.0
   104.855    32.335    25.232    70.000     0.185      29      30   106.0    26.0
   104.839    32.324    25.232    70.000     0.070      28      31   108.0    26.0
   104.823    32.312    25.232    70.000     0.032      21      37   110.0    26.0
   104.806    32.300    25.232    70.000     0.044      21      37   112.0    26.0
   105.728    32.942    23.353    70.000     0.058       4      32     0.0    24.0
   105.711    32.930    23.353    70.000     0.050       4      32     2.0    24.0
   105.695    32.919    23.353    70.000     0.019      29       1     4.0    24.0
   105.678    32.907    23.353    70.000     0.015       4       6     6.0    24.0
   105.662    32.896    23.353    70.000     0.009       5       6     8.0    24.0
   105.646    32.884    23.353    70.000     0.023      53      34    10.0    24.0
   105.629    32.873    23.353    70.000     0.052      53      33    12.0    24.0
   105.613    32.861    23.353    70.000     0.064      52      31    14.0    24.0
   105.596    32.850    23.353    70.000     0.037      53      34    16.0    24.0
   105.580    32.839    23.353    70.000     0.017      51      30    18.0    24.0
   105.563    32.827    23.353    70.000     0.014       3      36    20.0    24.0
   105.547    32.816    23.353    70.000     0.039       3      36    22.0    24.0
   105.530    32.804    23.353    70.000     0.057       3      36    24.0    24.0
   105.514    32.792    23.353    70.000     0.037       1      22    26.0    24.0
   105.497    32.781    23.353    70.000     0.025      54       4    28.0    24.0
   105.481    32.769    23.353    70.000     0.013      25       6    30.0    24.0
   105.465    32.758    23.353    70.000     0.020      80       2    32.0    24.0
   105.448    32.746    23.353    70.000     0.017      78       3    34.0    24.0
   105.432    32.735    23.353    70.000     0.011      82      24    36.0    24.0
   105.415    32.723    23.353    70.000     0.020       4       2    38.0    24.0
   105.399    32.712    23.353    70.000     0.011       5       3    40.0    24.0
   105.383    32.700    23.353    70.000     0.021       7       4    42.0    24.0
   105.366    32.689    23.353    70.000     0.015       8       4    44.0    24.0
   105.350    32.677    23.353    70.000     0.008      10       3    46.0    24.0
   105.333    32.666    23.353    70.000     0.008      36      14    48.0    24.0
   105.317    32.654    23.353    70.000     0.006      81       2    50.0    24.0
   105.301    32.643    23.353    70.000     0.010      78       2    52.0    24.0
   105.284    32.631    23.353    70.000     0.017      12      32    54.0    24.0
   105.268    32.620    23.353    70.000     0.023       9      36    56.0    24.0
   105.251    32.608    23.353    70.000     0.027       6      37    58.0    24.0
   105.235    32.597    23.353    70.000     0.023       5      37    60.0    24.0
   105.219    32.585    23.353    70.000     0.010      60      36    62.0    24.0
   105.202    32.573    23.353    70.000     0.009      16       1    64.0    24.0
   105.186    32.562    23.353    70.000     0.028      95       1    66.0    24.0
   105.170    32.550    23.353    70.000     0.075      82      36    68.0    24.0
   105.153    32.539    23.353    70.000     0.073      82      36    70.0    24.0
   105.137    32.527    23.353    70.000     0.065      82      36    72.0    24.0
   105.121    32.516    23.353    70.000     0.049      80      37    74.0    24.0
   105.104    32.504    23.353    70.000     0.025      55      37    76.0    24.0
   105.088    32.493    23.353    70.000     0.028      55      37    78.0    24.0
   105.072    32.481    23.353    70.000     0.029      81      25    80.0    24.0
   105.055    32.469    23.353    70.000     0.025      81      13    82.0    24.0
   105.039    32.458    23.353    70.000     0.016      83       4    84.0    24.0
   105.023    32.446    23.353    70.000     0.021      91      34    86.0    24.0
   105.006    32.435    23.353    70.000     0.035      58      19    88.0    24.0
   104.990    32.423    23.353    70.000     0.030      57      23    90.0    24.0
   104.974    32.412    23.353    70.000     0.019      93      22    92.0    24.0
   104.957    32.400    23.353    70.000     0.021      60       4    94.0    24.0
   104.941    32.388    23.353    70.000     0.017      60       3    96.0    24.0
   104.925    32.377    23.353    70.000     0.030      57       4    98.0    24.0
   104.909    32.365    23.353    70.000     0.011      37      29   100.0    24.0
   104.892    32.354    23.353    70.000     0.013      38      19   102.0    24.0
   104.876    32.342    23.353    70.000     0.016      33      31   104.0    24.0
   104.860    32.330    23.353    70.000     0.019      44       1   106.0    24.0
   104.844    32.319    23.353    70.000     0.040      43       1   108.0    24.0
   104.827    32.307    23.353    70.000     0.038      28      37   110.0    24.0
   104.811    32.296    23.353    70.000     0.034      27      37   112.0    24.0
   105.733    32.937    21.473    70.000     0.069      77      12     0.0    22.0
   105.716    32.926    21.473    70.000     0.054      77       9     2.0    22.0
   105.700    32.914    21.473    70.000     0.036      77      30     4.0    22.0
   105.683    32.903    21.473    70.000     0.020      11       9     6.0    22.0
   105.667    32.891    21.473    70.000     0.035      11       6     8.0    22.0
   105.650    32.880    21.473    70.000     0.052      12       5    10.0    22.0
   105.634    32.868    21.473    70.000     0.030      14      29    12.0    22.0
   105.617    32.857    21.473    70.000     0.045      15      30    14.0    22.0
   105.601    32.845    21.473    70.000     0.056      14      36    16.0    22.0
   105.584    32.834    21.473    70.000     0.080      13      36    18.0    22.0
   105.568    32.822    21.473    70.000     0.076      13      36    20.0    22.0
   105.551    32.811    21.473    70.000     0.048      12      35    22.0    22.0
   105.535    32.799    21.473    70.000     0.021      11      34    24.0    22.0
   105.519    32.788    21.473    70.000     0.020       7       8    26.0    22.0
   105.502    32.776    21.473    70.000     0.037       7      12    28.0    22.0
   105.486    32.765    21.473    70.000     0.015       7      12    30.0    22.0
   105.469    32.753    21.473    70.000     0.032      42       3    32.0    22.0
   105.453    32.742    21.473    70.000     0.023      13       4    34.0    22.0
   105.436    32.730    21.473    70.000     0.025      13       4    36.0    22.0
   105.420    32.719    21.473    70.000     0.045      10       2    38.0    22.0
   105.404    32.707    21.473    70.000     0.020      10       2    40.0    22.0
   105.387    32.696    21.473    70.000     0.024      45      27    42.0    22.0
   105.371    32.684    21.473    70.000     0.018      45      31    44.0    22.0
   105.354    32.673    21.473    70.000     0.008      93       1    46.0    22.0
   105.338    32.661    21.473    70.000     0.008      87       2    48.0    22.0
   105.322    32.650    21.473    70.000     0.014      87       2    50.0    22.0
   105.305    32.638    21.473    70.000     0.019      85       2    52.0    22.0
   105.289    32.626    21.473    70.000     0.031      45       2    54.0    22.0
   105.273    32.615    21.473    70.000     0.025      46       2    56.0    22.0
   105.256    32.603    21.473    70.000     0.012      11      36    58.0    22.0
   105.240    32.592    21.473    70.000     0.012      11      36    60.0    22.0
   105.223    32.580    21.473    70.000     0.022      11      30    62.0    22.0
   105.207    32.569    21.473    70.000     0.025       9      30    64.0    22.0
   105.191    32.557    21.473    70.000     0.025       9      31    66.0    22.0
   105.174    32.546    21.473    70.000     0.015      10      31    68.0    22.0
   105.158    32.534    21.473    70.000     0.041       3      12    70.0    22.0
   105.142    32.523    21.473    70.000     0.017       2      20    72.0    22.0
   105.125    32.511    21.473    70.000     0.016      12       1    74.0    22.0
   105.109    32.499    21.473    70.000     0.034      83      20    76.0    22.0
   105.093    32.488    21.473    70.000     0.022      83      25    78.0    22.0
   105.076    32.476    21.473    70.000     0.025      82      25    80.0    22.0
   105.060    32.465    21.473    70.000     0.012      81      22    82.0    22.0
   105.044    32.453    21.473    70.000     0.006      44       4    84.0    22.0
   105.027    32.442    21.473    70.000     0.009      43       4    86.0    22.0
   105.011    32.430    21.473    70.000     0.020      65      23    88.0    22.0
   104.995    32.418    21.473    70.000     0.027      64      23    90.0    22.0
   104.978    32.407    21.473    70.000     0.030      90      29    92.0    22.0
   104.962    32.395    21.473    70.000     0.033      88      31    94.0    22.0
   104.946    32.384    21.473    70.000     0.037      86      32    96.0    22.0
   104.930    32.372    21.473    70.000     0.062      89      34    98.0    22.0
   104.913    32.361    21.473    70.000     0.031      88      34   100.0    22.0
   104.897    32.349    21.473    70.000     0.020      86      34   102.0    22.0
   104.881    32.337    21.473    70.000     0.032      87      36   104.0    22.0
   104.864    32.326    21.473    70.000     0.035      50       1   106.0    22.0
   104.848    32.314    21.473    70.000     0.108      49       1   108.0    22.0
   104.832    32.303    21.473    70.000     0.107      48       1   110.0    22.0
   104.816    32.291    21.473    70.000     0.094      49       1   112.0    22.0
   105.737    32.932    19.594    70.000     0.007      15       2     0.0    20.0
   105.721    32.921    19.594    70.000     0.029       4      37     2.0    20.0
   105.704    32.909    19.594    70.000     0.039      19       1     4.0    20.0
   105.688    32.898    19.594    70.000     0.055      17       2     6.0    20.0
   105.671    32.886    19.594    70.000     0.050      15       2     8.0    20.0
   105.655    32.875    19.594    70.000     0.024      16       2    10.0    20.0
   105.638    32.863    19.594    70.000     0.006      16       2    12.0    20.0
   105.622    32.852    19.594    70.000     0.007      17      36    14.0    20.0
   105.605    32.840    19.594    70.000     0.033      98       1    16.0    20.0
   105.589    32.829    19.594    70.000     0.044      17      35    18.0    20.0
   105.573    32.818    19.594    70.000     0.059      18      33    20.0    20.0
   105.556    32.806    19.594    70.000     0.052      15      36    22.0    20.0
   105.540    32.795    19.594    70.000     0.052      16      36    24.0    20.0
   105.523    32.783    19.594    70.000     0.056      14      32    26.0    20.0
   105.507    32.771    19.594    70.000     0.056      44       8    28.0    20.0
   105.490    32.760    19.594    70.000     0.069      44      10    30.0    20.0
   105.474    32.748    19.594    70.000     0.038      44       3    32.0    20.0
   105.458    32.737    19.594    70.000     0.021      45       4    34.0    20.0
   105.441    32.725    19.594    70.000     0.017      52      35    36.0    20.0
   105.425    32.714    19.594    70.000     0.008      50      35    38.0    20.0
   105.408    32.702    19.594    70.000     0.011      56      32    40.0    20.0
   105.392    32.691    19.594    70.000     0.014      54      29    42.0    20.0
   105.375    32.679    19.594    70.000     0.022      50      30    44.0    20.0
   105.359    32.668    19.594    70.000     0.021      22       9    46.0    20.0
   105.343    32.656    19.594    70.000     0.053      20       7    48.0    20.0
   105.326    32.645    19.594    70.000     0.070      20       9    50.0    20.0
   105.310    32.633    19.594    70.000     0.023      22      10    52.0    20.0
   105.294    32.622    19.594    70.000     0.023      93       1    54.0    20.0
   105.277    32.610    19.594    70.000     0.022      79      36    56.0    20.0
   105.261    32.599    19.594    70.000     0.046      79      34    58.0    20.0
   105.244    32.587    19.594    70.000     0.057       9       9    60.0    20.0
   105.228    32.576    19.594    70.000     0.055       7       5    62.0    20.0
   105.212    32.564    19.594    70.000     0.045       7       5    64.0    20.0
   105.195    32.552    19.594    70.000     0.035       7       5    66.0    20.0
   105.179    32.541    19.594    70.000     0.031      10      25    68.0    20.0
   105.163    32.529    19.594    70.000     0.017       6       4    70.0    20.0
   105.146    32.518    19.594    70.000     0.043      84       2    72.0    20.0
   105.130    32.506    19.594    70.000     0.058      85       2    74.0    20.0
   105.114    32.495    19.594    70.000     0.041      45      37    76.0    20.0
   105.097    32.483    19.594    70.000     0.087      44      37    78.0    20.0
   105.081    32.472    19.594    70.000     0.085       2      34    80.0    20.0
   105.065    32.460    19.594    70.000     0.076       2      37    82.0    20.0
   105.048    32.448    19.594    70.000     0.042       1      37    84.0    20.0
   105.032    32.437    19.594    70.000     0.029      79      35    86.0    20.0
   105.016    32.425    19.594    70.000     0.015      55      34    88.0    20.0
   104.999    32.414    19.594    70.000     0.027       1       4    90.0    20.0
   104.983    32.402    19.594    70.000     0.052       1       5    92.0    20.0
   104.967    32.391    19.594    70.000     0.043       1      19    94.0    20.0
   104.951    32.379    19.594    70.000     0.061       1       9    96.0    20.0
   104.934    32.367    19.594    70.000     0.032     100       1    98.0    20.0
   104.918    32.356    19.594    70.000     0.049      86      37   100.0    20.0
   104.902    32.344    19.594    70.000     0.022      45      31   102.0    20.0
   104.885    32.333    19.594    70.000     0.019      44      25   104.0    20.0
   104.869    32.321    19.594    70.000     0.021      43      25   106.0    20.0
   104.853    32.309    19.594    70.000     0.011      42      15   108.0    20.0
   104.837    32.298    19.594    70.000     0.040       1      32   110.0    20.0
   104.820    32.286    19.594    70.000     0.073       2      32   112.0    20.0
   105.742    32.928    17.714    70.000     0.040      90       3     0.0    18.0
   105.725    32.916    17.714    70.000     0.033      92       3     2.0    18.0
   105.709    32.905    17.714    70.000     0.037      90       2     4.0    18.0
   105.692    32.893    17.714    70.000     0.023      91       2     6.0    18.0
   105.676    32.882    17.714    70.000     0.016      85       2     8.0    18.0
   105.660    32.870    17.714    70.000     0.014      36      32    10.0    18.0
   105.643    32.859    17.714    70.000     0.021       3      27    12.0    18.0
   105.627    32.847    17.714    70.000     0.018      34      34    14.0    18.0
   105.610    32.836    17.714    70.000     0.013      33      31    16.0    18.0
   105.594    32.824    17.714    70.000     0.019      92      36    18.0    18.0
   105.577    32.813    17.714    70.000     0.029      53      25    20.0    18.0
   105.561    32.801    17.714    70.000     0.020      54      28    22.0    18.0
   105.544    32.790    17.714    70.000     0.012       1       3    24.0    18.0
   105.528    32.778    17.714    70.000     0.015      35       1    26.0    18.0
   105.511    32.767    17.714    70.000     0.014      35       1    28.0    18.0
   105.495    32.755    17.714    70.000     0.011      82       3    30.0    18.0
   105.479    32.744    17.714    70.000     0.011      85       7    32.0    18.0
   105.462    32.732    17.714    70.000     0.011      84       3    34.0    18.0
   105.446    32.721    17.714    70.000     0.014      87       5    36.0    18.0
   105.429    32.709    17.714    70.000     0.010      85       5    38.0    18.0
   105.413    32.698    17.714    70.000     0.011      87       4    40.0    18.0
   105.397    32.686    17.714    70.000     0.012      24      11    42.0    18.0
   105.380    32.675    17.714    70.000     0.013      21      11    44.0    18.0
   105.364    32.663    17.714    70.000     0.012      21       5    46.0    18.0
   105.347    32.652    17.714    70.000     0.006      13       3    48.0    18.0
   105.331    32.640    17.714    70.000     0.006      14      25    50.0    18.0
   105.315    32.629    17.714    70.000     0.013       9       3    52.0    18.0
   105.298    32.617    17.714    70.000     0.031      10       3    54.0    18.0
   105.282    32.605    17.714    70.000     0.037     100       2    56.0    18.0
   105.265    32.594    17.714    70.000     0.031      99       2    58.0    18.0
   105.249    32.582    17.714    70.000     0.012      98       2    60.0    18.0
   105.233    32.571    17.714    70.000     0.013      23      35    62.0    18.0
   105.216    32.559    17.714    70.000     0.013      82      31    64.0    18.0
   105.200    32.548    17.714    70.000     0.012      50       3    66.0    18.0
   105.184    32.536    17.714    70.000     0.021      83      13    68.0    18.0
   105.167    32.525    17.714    70.000     0.036      55      22    70.0    18.0
   105.151    32.513    17.714    70.000     0.051       8      37    72.0    18.0
   105.135    32.502    17.714    70.000     0.050      10      37    74.0    18.0
   105.118    32.490    17.714    70.000     0.080      23       1    76.0    18.0
   105.102    32.478    17.714    70.000     0.058      11      37    78.0    18.0
   105.086    32.467    17.714    70.000     0.123      10      37    80.0    18.0
   105.069    32.455    17.714    70.000     0.076      25       1    82.0    18.0
   105.053    32.444    17.714    70.000     0.060      25       1    84.0    18.0
   105.037    32.432    17.714    70.000     0.042      61       1    86.0    18.0
   105.020    32.421    17.714    70.000     0.022       1       6    88.0    18.0
   105.004    32.409    17.714    70.000     0.037       1      21    90.0    18.0
   104.988    32.397    17.714    70.000     0.022       5      18    92.0    18.0
   104.971    32.386    17.714    70.000     0.041       1      29    94.0    18.0
   104.955    32.374    17.714    70.000     0.051       4       4    96.0    18.0
   104.939    32.363    17.714    70.000     0.038       8       8    98.0    18.0
   104.923    32.351    17.714    70.000     0.034      38       1   100.0    18.0
   104.906    32.339    17.714    70.000     0.052      50      29   102.0    18.0
   104.890    32.328    17.714    70.000     0.041      50      30   104.0    18.0
   104.874    32.316    17.714    70.000     0.032      48      31   106.0    18.0
   104.858    32.305    17.714    70.000     0.026      62       1   108.0    18.0
   104.841    32.293    17.714    70.000     0.031      67       1   110.0    18.0
   104.825    32.282    17.714    70.000     0.047       7      35   112.0    18.0
   105.747    32.923    15.835    70.000     0.034      91      32     0.0    16.0
   105.730    32.911    15.835    70.000     0.038      21      36     2.0    16.0
   105.714    32.900    15.835    70.000     0.039      60      33     4.0    16.0
   105.697    32.888    15.835    70.000     0.019      58      33     6.0    16.0
   105.681    32.877    15.835    70.000     0.016      21      36     8.0    16.0
   105.664    32.865    15.835    70.000     0.007       1       4    10.0    16.0
   105.648    32.854    15.835    70.000     0.016       1      27    12.0    16.0
   105.631    32.842    15.835    70.000     0.028       1      15    14.0    16.0
   105.615    32.831    15.835    70.000     0.034       3      29    16.0    16.0
   105.598    32.819    15.835    70.000     0.019      65      35    18.0    16.0
   105.582    32.808    15.835    70.000     0.016      65      33    20.0    16.0
   105.565    32.797    15.835    70.000     0.012      62      36    22.0    16.0
   105.549    32.785    15.835    70.000     0.014      59      37    24.0    16.0
   105.533    32.774    15.835    70.000     0.019      59      37    26.0    16.0
   105.516    32.762    15.835    70.000     0.012      91       2    28.0    16.0
   105.500    32.750    15.835    70.000     0.017      90       2    30.0    16.0
   105.483    32.739    15.835    70.000     0.014       8      37    32.0    16.0
   105.467    32.727    15.835    70.000     0.030      23       1    34.0    16.0
   105.450    32.716    15.835    70.000     0.052      22       1    36.0    16.0
   105.434    32.704    15.835    70.000     0.056      21       1    38.0    16.0
   105.418    32.693    15.835    70.000     0.030      22       1    40.0    16.0
   105.401    32.681    15.835    70.000     0.016      95      12    42.0    16.0
   105.385    32.670    15.835    70.000     0.025      95      12    44.0    16.0
   105.368    32.658    15.835    70.000     0.031      97       9    46.0    16.0
   105.352    32.647    15.835    70.000     0.061      97      11    48.0    16.0
   105.336    32.635    15.835    70.000     0.034      98      10    50.0    16.0
   105.319    32.624    15.835    70.000     0.018     100      27    52.0    16.0
   105.303    32.612    15.835    70.000     0.028     100      32    54.0    16.0
   105.287    32.601    15.835    70.000     0.031      98      33    56.0    16.0
   105.270    32.589    15.835    70.000     0.030      96      35    58.0    16.0
   105.254    32.578    15.835    70.000     0.019      95      34    60.0    16.0
   105.237    32.566    15.835    70.000     0.027      24       6    62.0    16.0
   105.221    32.555    15.835    70.000     0.027      10      37    64.0    16.0
   105.205    32.543    15.835    70.000     0.018      12      37    66.0    16.0
   105.188    32.531    15.835    70.000     0.032      11      37    68.0    16.0
   105.172    32.520    15.835    70.000     0.014      98      36    70.0    16.0
   105.156    32.508    15.835    70.000     0.017      66       9    72.0    16.0
   105.139    32.497    15.835    70.000     0.028      65      10    74.0    16.0
   105.123    32.485    15.835    70.000     0.030      64      10    76.0    16.0
   105.107    32.474    15.835    70.000     0.037      98       4    78.0    16.0
   105.090    32.462    15.835    70.000     0.075      99       4    80.0    16.0
   105.074    32.451    15.835    70.000     0.086      97       4    82.0    16.0
   105.058    32.439    15.835    70.000     0.043      97       3    84.0    16.0
   105.041    32.427    15.835    70.000     0.072      99       4    86.0    16.0
   105.025    32.416    15.835    70.000     0.110     100       4    88.0    16.0
   105.009    32.404    15.835    70.000     0.129      75      22    90.0    16.0
   104.992    32.393    15.835    70.000     0.103      74      22    92.0    16.0
   104.976    32.381    15.835    70.000     0.072      45      17    94.0    16.0
   104.960    32.370    15.835    70.000     0.057      43      20    96.0    16.0
   104.944    32.358    15.835    70.000     0.036      45       3    98.0    16.0
   104.927    32.346    15.835    70.000     0.022      13       3   100.0    16.0
   104.911    32.335    15.835    70.000     0.020      82       5   102.0    16.0
   104.895    32.323    15.835    70.000     0.033      82       6   104.0    16.0
   104.878    32.312    15.835    70.000     0.021       7       2   106.0    16.0
   104.862    32.300    15.835    70.000     0.053      45      32   108.0    16.0
   104.846    32.288    15.835    70.000     0.066       1       1   110.0    16.0
   104.830    32.277    15.835    70.000     0.101      15      37   112.0    16.0
   105.751    32.918    13.956    70.000     0.023       2       1     0.0    14.0
   105.735    32.907    13.956    70.000     0.056       3       1     2.0    14.0
   105.718    32.895    13.956    70.000     0.070       1       1     4.0    14.0
   105.702    32.884    13.956    70.000     0.062       2       1     6.0    14.0
   105.685    32.872    13.956    70.000     0.038       1       1     8.0    14.0
   105.669    32.861    13.956    70.000     0.020       2       1    10.0    14.0
   105.652    32.849    13.956    70.000     0.016      19      37    12.0    14.0
   105.636    32.838    13.956    70.000     0.006      28       3    14.0    14.0
   105.619    32.826    13.956    70.000     0.015      32      36    16.0    14.0
   105.603    32.815    13.956    70.000     0.044      31      35    18.0    14.0
   105.587    32.803    13.956    70.000     0.052      29      35    20.0    14.0
   105.570    32.792    13.956    70.000     0.056      26      36    22.0    14.0
   105.554    32.780    13.956    70.000     0.072      25      26    24.0    14.0
   105.537    32.769    13.956    70.000     0.069      26      26    26.0    14.0
   105.521    32.757    13.956    70.000     0.077      26      28    28.0    14.0
   105.504    32.746    13.956    70.000     0.076      25      10    30.0    14.0
   105.488    32.734    13.956    70.000     0.054      29      21    32.0    14.0
   105.472    32.723    13.956    70.000     0.023      28       5    34.0    14.0
   105.455    32.711    13.956    70.000     0.017      30       4    36.0    14.0
   105.439    32.700    13.956    70.000     0.021      27       2    38.0    14.0
   105.422    32.688    13.956    70.000     0.006      33       6    40.0    14.0
   105.406    32.677    13.956    70.000     0.015      32      24    42.0    14.0
   105.389    32.665    13.956    70.000     0.019      33      21    44.0    14.0
   105.373    32.654    13.956    70.000     0.026       4       7    46.0    14.0
   105.357    32.642    13.956    70.000     0.093       2       9    48.0    14.0
   105.340    32.631    13.956    70.000     0.095       3      20    50.0    14.0
   105.324    32.619    13.956    70.000     0.029       4      22    52.0    14.0
   105.308    32.607    13.956    70.000     0.010      35       7    54.0    14.0
   105.291    32.596    13.956    70.000     0.010      34      32    56.0    14.0
   105.275    32.584    13.956    70.000     0.007     100      35    58.0    14.0
   105.258    32.573    13.956    70.000     0.008     100      35    60.0    14.0
   105.242    32.561    13.956    70.000     0.014      61       2    62.0    14.0
   105.226    32.550    13.956    70.000     0.012       9       1    64.0    14.0
   105.209    32.538    13.956    70.000     0.034      20      33    66.0    14.0
   105.193    32.527    13.956    70.000     0.052      21      33    68.0    14.0
   105.177    32.515    13.956    70.000     0.063      65       2    70.0    14.0
   105.160    32.504    13.956    70.000     0.035      63       4    72.0    14.0
   105.144    32.492    13.956    70.000     0.033      95       9    74.0    14.0
   105.128    32.480    13.956    70.000     0.026     100      18    76.0    14.0
   105.111    32.469    13.956    70.000     0.015      59      35    78.0    14.0
   105.095    32.457    13.956    70.000     0.017      34      31    80.0    14.0
   105.079    32.446    13.956    70.000     0.042      60      35    82.0    14.0
   105.062    32.434    13.956    70.000     0.049      34      34    84.0    14.0
   105.046    32.423    13.956    70.000     0.054       7      19    86.0    14.0
   105.030    32.411    13.956    70.000     0.055       7      11    88.0    14.0
   105.013    32.400    13.956    70.000     0.061      10      10    90.0    14.0
   104.997    32.388    13.956    70.000     0.039       9      10    92.0    14.0
   104.981    32.376    13.956    70.000     0.024       9      35    94.0    14.0
   104.965    32.365    13.956    70.000     0.031      39      34    96.0    14.0
   104.948    32.353    13.956    70.000     0.034      57       1    98.0    14.0
   104.932    32.342    13.956    70.000     0.047      57       1   100.0    14.0
   104.916    32.330    13.956    70.000     0.029      57      11   102.0    14.0
   104.899    32.318    13.956    70.000     0.014      59       8   104.0    14.0
   104.883    32.307    13.956    70.000     0.013      13       2   106.0    14.0
   104.867    32.295    13.956    70.000     0.018      12       2   108.0    14.0
   104.851    32.284    13.956    70.000     0.017      10       1   110.0    14.0
   104.834    32.272    13.956    70.000     0.036       8       1   112.0    14.0
   105.756    32.913    12.076    70.000     0.017       1      13     0.0    12.0
   105.739    32.902    12.076    70.000     0.010      68       5     2.0    12.0
   105.723    32.890    12.076    70.000     0.007      69       5     4.0    12.0
   105.706    32.879    12.076    70.000     0.007      37       1     6.0    12.0
   105.690    32.867    12.076    70.000     0.010      50      37     8.0    12.0
   105.673    32.856    12.076    70.000     0.019      15      37    10.0    12.0
   105.657    32.844    12.076    70.000     0.019      16      37    12.0    12.0
   105.641    32.833    12.076    70.000     0.012       7       1    14.0    12.0
   105.624    32.821    12.076    70.000     0.015       1       5    16.0    12.0
   105.608    32.810    12.076    70.000     0.014       3       6    18.0    12.0
   105.591    32.799    12.076    70.000     0.022       3      14    20.0    12.0
   105.575    32.787    12.076    70.000     0.031      61      34    22.0    12.0
   105.558    32.776    12.076    70.000     0.053      59      11    24.0    12.0
   105.542    32.764    12.076    70.000     0.050      60      17    26.0    12.0
   105.525    32.752    12.076    70.000     0.038      62      18    28.0    12.0
   105.509    32.741    12.076    70.000     0.023      32      33    30.0    12.0
   105.493    32.729    12.076    70.000     0.019      60      15    32.0    12.0
   105.476    32.718    12.076    70.000     0.028      27      37    34.0    12.0
   105.460    32.706    12.076    70.000     0.050      12       1    36.0    12.0
   105.443    32.695    12.076    70.000     0.045      24      37    38.0    12.0
   105.427    32.683    12.076    70.000     0.026      11      15    40.0    12.0
   105.411    32.672    12.076    70.000     0.029      66       2    42.0    12.0
   105.394    32.660    12.076    70.000     0.028       8      10    44.0    12.0
   105.378    32.649    12.076    70.000     0.018      10      33    46.0    12.0
   105.361    32.637    12.076    70.000     0.008      10      35    48.0    12.0
   105.345    32.626    12.076    70.000     0.007      42      12    50.0    12.0
   105.329    32.614    12.076    70.000     0.014      89      26    52.0    12.0
   105.312    32.603    12.076    70.000     0.020      56       3    54.0    12.0
   105.296    32.591    12.076    70.000     0.026      85      18    56.0    12.0
   105.279    32.580    12.076    70.000     0.030      87      13    58.0    12.0
   105.263    32.568    12.076    70.000     0.019      17       1    60.0    12.0
   105.247    32.557    12.076    70.000     0.028      30      37    62.0    12.0
   105.230    32.545    12.076    70.000     0.053      35      32    64.0    12.0
   105.214    32.534    12.076    70.000     0.039      42       1    66.0    12.0
   105.198    32.522    12.076    70.000     0.052      84      37    68.0    12.0
   105.181    32.510    12.076    70.000     0.055      97       2    70.0    12.0
   105.165    32.499    12.076    70.000     0.032      69      11    72.0    12.0
   105.149    32.487    12.076    70.000     0.015      25      37    74.0    12.0
   105.132    32.476    12.076    70.000     0.022     100       1    76.0    12.0
   105.116    32.464    12.076    70.000     0.040     100       1    78.0    12.0
   105.100    32.453    12.076    70.000     0.047       9       1    80.0    12.0
   105.083    32.441    12.076    70.000     0.055      10       1    82.0    12.0
   105.067    32.429    12.076    70.000     0.039      17      33    84.0    12.0
   105.051    32.418    12.076    70.000     0.045      17      33    86.0    12.0
   105.034    32.406    12.076    70.000     0.029      60      25    88.0    12.0
   105.018    32.395    12.076    70.000     0.047      62       8    90.0    12.0
   105.002    32.383    12.076    70.000     0.080      62       5    92.0    12.0
   104.985    32.372    12.076    70.000     0.099      62       5    94.0    12.0
   104.969    32.360    12.076    70.000     0.042      60       4    96.0    12.0
   104.953    32.348    12.076    70.000     0.019      62       5    98.0    12.0
   104.937    32.337    12.076    70.000     0.023      67       9   100.0    12.0
   104.920    32.325    12.076    70.000     0.047      37      36   102.0    12.0
   104.904    32.314    12.076    70.000     0.069      35      37   104.0    12.0
   104.888    32.302    12.076    70.000     0.098      47       1   106.0    12.0
   104.872    32.291    12.076    70.000     0.090      34      37   108.0    12.0
   104.855    32.279    12.076    70.000     0.041      31      37   110.0    12.0
   104.839    32.267    12.076    70.000     0.020      30      37   112.0    12.0
   105.761    32.909    10.197    70.000     0.017      40      27     0.0    10.0
   105.744    32.897    10.197    70.000     0.016      38      28     2.0    10.0
   105.728    32.886    10.197    70.000     0.012     100       2     4.0    10.0
   105.711    32.874    10.197    70.000     0.018       8      37     6.0    10.0
   105.695    32.863    10.197    70.000     0.019       9      37     8.0    10.0
   105.678    32.851    10.197    70.000     0.015       8      33    10.0    10.0
   105.662    32.840    10.197    70.000     0.013      17      29    12.0    10.0
   105.645    32.828    10.197    70.000     0.027      16      28    14.0    10.0
   105.629    32.817    10.197    70.000     0.051      17      27    16.0    10.0
   105.612    32.805    10.197    70.000     0.068      16      23    18.0    10.0
   105.596    32.794    10.197    70.000     0.044      46      36    20.0    10.0
   105.579    32.782    10.197    70.000     0.016      11      24    22.0    10.0
   105.563    32.771    10.197    70.000     0.036      66      25    24.0    10.0
   105.547    32.759    10.197    70.000     0.036     100      11    26.0    10.0
   105.530    32.748    10.197    70.000     0.021      99       2    28.0    10.0
   105.514    32.736    10.197    70.000     0.029      44       3    30.0    10.0
   105.497    32.725    10.197    70.000     0.054      46       3    32.0    10.0
   105.481    32.713    10.197    70.000     0.030      73       4    34.0    10.0
   105.464    32.702    10.197    70.000     0.013      72       2    36.0    10.0
   105.448    32.690    10.197    70.000     0.015      72       2    38.0    10.0
   105.432    32.679    10.197    70.000     0.033      22      36    40.0    10.0
   105.415    32.667    10.197    70.000     0.026      46      15    42.0    10.0
   105.399    32.656    10.197    70.000     0.022      78      33    44.0    10.0
   105.382    32.644    10.197    70.000     0.012      48      35    46.0    10.0
   105.366    32.633    10.197    70.000     0.005      49      36    48.0    10.0
   105.350    32.621    10.197    70.000     0.012      55      32    50.0    10.0
   105.333    32.610    10.197    70.000     0.010      55      32    52.0    10.0
   105.317    32.598    10.197    70.000     0.013      23      12    54.0    10.0
   105.300    32.586    10.197    70.000     0.012       1      36    56.0    10.0
   105.284    32.575    10.197    70.000     0.013      23       2    58.0    10.0
   105.268    32.563    10.197    70.000     0.026      22       2    60.0    10.0
   105.251    32.552    10.197    70.000     0.035      86      37    62.0    10.0
   105.235    32.540    10.197    70.000     0.038      23       2    64.0    10.0
   105.219    32.529    10.197    70.000     0.037       1       3    66.0    10.0
   105.202    32.517    10.197    70.000     0.035      40      33    68.0    10.0
   105.186    32.506    10.197    70.000     0.028       2       3    70.0    10.0
   105.170    32.494    10.197    70.000     0.035       2       3    72.0    10.0
   105.153    32.483    10.197    70.000     0.040       3       2    74.0    10.0
   105.137    32.471    10.197    70.000     0.022       2       2    76.0    10.0
   105.121    32.459    10.197    70.000     0.078      26      34    78.0    10.0
   105.104    32.448    10.197    70.000     0.118      26      35    80.0    10.0
   105.088    32.436    10.197    70.000     0.245      26      33    82.0    10.0
   105.072    32.425    10.197    70.000     0.300      25      34    84.0    10.0
   105.055    32.413    10.197    70.000     0.231      25      34    86.0    10.0
   105.039    32.402    10.197    70.000     0.160      23      31    88.0    10.0
   105.023    32.390    10.197    70.000     0.124      24      21    90.0    10.0
   105.006    32.378    10.197    70.000     0.080      22      21    92.0    10.0
   104.990    32.367    10.197    70.000     0.073      52       6    94.0    10.0
   104.974    32.355    10.197    70.000     0.088      23       5    96.0    10.0
   104.958    32.344    10.197    70.000     0.047      23       9    98.0    10.0
   104.941    32.332    10.197    70.000     0.024      73      18   100.0    10.0
   104.925    32.321    10.197    70.000     0.035      73      25   102.0    10.0
   104.909    32.309    10.197    70.000     0.018      25      36   104.0    10.0
   104.892    32.297    10.197    70.000     0.029      24      36   106.0    10.0
   104.876    32.286    10.197    70.000     0.032      24      36   108.0    10.0
   104.860    32.274    10.197    70.000     0.031      95      33   110.0    10.0
   104.844    32.263    10.197    70.000     0.032      94      36   112.0    10.0
   105.765    32.904     8.318    70.000     0.018      73      33     0.0     8.0
   105.749    32.892     8.318    70.000     0.027      70      32     2.0     8.0
   105.732    32.881     8.318    70.000     0.016      72      37     4.0     8.0
   105.716    32.869     8.318    70.000     0.016      71      37     6.0     8.0
   105.699    32.858     8.318    70.000     0.018      40      34     8.0     8.0
   105.683    32.846     8.318    70.000     0.017      38      36    10.0     8.0
   105.666    32.835     8.318    70.000     0.014      10      33    12.0     8.0
   105.650    32.823     8.318    70.000     0.023       9      34    14.0     8.0
   105.633    32.812     8.318    70.000     0.018      10      33    16.0     8.0
   105.617    32.800     8.318    70.000     0.009      23       1    18.0     8.0
   105.601    32.789     8.318    70.000     0.019      14      36    20.0     8.0
   105.584    32.778     8.318    70.000     0.010      48      27    22.0     8.0
   105.568    32.766     8.318    70.000     0.012      12      21    24.0     8.0
   105.551    32.755     8.318    70.000     0.036      10      22    26.0     8.0
   105.535    32.743     8.318    70.000     0.033       8      21    28.0     8.0
   105.518    32.731     8.318    70.000     0.019      12       6    30.0     8.0
   105.502    32.720     8.318    70.000     0.044      41      29    32.0     8.0
   105.485    32.708     8.318    70.000     0.035      39      25    34.0     8.0
   105.469    32.697     8.318    70.000     0.017      71      37    36.0     8.0
   105.453    32.685     8.318    70.000     0.012      17      36    38.0     8.0
   105.436    32.674     8.318    70.000     0.015      71      37    40.0     8.0
   105.420    32.662     8.318    70.000     0.029      70      37    42.0     8.0
   105.403    32.651     8.318    70.000     0.023      70      37    44.0     8.0
   105.387    32.639     8.318    70.000     0.028      82       4    46.0     8.0
   105.371    32.628     8.318    70.000     0.015      82       4    48.0     8.0
   105.354    32.616     8.318    70.000     0.006      81       6    50.0     8.0
   105.338    32.605     8.318    70.000     0.008      64      26    52.0     8.0
   105.322    32.593     8.318    70.000     0.011      65      29    54.0     8.0
   105.305    32.582     8.318    70.000     0.024      71       3    56.0     8.0
   105.289    32.570     8.318    70.000     0.035      72       3    58.0     8.0
   105.272    32.559     8.318    70.000     0.028      71       3    60.0     8.0
   105.256    32.547     8.318    70.000     0.026      78      35    62.0     8.0
   105.240    32.536     8.318    70.000     0.039      47      34    64.0     8.0
   105.223    32.524     8.318    70.000     0.075      48      34    66.0     8.0
   105.207    32.512     8.318    70.000     0.060      79      33    68.0     8.0
   105.191    32.501     8.318    70.000     0.073      79      29    70.0     8.0
   105.174    32.489     8.318    70.000     0.093      80      26    72.0     8.0
   105.158    32.478     8.318    70.000     0.060      80      16    74.0     8.0
   105.142    32.466     8.318    70.000     0.050      81      21    76.0     8.0
   105.125    32.455     8.318    70.000     0.030      51       2    78.0     8.0
   105.109    32.443     8.318    70.000     0.036      89       2    80.0     8.0
   105.093    32.432     8.318    70.000     0.036      88       2    82.0     8.0
   105.076    32.420     8.318    70.000     0.014      89       1    84.0     8.0
   105.060    32.408     8.318    70.000     0.020      53       6    86.0     8.0
   105.044    32.397     8.318    70.000     0.033      26      15    88.0     8.0
   105.027    32.385     8.318    70.000     0.071      25      24    90.0     8.0
   105.011    32.374     8.318    70.000     0.074      26      24    92.0     8.0
   104.995    32.362     8.318    70.000     0.065      25      24    94.0     8.0
   104.979    32.351     8.318    70.000     0.053      88      34    96.0     8.0
   104.962    32.339     8.318    70.000     0.056      54      33    98.0     8.0
   104.946    32.327     8.318    70.000     0.043      53      35   100.0     8.0
   104.930    32.316     8.318    70.000     0.045      51      35   102.0     8.0
   104.913    32.304     8.318    70.000     0.058      51      35   104.0     8.0
   104.897    32.293     8.318    70.000     0.027      50      36   106.0     8.0
   104.881    32.281     8.318    70.000     0.052      25      37   108.0     8.0
   104.865    32.269     8.318    70.000     0.056      93       2   110.0     8.0
   104.848    32.258     8.318    70.000     0.066      26      37   112.0     8.0
   105.770    32.899     6.438    70.000     0.017      52       9     0.0     6.0
   105.753    32.888     6.438    70.000     0.008      91       2     2.0     6.0
   105.737    32.876     6.438    70.000     0.022      90       4     4.0     6.0
   105.720    32.865     6.438    70.000     0.021      88       4     6.0     6.0
   105.704    32.853     6.438    70.000     0.012      87       4     8.0     6.0
   105.687    32.842     6.438    70.000     0.009      29      37    10.0     6.0
   105.671    32.830     6.438    70.000     0.011      29      37    12.0     6.0
   105.655    32.819     6.438    70.000     0.006      14       1    14.0     6.0
   105.638    32.807     6.438    70.000     0.015      96      16    16.0     6.0
   105.622    32.796     6.438    70.000     0.008      93      15    18.0     6.0
   105.605    32.784     6.438    70.000     0.031      50      36    20.0     6.0
   105.589    32.773     6.438    70.000     0.037      48      36    22.0     6.0
   105.572    32.761     6.438    70.000     0.044      11       9    24.0     6.0
   105.556    32.750     6.438    70.000     0.040      11      15    26.0     6.0
   105.539    32.738     6.438    70.000     0.030      12      14    28.0     6.0
   105.523    32.727     6.438    70.000     0.051       9      19    30.0     6.0
   105.507    32.715     6.438    70.000     0.070       9      23    32.0     6.0
   105.490    32.704     6.438    70.000     0.033      19       1    34.0     6.0
   105.474    32.692     6.438    70.000     0.035       7      35    36.0     6.0
   105.457    32.681     6.438    70.000     0.030      51       1    38.0     6.0
   105.441    32.669     6.438    70.000     0.047      52       1    40.0     6.0
   105.425    32.658     6.438    70.000     0.036      53       1    42.0     6.0
   105.408    32.646     6.438    70.000     0.050      38      37    44.0     6.0
   105.392    32.635     6.438    70.000     0.037      38      37    46.0     6.0
   105.375    32.623     6.438    70.000     0.053      71      33    48.0     6.0
   105.359    32.612     6.438    70.000     0.088      74      34    50.0     6.0
   105.343    32.600     6.438    70.000     0.097      71      23    52.0     6.0
   105.326    32.589     6.438    70.000     0.065      73      28    54.0     6.0
   105.310    32.577     6.438    70.000     0.062      73      23    56.0     6.0
   105.293    32.565     6.438    70.000     0.044       6       4    58.0     6.0
   105.277    32.554     6.438    70.000     0.044       5       7    60.0     6.0
   105.261    32.542     6.438    70.000     0.018       9       7    62.0     6.0
   105.244    32.531     6.438    70.000     0.023      86      35    64.0     6.0
   105.228    32.519     6.438    70.000     0.027       9      32    66.0     6.0
   105.212    32.508     6.438    70.000     0.056      80       3    68.0     6.0
   105.195    32.496     6.438    70.000     0.076      39      37    70.0     6.0
   105.179    32.485     6.438    70.000     0.141      22       1    72.0     6.0
   105.163    32.473     6.438    70.000     0.096      20       1    74.0     6.0
   105.146    32.462     6.438    70.000     0.057      19       2    76.0     6.0
   105.130    32.450     6.438    70.000     0.047      18       2    78.0     6.0
   105.114    32.438     6.438    70.000     0.035      54       1    80.0     6.0
   105.097    32.427     6.438    70.000     0.034      57       1    82.0     6.0
   105.081    32.415     6.438    70.000     0.042      72      35    84.0     6.0
   105.065    32.404     6.438    70.000     0.062      73      34    86.0     6.0
   105.048    32.392     6.438    70.000     0.058      74      32    88.0     6.0
   105.032    32.381     6.438    70.000     0.069      74      10    90.0     6.0
   105.016    32.369     6.438    70.000     0.046      73       9    92.0     6.0
   104.999    32.357     6.438    70.000     0.048     100      19    94.0     6.0
   104.983    32.346     6.438    70.000     0.079      56      36    96.0     6.0
   104.967    32.334     6.438    70.000     0.069      54      35    98.0     6.0
   104.951    32.323     6.438    70.000     0.062      55      34   100.0     6.0
   104.934    32.311     6.438    70.000     0.022      55      34   102.0     6.0
   104.918    32.300     6.438    70.000     0.023      81      32   104.0     6.0
   104.902    32.288     6.438    70.000     0.023      78      35   106.0     6.0
   104.886    32.276     6.438    70.000     0.053      86       2   108.0     6.0
   104.869    32.265     6.438    70.000     0.036      73      36   110.0     6.0
   104.853    32.253     6.438    70.000     0.067      22       8   112.0     6.0
   105.774    32.894     4.559    70.000     0.006      30      13     0.0     4.0
   105.758    32.883     4.559    70.000     0.009      23      30     2.0     4.0
   105.742    32.871     4.559    70.000     0.006      22      30     4.0     4.0
   105.725    32.860     4.559    70.000     0.004      22      30     6.0     4.0
   105.709    32.848     4.559    70.000     0.008      84      32     8.0     4.0
   105.692    32.837     4.559    70.000     0.014      87      36    10.0     4.0
   105.676    32.825     4.559    70.000     0.023      85      36    12.0     4.0
   105.659    32.814     4.559    70.000     0.024      85      36    14.0     4.0
   105.643    32.802     4.559    70.000     0.025      33      35    16.0     4.0
   105.626    32.791     4.559    70.000     0.020      32      31    18.0     4.0
   105.610    32.779     4.559    70.000     0.022      89      13    20.0     4.0
   105.593    32.768     4.559    70.000     0.053      85      19    22.0     4.0
   105.577    32.757     4.559    70.000     0.093      83      12    24.0     4.0
   105.561    32.745     4.559    70.000     0.133      84      25    26.0     4.0
   105.544    32.734     4.559    70.000     0.087      85      26    28.0     4.0
   105.528    32.722     4.559    70.000     0.043      85      23    30.0     4.0
   105.511    32.710     4.559    70.000     0.029      83       6    32.0     4.0
   105.495    32.699     4.559    70.000     0.041      61       4    34.0     4.0
   105.478    32.687     4.559    70.000     0.027      61       3    36.0     4.0
   105.462    32.676     4.559    70.000     0.010      10      35    38.0     4.0
   105.446    32.664     4.559    70.000     0.015      31      23    40.0     4.0
   105.429    32.653     4.559    70.000     0.020      92      31    42.0     4.0
   105.413    32.641     4.559    70.000     0.031      58      36    44.0     4.0
   105.396    32.630     4.559    70.000     0.042      90      35    46.0     4.0
   105.380    32.618     4.559    70.000     0.052      88      36    48.0     4.0
   105.364    32.607     4.559    70.000     0.090      88      34    50.0     4.0
   105.347    32.595     4.559    70.000     0.051      89      34    52.0     4.0
   105.331    32.584     4.559    70.000     0.018     100       1    54.0     4.0
   105.314    32.572     4.559    70.000     0.035      69      37    56.0     4.0
   105.298    32.561     4.559    70.000     0.061      70      37    58.0     4.0
   105.282    32.549     4.559    70.000     0.061      90       3    60.0     4.0
   105.265    32.538     4.559    70.000     0.091      84       1    62.0     4.0
   105.249    32.526     4.559    70.000     0.081      84       1    64.0     4.0
   105.233    32.515     4.559    70.000     0.074      85       1    66.0     4.0
   105.216    32.503     4.559    70.000     0.016      21      30    68.0     4.0
   105.200    32.491     4.559    70.000     0.021      38       2    70.0     4.0
   105.184    32.480     4.559    70.000     0.024      38       2    72.0     4.0
   105.167    32.468     4.559    70.000     0.027      40       2    74.0     4.0
   105.151    32.457     4.559    70.000     0.080     100      13    76.0     4.0
   105.135    32.445     4.559    70.000     0.069     100      18    78.0     4.0
   105.118    32.434     4.559    70.000     0.054      37      17    80.0     4.0
   105.102    32.422     4.559    70.000     0.067      37      27    82.0     4.0
   105.086    32.411     4.559    70.000     0.057     100       1    84.0     4.0
   105.069    32.399     4.559    70.000     0.085      39      21    86.0     4.0
   105.053    32.387     4.559    70.000     0.153      40      14    88.0     4.0
   105.037    32.376     4.559    70.000     0.146      39       5    90.0     4.0
   105.020    32.364     4.559    70.000     0.115      38       5    92.0     4.0
   105.004    32.353     4.559    70.000     0.093      39       5    94.0     4.0
   104.988    32.341     4.559    70.000     0.048      60       1    96.0     4.0
   104.972    32.330     4.559    70.000     0.080      68      36    98.0     4.0
   104.955    32.318     4.559    70.000     0.091      37      36   100.0     4.0
   104.939    32.306     4.559    70.000     0.162      38      36   102.0     4.0
   104.923    32.295     4.559    70.000     0.122      37      36   104.0     4.0
   104.906    32.283     4.559    70.000     0.061      37      35   106.0     4.0
   104.890    32.272     4.559    70.000     0.043      16       3   108.0     4.0
   104.874    32.260     4.559    70.000     0.053      66       1   110.0     4.0
   104.858    32.248     4.559    70.000     0.078      65       1   112.0     4.0
   105.779    32.890     2.679    70.000     0.018      84       4     0.0     2.0
   105.763    32.878     2.679    70.000     0.012       5      31     2.0     2.0
   105.746    32.867     2.679    70.000     0.006       3      32     4.0     2.0
   105.730    32.855     2.679    70.000     0.007      16      37     6.0     2.0
   105.713    32.844     2.679    70.000     0.006      14      37     8.0     2.0
   105.697    32.832     2.679    70.000     0.015      17      37    10.0     2.0
   105.680    32.821     2.679    70.000     0.008      17      37    12.0     2.0
   105.664    32.809     2.679    70.000     0.005      25       3    14.0     2.0
   105.647    32.798     2.679    70.000     0.005      69       5    16.0     2.0
   105.631    32.786     2.679    70.000     0.021      70       5    18.0     2.0
   105.614    32.775     2.679    70.000     0.060      69       5    20.0     2.0
   105.598    32.763     2.679    70.000     0.078      69       8    22.0     2.0
   105.582    32.752     2.679    70.000     0.097      69      12    24.0     2.0
   105.565    32.740     2.679    70.000     0.065      71      24    26.0     2.0
   105.549    32.729     2.679    70.000     0.052      71      29    28.0     2.0
   105.532    32.717     2.679    70.000     0.027     100       9    30.0     2.0
   105.516    32.706     2.679    70.000     0.033       1      35    32.0     2.0
   105.499    32.694     2.679    70.000     0.056     100       3    34.0     2.0
   105.483    32.683     2.679    70.000     0.030       1      36    36.0     2.0
   105.467    32.671     2.679    70.000     0.041      70       1    38.0     2.0
   105.450    32.660     2.679    70.000     0.020     100       1    40.0     2.0
   105.434    32.648     2.679    70.000     0.020      27      36    42.0     2.0
   105.417    32.637     2.679    70.000     0.013      26      35    44.0     2.0
   105.401    32.625     2.679    70.000     0.014      47      33    46.0     2.0
   105.385    32.614     2.679    70.000     0.014      46      34    48.0     2.0
   105.368    32.602     2.679    70.000     0.028      85       4    50.0     2.0
   105.352    32.591     2.679    70.000     0.024      86       4    52.0     2.0
   105.336    32.579     2.679    70.000     0.049      27       2    54.0     2.0
   105.319    32.568     2.679    70.000     0.036      25       3    56.0     2.0
   105.303    32.556     2.679    70.000     0.032      75       2    58.0     2.0
   105.286    32.544     2.679    70.000     0.045      72       1    60.0     2.0
   105.270    32.533     2.679    70.000     0.101      88      37    62.0     2.0
   105.254    32.521     2.679    70.000     0.129      74       2    64.0     2.0
   105.237    32.510     2.679    70.000     0.096      89      37    66.0     2.0
   105.221    32.498     2.679    70.000     0.064      76       1    68.0     2.0
   105.205    32.487     2.679    70.000     0.040      33      31    70.0     2.0
   105.188    32.475     2.679    70.000     0.084      28      33    72.0     2.0
   105.172    32.464     2.679    70.000     0.121      29      34    74.0     2.0
   105.156    32.452     2.679    70.000     0.125      30      34    76.0     2.0
   105.139    32.441     2.679    70.000     0.058      29      33    78.0     2.0
   105.123    32.429     2.679    70.000     0.033      30      35    80.0     2.0
   105.107    32.417     2.679    70.000     0.034      57      34    82.0     2.0
   105.090    32.406     2.679    70.000     0.055     100      36    84.0     2.0
   105.074    32.394     2.679    70.000     0.046     100      36    86.0     2.0
   105.058    32.383     2.679    70.000     0.024      26       4    88.0     2.0
   105.041    32.371     2.679    70.000     0.046       2      36    90.0     2.0
   105.025    32.360     2.679    70.000     0.038       1      36    92.0     2.0
   105.009    32.348     2.679    70.000     0.037      26       6    94.0     2.0
   104.993    32.336     2.679    70.000     0.043      88      37    96.0     2.0
   104.976    32.325     2.679    70.000     0.045      86      37    98.0     2.0
   104.960    32.313     2.679    70.000     0.038      86      37   100.0     2.0
   104.944    32.302     2.679    70.000     0.017      27      28   102.0     2.0
   104.927    32.290     2.679    70.000     0.022      27      35   104.0     2.0
   104.911    32.278     2.679    70.000     0.032      93      37   106.0     2.0
   104.895    32.267     2.679    70.000     0.090      93      37   108.0     2.0
   104.879    32.255     2.679    70.000     0.081      91      37   110.0     2.0
   104.862    32.244     2.679    70.000     0.056      78       1   112.0     2.0
   105.784    32.885     0.800    70.000     0.012      14      22     0.0     0.0
   105.767    32.873     0.800    70.000     0.016      16      28     2.0     0.0
   105.751    32.862     0.800    70.000     0.024      16      30     4.0     0.0
   105.734    32.850     0.800    70.000     0.014      46       6     6.0     0.0
   105.718    32.839     0.800    70.000     0.009       3       1     8.0     0.0
   105.701    32.827     0.800    70.000     0.010      39       2    10.0     0.0
   105.685    32.816     0.800    70.000     0.013      38       2    12.0     0.0
   105.668    32.804     0.800    70.000     0.012      38       2    14.0     0.0
   105.652    32.793     0.800    70.000     0.014      24      37    16.0     0.0
   105.636    32.781     0.800    70.000     0.013      81      21    18.0     0.0
   105.619    32.770     0.800    70.000     0.014      81      27    20.0     0.0
   105.603    32.758     0.800    70.000     0.009      76      25    22.0     0.0
   105.586    32.747     0.800    70.000     0.015       1      17    24.0     0.0
   105.570    32.736     0.800    70.000     0.014       1      30    26.0     0.0
   105.553    32.724     0.800    70.000     0.019       1      34    28.0     0.0
   105.537    32.713     0.800    70.000     0.017      77      33    30.0     0.0
   105.521    32.701     0.800    70.000     0.026      79      35    32.0     0.0
   105.504    32.689     0.800    70.000     0.062      79      36    34.0     0.0
   105.488    32.678     0.800    70.000     0.044      78      36    36.0     0.0
   105.471    32.666     0.800    70.000     0.027      75      36    38.0     0.0
   105.455    32.655     0.800    70.000     0.013      72      36    40.0     0.0
   105.438    32.643     0.800    70.000     0.007      62       1    42.0     0.0
   105.422    32.632     0.800    70.000     0.004      79       6    44.0     0.0
   105.406    32.620     0.800    70.000     0.004      36      34    46.0     0.0
   105.389    32.609     0.800    70.000     0.014       4      18    48.0     0.0
   105.373    32.597     0.800    70.000     0.025       5      27    50.0     0.0
   105.357    32.586     0.800    70.000     0.020       5      27    52.0     0.0
   105.340    32.574     0.800    70.000     0.022       5      28    54.0     0.0
   105.324    32.563     0.800    70.000     0.037      36       2    56.0     0.0
   105.307    32.551     0.800    70.000     0.053      35       2    58.0     0.0
   105.291    32.540     0.800    70.000     0.049      35       3    60.0     0.0
   105.275    32.528     0.800    70.000     0.024      35       5    62.0     0.0
   105.258    32.517     0.800    70.000     0.060      68       2    64.0     0.0
   105.242    32.505     0.800    70.000     0.085      68       2    66.0     0.0
   105.226    32.494     0.800    70.000     0.056      38       7    68.0     0.0
   105.209    32.482     0.800    70.000     0.046      69      11    70.0     0.0
   105.193    32.470     0.800    70.000     0.080      41      34    72.0     0.0
   105.177    32.459     0.800    70.000     0.111      40      34    74.0     0.0
   105.160    32.447     0.800    70.000     0.097      40      34    76.0     0.0
   105.144    32.436     0.800    70.000     0.076      72      34    78.0     0.0
   105.128    32.424     0.800    70.000     0.101      71      34    80.0     0.0
   105.111    32.413     0.800    70.000     0.064      71      34    82.0     0.0
   105.095    32.401     0.800    70.000     0.053      69      35    84.0     0.0
   105.079    32.390     0.800    70.000     0.027      67      34    86.0     0.0
   105.062    32.378     0.800    70.000     0.058      62      30    88.0     0.0
   105.046    32.366     0.800    70.000     0.061      61      30    90.0     0.0
   105.030    32.355     0.800    70.000     0.059      62      33    92.0     0.0
   105.013    32.343     0.800    70.000     0.064      92       1    94.0     0.0
   104.997    32.332     0.800    70.000     0.050      90       1    96.0     0.0
   104.981    32.320     0.800    70.000     0.066     100      37    98.0     0.0
   104.965    32.309     0.800    70.000     0.041      89       1   100.0     0.0
   104.948    32.297     0.800    70.000     0.025      68      36   102.0     0.0
   104.932    32.285     0.800    70.000     0.033      67      36   104.0     0.0
   104.916    32.274     0.800    70.000     0.033      40      36   106.0     0.0
   104.900    32.262     0.800    70.000     0.086      37      36   108.0     0.0
   104.883    32.251     0.800    70.000     0.124      36      36   110.0     0.0
   104.867    32.239     0.800    70.000     0.084      37      36   112.0     0.0
