   104.700    32.381    33.161    54.000     0.065      20       2     0.0    40.0
   104.685    32.368    33.161    54.000     0.035      33      37     2.0    40.0
   104.670    32.355    33.161    54.000     0.018      53       4     4.0    40.0
   104.655    32.342    33.161    54.000     0.020      89       1     6.0    40.0
   104.641    32.329    33.161    54.000     0.021      89       1     8.0    40.0
   104.626    32.316    33.161    54.000     0.014      34      13    10.0    40.0
   104.611    32.303    33.161    54.000     0.019     100       8    12.0    40.0
   104.596    32.290    33.161    54.000     0.023      34      21    14.0    40.0
   104.581    32.278    33.161    54.000     0.049     100       9    16.0    40.0
   104.567    32.265    33.161    54.000     0.058     100       8    18.0    40.0
   104.552    32.252    33.161    54.000     0.064      74       4    20.0    40.0
   104.537    32.239    33.161    54.000     0.048      76       6    22.0    40.0
   104.522    32.226    33.161    54.000     0.039      76       5    24.0    40.0
   104.508    32.213    33.161    54.000     0.037      77       5    26.0    40.0
   104.493    32.200    33.161    54.000     0.041      98      35    28.0    40.0
   104.478    32.187    33.161    54.000     0.037      97      36    30.0    40.0
   104.463    32.174    33.161    54.000     0.033      95      35    32.0    40.0
   104.449    32.161    33.161    54.000     0.036      96      30    34.0    40.0
   104.434    32.148    33.161    54.000     0.037      62      33    36.0    40.0
   104.419    32.135    33.161    54.000     0.031      47       1    38.0    40.0
   104.404    32.122    33.161    54.000     0.017      36      36    40.0    40.0
   104.390    32.109    33.161    54.000     0.017      34      36    42.0    40.0
   104.375    32.096    33.161    54.000     0.012      96      10    44.0    40.0
   104.360    32.083    33.161    54.000     0.015     100      31    46.0    40.0
   104.346    32.070    33.161    54.000     0.022       1      37    48.0    40.0
   104.331    32.057    33.161    54.000     0.031      70       7    50.0    40.0
   104.316    32.044    33.161    54.000     0.049      72       8    52.0    40.0
   104.301    32.031    33.161    54.000     0.051      73       9    54.0    40.0
   104.287    32.018    33.161    54.000     0.050      73       8    56.0    40.0
   104.272    32.005    33.161    54.000     0.025      72      10    58.0    40.0
   104.257    31.992    33.161    54.000     0.016      71      10    60.0    40.0
   104.243    31.979    33.161    54.000     0.011      96       2    62.0    40.0
   104.228    31.966    33.161    54.000     0.008      89       1    64.0    40.0
   104.709    32.374    31.543    54.000     0.036      22       3     0.0    38.0
   104.694    32.361    31.543    54.000     0.018      22       3     2.0    38.0
   104.679    32.348    31.543    54.000     0.013      25       1     4.0    38.0
   104.664    32.335    31.543    54.000     0.007      33      13     6.0    38.0
   104.649    32.322    31.543    54.000     0.026      65      25     8.0    38.0
   104.635    32.309    31.543    54.000     0.062      65      30    10.0    38.0
   104.620    32.296    31.543    54.000     0.053      64      28    12.0    38.0
   104.605    32.283    31.543    54.000     0.052      37      14    14.0    38.0
   104.590    32.270    31.543    54.000     0.033      37      15    16.0    38.0
   104.576    32.257    31.543    54.000     0.021      80       1    18.0    38.0
   104.561    32.244    31.543    54.000     0.023      80       1    20.0    38.0
   104.546    32.231    31.543    54.000     0.023      82       8    22.0    38.0
   104.531    32.218    31.543    54.000     0.021      81       9    24.0    38.0
   104.517    32.205    31.543    54.000     0.005      20      14    26.0    38.0
   104.502    32.192    31.543    54.000     0.025      19       8    28.0    38.0
   104.487    32.179    31.543    54.000     0.032      65       5    30.0    38.0
   104.472    32.166    31.543    54.000     0.055      17       6    32.0    38.0
   104.458    32.154    31.543    54.000     0.053      15       6    34.0    38.0
   104.443    32.141    31.543    54.000     0.055      97      18    36.0    38.0
   104.428    32.128    31.543    54.000     0.036      98      19    38.0    38.0
   104.413    32.115    31.543    54.000     0.032      99      13    40.0    38.0
   104.399    32.102    31.543    54.000     0.045      99       8    42.0    38.0
   104.384    32.089    31.543    54.000     0.021     100       6    44.0    38.0
   104.369    32.076    31.543    54.000     0.048      57      33    46.0    38.0
   104.355    32.063    31.543    54.000     0.056      59      35    48.0    38.0
   104.340    32.050    31.543    54.000     0.030      59      35    50.0    38.0
   104.325    32.037    31.543    54.000     0.018      31      32    52.0    38.0
   104.310    32.024    31.543    54.000     0.013      75       4    54.0    38.0
   104.296    32.011    31.543    54.000     0.017      65      35    56.0    38.0
   104.281    31.998    31.543    54.000     0.016      53       1    58.0    38.0
   104.266    31.985    31.543    54.000     0.020      66      36    60.0    38.0
   104.252    31.972    31.543    54.000     0.012      30       6    62.0    38.0
   104.237    31.959    31.543    54.000     0.014      29       6    64.0    38.0
   104.718    32.366    29.925    54.000     0.042      32       6     0.0    36.0
   104.703    32.353    29.925    54.000     0.029      31       7     2.0    36.0
   104.688    32.340    29.925    54.000     0.029      32       7     4.0    36.0
   104.673    32.328    29.925    54.000     0.020      31       7     6.0    36.0
   104.658    32.315    29.925    54.000     0.039      38      13     8.0    36.0
   104.644    32.302    29.925    54.000     0.036      34       8    10.0    36.0
   104.629    32.289    29.925    54.000     0.034      35       8    12.0    36.0
   104.614    32.276    29.925    54.000     0.022      65      29    14.0    36.0
   104.599    32.263    29.925    54.000     0.020      68      31    16.0    36.0
   104.585    32.250    29.925    54.000     0.027      70      29    18.0    36.0
   104.570    32.237    29.925    54.000     0.047      71      29    20.0    36.0
   104.555    32.224    29.925    54.000     0.052      88       1    22.0    36.0
   104.540    32.211    29.925    54.000     0.019      98      37    24.0    36.0
   104.526    32.198    29.925    54.000     0.027      76      36    26.0    36.0
   104.511    32.185    29.925    54.000     0.022      30       1    28.0    36.0
   104.496    32.172    29.925    54.000     0.010      97       3    30.0    36.0
   104.481    32.159    29.925    54.000     0.012      96       4    32.0    36.0
   104.467    32.146    29.925    54.000     0.012      76      35    34.0    36.0
   104.452    32.133    29.925    54.000     0.020      62       4    36.0    36.0
   104.437    32.120    29.925    54.000     0.026      75      36    38.0    36.0
   104.422    32.107    29.925    54.000     0.049      61       7    40.0    36.0
   104.408    32.094    29.925    54.000     0.017      59      17    42.0    36.0
   104.393    32.081    29.925    54.000     0.027      66      34    44.0    36.0
   104.378    32.068    29.925    54.000     0.031      65      35    46.0    36.0
   104.364    32.055    29.925    54.000     0.033       8       2    48.0    36.0
   104.349    32.042    29.925    54.000     0.028       8       3    50.0    36.0
   104.334    32.029    29.925    54.000     0.033      10       4    52.0    36.0
   104.319    32.016    29.925    54.000     0.027       9       4    54.0    36.0
   104.305    32.003    29.925    54.000     0.024      98      37    56.0    36.0
   104.290    31.990    29.925    54.000     0.020      85       1    58.0    36.0
   104.275    31.977    29.925    54.000     0.046      84       1    60.0    36.0
   104.261    31.964    29.925    54.000     0.024      84       1    62.0    36.0
   104.246    31.951    29.925    54.000     0.018      85       1    64.0    36.0
   104.727    32.359    28.307    54.000     0.024       4      30     0.0    34.0
   104.712    32.346    28.307    54.000     0.024      35       4     2.0    34.0
   104.697    32.333    28.307    54.000     0.033      35       5     4.0    34.0
   104.682    32.320    28.307    54.000     0.019      35       5     6.0    34.0
   104.667    32.307    28.307    54.000     0.010      68       7     8.0    34.0
   104.653    32.294    28.307    54.000     0.010      51      37    10.0    34.0
   104.638    32.281    28.307    54.000     0.011      29      30    12.0    34.0
   104.623    32.268    28.307    54.000     0.011      29      30    14.0    34.0
   104.608    32.255    28.307    54.000     0.019       1      37    16.0    34.0
   104.594    32.242    28.307    54.000     0.025      20       3    18.0    34.0
   104.579    32.230    28.307    54.000     0.024      21       3    20.0    34.0
   104.564    32.217    28.307    54.000     0.010      92       3    22.0    34.0
   104.549    32.204    28.307    54.000     0.029      96       1    24.0    34.0
   104.534    32.191    28.307    54.000     0.020      72      24    26.0    34.0
   104.520    32.178    28.307    54.000     0.018      94       1    28.0    34.0
   104.505    32.165    28.307    54.000     0.028      95       1    30.0    34.0
   104.490    32.152    28.307    54.000     0.048      95       1    32.0    34.0
   104.476    32.139    28.307    54.000     0.045      98       1    34.0    34.0
   104.461    32.126    28.307    54.000     0.014      99       1    36.0    34.0
   104.446    32.113    28.307    54.000     0.013      22      15    38.0    34.0
   104.431    32.100    28.307    54.000     0.010      65       6    40.0    34.0
   104.417    32.087    28.307    54.000     0.017      68       6    42.0    34.0
   104.402    32.074    28.307    54.000     0.026      43       3    44.0    34.0
   104.387    32.061    28.307    54.000     0.019      44       3    46.0    34.0
   104.372    32.048    28.307    54.000     0.011      17      16    48.0    34.0
   104.358    32.035    28.307    54.000     0.009      70      37    50.0    34.0
   104.343    32.022    28.307    54.000     0.012      23      35    52.0    34.0
   104.328    32.009    28.307    54.000     0.027      50       5    54.0    34.0
   104.314    31.996    28.307    54.000     0.013      80      31    56.0    34.0
   104.299    31.983    28.307    54.000     0.012      81      27    58.0    34.0
   104.284    31.970    28.307    54.000     0.014      89       9    60.0    34.0
   104.270    31.957    28.307    54.000     0.022       1       6    62.0    34.0
   104.255    31.944    28.307    54.000     0.032       3       7    64.0    34.0
   104.736    32.352    26.689    54.000     0.009      71      19     0.0    32.0
   104.721    32.339    26.689    54.000     0.016      38      15     2.0    32.0
   104.706    32.326    26.689    54.000     0.017      40      14     4.0    32.0
   104.691    32.313    26.689    54.000     0.009      41       5     6.0    32.0
   104.676    32.300    26.689    54.000     0.014      74       3     8.0    32.0
   104.662    32.287    26.689    54.000     0.007      49      34    10.0    32.0
   104.647    32.274    26.689    54.000     0.022      21       1    12.0    32.0
   104.632    32.261    26.689    54.000     0.011      46       6    14.0    32.0
   104.617    32.248    26.689    54.000     0.010      23       1    16.0    32.0
   104.602    32.235    26.689    54.000     0.014      67       1    18.0    32.0
   104.588    32.222    26.689    54.000     0.018     100       1    20.0    32.0
   104.573    32.209    26.689    54.000     0.056     100       1    22.0    32.0
   104.558    32.196    26.689    54.000     0.049     100       1    24.0    32.0
   104.543    32.183    26.689    54.000     0.018     100       1    26.0    32.0
   104.529    32.170    26.689    54.000     0.018      19       3    28.0    32.0
   104.514    32.157    26.689    54.000     0.014      22       1    30.0    32.0
   104.499    32.144    26.689    54.000     0.019      23       1    32.0    32.0
   104.484    32.131    26.689    54.000     0.008      25       1    34.0    32.0
   104.470    32.118    26.689    54.000     0.019      82       3    36.0    32.0
   104.455    32.105    26.689    54.000     0.011      83       3    38.0    32.0
   104.440    32.093    26.689    54.000     0.013      76      24    40.0    32.0
   104.426    32.080    26.689    54.000     0.030      76      22    42.0    32.0
   104.411    32.067    26.689    54.000     0.032      74      15    44.0    32.0
   104.396    32.054    26.689    54.000     0.052      57      37    46.0    32.0
   104.381    32.041    26.689    54.000     0.049      57      37    48.0    32.0
   104.367    32.028    26.689    54.000     0.029      56      37    50.0    32.0
   104.352    32.015    26.689    54.000     0.026      84      25    52.0    32.0
   104.337    32.002    26.689    54.000     0.027      85      28    54.0    32.0
   104.323    31.989    26.689    54.000     0.040      59      12    56.0    32.0
   104.308    31.976    26.689    54.000     0.030      59       8    58.0    32.0
   104.293    31.963    26.689    54.000     0.020      86      21    60.0    32.0
   104.279    31.950    26.689    54.000     0.009      84      21    62.0    32.0
   104.264    31.937    26.689    54.000     0.007      58      28    64.0    32.0
   104.745    32.344    25.071    54.000     0.017      76      31     0.0    30.0
   104.730    32.331    25.071    54.000     0.033      75      31     2.0    30.0
   104.715    32.318    25.071    54.000     0.025      43      11     4.0    30.0
   104.700    32.305    25.071    54.000     0.030      44      20     6.0    30.0
   104.685    32.292    25.071    54.000     0.024      47      17     8.0    30.0
   104.671    32.279    25.071    54.000     0.027      46      22    10.0    30.0
   104.656    32.267    25.071    54.000     0.047      80       6    12.0    30.0
   104.641    32.254    25.071    54.000     0.035      80       6    14.0    30.0
   104.626    32.241    25.071    54.000     0.018      27       5    16.0    30.0
   104.611    32.228    25.071    54.000     0.019      27      13    18.0    30.0
   104.597    32.215    25.071    54.000     0.024      26      21    20.0    30.0
   104.582    32.202    25.071    54.000     0.017      27      22    22.0    30.0
   104.567    32.189    25.071    54.000     0.015      58      22    24.0    30.0
   104.552    32.176    25.071    54.000     0.019      81       2    26.0    30.0
   104.538    32.163    25.071    54.000     0.017      33      35    28.0    30.0
   104.523    32.150    25.071    54.000     0.024      50       1    30.0    30.0
   104.508    32.137    25.071    54.000     0.017      34      35    32.0    30.0
   104.493    32.124    25.071    54.000     0.013      46      22    34.0    30.0
   104.479    32.111    25.071    54.000     0.020      89       2    36.0    30.0
   104.464    32.098    25.071    54.000     0.032      90       2    38.0    30.0
   104.449    32.085    25.071    54.000     0.039      40       8    40.0    30.0
   104.435    32.072    25.071    54.000     0.022      39       3    42.0    30.0
   104.420    32.059    25.071    54.000     0.021      38       2    44.0    30.0
   104.405    32.046    25.071    54.000     0.027      79       3    46.0    30.0
   104.390    32.033    25.071    54.000     0.021      81       2    48.0    30.0
   104.376    32.020    25.071    54.000     0.054       1       1    50.0    30.0
   104.361    32.007    25.071    54.000     0.057      14      37    52.0    30.0
   104.346    31.994    25.071    54.000     0.054       2       1    54.0    30.0
   104.332    31.981    25.071    54.000     0.032      14      37    56.0    30.0
   104.317    31.968    25.071    54.000     0.010      14      37    58.0    30.0
   104.302    31.955    25.071    54.000     0.010     100       1    60.0    30.0
   104.288    31.942    25.071    54.000     0.016      99       1    62.0    30.0
   104.273    31.929    25.071    54.000     0.011      76       1    64.0    30.0
   104.753    32.337    23.452    54.000     0.047      81      36     0.0    28.0
   104.739    32.324    23.452    54.000     0.016      80      36     2.0    28.0
   104.724    32.311    23.452    54.000     0.019      17      11     4.0    28.0
   104.709    32.298    23.452    54.000     0.019      77      12     6.0    28.0
   104.694    32.285    23.452    54.000     0.016      54       1     8.0    28.0
   104.679    32.272    23.452    54.000     0.018      57       1    10.0    28.0
   104.665    32.259    23.452    54.000     0.026      57       1    12.0    28.0
   104.650    32.246    23.452    54.000     0.035      57       1    14.0    28.0
   104.635    32.233    23.452    54.000     0.032       3       8    16.0    28.0
   104.620    32.220    23.452    54.000     0.035       3       8    18.0    28.0
   104.606    32.207    23.452    54.000     0.021       5       6    20.0    28.0
   104.591    32.194    23.452    54.000     0.016      96      12    22.0    28.0
   104.576    32.181    23.452    54.000     0.007       1      31    24.0    28.0
   104.561    32.169    23.452    54.000     0.009       2      28    26.0    28.0
   104.547    32.156    23.452    54.000     0.009      11       4    28.0    28.0
   104.532    32.143    23.452    54.000     0.009       9       4    30.0    28.0
   104.517    32.130    23.452    54.000     0.014       8      12    32.0    28.0
   104.502    32.117    23.452    54.000     0.018      35      17    34.0    28.0
   104.488    32.104    23.452    54.000     0.030      37      17    36.0    28.0
   104.473    32.091    23.452    54.000     0.043      37      26    38.0    28.0
   104.458    32.078    23.452    54.000     0.032      35      30    40.0    28.0
   104.443    32.065    23.452    54.000     0.013      38      30    42.0    28.0
   104.429    32.052    23.452    54.000     0.016      21      37    44.0    28.0
   104.414    32.039    23.452    54.000     0.029      19      37    46.0    28.0
   104.399    32.026    23.452    54.000     0.059      72      36    48.0    28.0
   104.385    32.013    23.452    54.000     0.101      22      37    50.0    28.0
   104.370    32.000    23.452    54.000     0.064      22      37    52.0    28.0
   104.355    31.987    23.452    54.000     0.025      36       1    54.0    28.0
   104.341    31.974    23.452    54.000     0.021       3       2    56.0    28.0
   104.326    31.961    23.452    54.000     0.010      13      22    58.0    28.0
   104.311    31.948    23.452    54.000     0.009       7       3    60.0    28.0
   104.296    31.935    23.452    54.000     0.012       9       3    62.0    28.0
   104.282    31.922    23.452    54.000     0.011       9       5    64.0    28.0
   104.762    32.329    21.834    54.000     0.015      86      35     0.0    26.0
   104.748    32.316    21.834    54.000     0.022      20       3     2.0    26.0
   104.733    32.304    21.834    54.000     0.027      21       2     4.0    26.0
   104.718    32.291    21.834    54.000     0.028      63       1     6.0    26.0
   104.703    32.278    21.834    54.000     0.013      63       1     8.0    26.0
   104.688    32.265    21.834    54.000     0.014      97       3    10.0    26.0
   104.674    32.252    21.834    54.000     0.044      92       3    12.0    26.0
   104.659    32.239    21.834    54.000     0.083      92       1    14.0    26.0
   104.644    32.226    21.834    54.000     0.091      89       1    16.0    26.0
   104.629    32.213    21.834    54.000     0.077      90       1    18.0    26.0
   104.615    32.200    21.834    54.000     0.050      87       1    20.0    26.0
   104.600    32.187    21.834    54.000     0.036      89       1    22.0    26.0
   104.585    32.174    21.834    54.000     0.025      88       1    24.0    26.0
   104.570    32.161    21.834    54.000     0.017      27      37    26.0    26.0
   104.556    32.148    21.834    54.000     0.046      27      37    28.0    26.0
   104.541    32.135    21.834    54.000     0.030      26      37    30.0    26.0
   104.526    32.122    21.834    54.000     0.018      28      37    32.0    26.0
   104.511    32.109    21.834    54.000     0.013      82       5    34.0    26.0
   104.497    32.096    21.834    54.000     0.017      80       5    36.0    26.0
   104.482    32.083    21.834    54.000     0.025      80       5    38.0    26.0
   104.467    32.070    21.834    54.000     0.014      82       6    40.0    26.0
   104.452    32.057    21.834    54.000     0.012      54       3    42.0    26.0
   104.438    32.044    21.834    54.000     0.025      91       1    44.0    26.0
   104.423    32.032    21.834    54.000     0.060      93       1    46.0    26.0
   104.408    32.019    21.834    54.000     0.072      91       1    48.0    26.0
   104.394    32.006    21.834    54.000     0.068      92       2    50.0    26.0
   104.379    31.993    21.834    54.000     0.031      38       5    52.0    26.0
   104.364    31.980    21.834    54.000     0.016      41       6    54.0    26.0
   104.349    31.967    21.834    54.000     0.020      41      18    56.0    26.0
   104.335    31.954    21.834    54.000     0.038      41       6    58.0    26.0
   104.320    31.941    21.834    54.000     0.034      43       9    60.0    26.0
   104.305    31.928    21.834    54.000     0.038      42      11    62.0    26.0
   104.291    31.915    21.834    54.000     0.020      19       8    64.0    26.0
   104.771    32.322    20.216    54.000     0.024      92      35     0.0    24.0
   104.757    32.309    20.216    54.000     0.018      52      31     2.0    24.0
   104.742    32.296    20.216    54.000     0.019      50      31     4.0    24.0
   104.727    32.283    20.216    54.000     0.016      82      35     6.0    24.0
   104.712    32.270    20.216    54.000     0.019      82      34     8.0    24.0
   104.697    32.257    20.216    54.000     0.020      90      20    10.0    24.0
   104.683    32.244    20.216    54.000     0.021      93       1    12.0    24.0
   104.668    32.231    20.216    54.000     0.032      35      37    14.0    24.0
   104.653    32.219    20.216    54.000     0.058      95       1    16.0    24.0
   104.638    32.206    20.216    54.000     0.070      94       1    18.0    24.0
   104.624    32.193    20.216    54.000     0.058      94       1    20.0    24.0
   104.609    32.180    20.216    54.000     0.040      45      19    22.0    24.0
   104.594    32.167    20.216    54.000     0.025      44      21    24.0    24.0
   104.579    32.154    20.216    54.000     0.014      85       9    26.0    24.0
   104.564    32.141    20.216    54.000     0.019      82      22    28.0    24.0
   104.550    32.128    20.216    54.000     0.013      81      22    30.0    24.0
   104.535    32.115    20.216    54.000     0.012       1      20    32.0    24.0
   104.520    32.102    20.216    54.000     0.013      26      36    34.0    24.0
   104.506    32.089    20.216    54.000     0.012      25      36    36.0    24.0
   104.491    32.076    20.216    54.000     0.014      87       3    38.0    24.0
   104.476    32.063    20.216    54.000     0.016      86       4    40.0    24.0
   104.461    32.050    20.216    54.000     0.014      88       4    42.0    24.0
   104.447    32.037    20.216    54.000     0.007      25       2    44.0    24.0
   104.432    32.024    20.216    54.000     0.014      24       2    46.0    24.0
   104.417    32.011    20.216    54.000     0.031      98       1    48.0    24.0
   104.403    31.998    20.216    54.000     0.043      97       1    50.0    24.0
   104.388    31.985    20.216    54.000     0.020      97       1    52.0    24.0
   104.373    31.972    20.216    54.000     0.025      45      13    54.0    24.0
   104.358    31.959    20.216    54.000     0.027      72      15    56.0    24.0
   104.344    31.946    20.216    54.000     0.027      45       6    58.0    24.0
   104.329    31.933    20.216    54.000     0.021      21       6    60.0    24.0
   104.314    31.920    20.216    54.000     0.038      22       6    62.0    24.0
   104.300    31.907    20.216    54.000     0.049      21       6    64.0    24.0
   104.780    32.315    18.598    54.000     0.032      20      30     0.0    22.0
   104.766    32.302    18.598    54.000     0.017      22      29     2.0    22.0
   104.751    32.289    18.598    54.000     0.020      92       8     4.0    22.0
   104.736    32.276    18.598    54.000     0.019      92      11     6.0    22.0
   104.721    32.263    18.598    54.000     0.020      89      15     8.0    22.0
   104.706    32.250    18.598    54.000     0.029      89      13    10.0    22.0
   104.692    32.237    18.598    54.000     0.031      87      12    12.0    22.0
   104.677    32.224    18.598    54.000     0.023      87      17    14.0    22.0
   104.662    32.211    18.598    54.000     0.018      85      26    16.0    22.0
   104.647    32.198    18.598    54.000     0.025      82      10    18.0    22.0
   104.632    32.185    18.598    54.000     0.014      40      26    20.0    22.0
   104.618    32.172    18.598    54.000     0.023      42      30    22.0    22.0
   104.603    32.159    18.598    54.000     0.027      41      30    24.0    22.0
   104.588    32.146    18.598    54.000     0.014      39      28    26.0    22.0
   104.573    32.133    18.598    54.000     0.016      79      26    28.0    22.0
   104.559    32.120    18.598    54.000     0.032      79      26    30.0    22.0
   104.544    32.108    18.598    54.000     0.018      80      16    32.0    22.0
   104.529    32.095    18.598    54.000     0.011      79      17    34.0    22.0
   104.514    32.082    18.598    54.000     0.017      24      16    36.0    22.0
   104.500    32.069    18.598    54.000     0.017      21       2    38.0    22.0
   104.485    32.056    18.598    54.000     0.014      20       2    40.0    22.0
   104.470    32.043    18.598    54.000     0.014      31      35    42.0    22.0
   104.456    32.030    18.598    54.000     0.011      85       2    44.0    22.0
   104.441    32.017    18.598    54.000     0.014      86       3    46.0    22.0
   104.426    32.004    18.598    54.000     0.012       6      25    48.0    22.0
   104.411    31.991    18.598    54.000     0.009      13      30    50.0    22.0
   104.397    31.978    18.598    54.000     0.007      85      33    52.0    22.0
   104.382    31.965    18.598    54.000     0.010      29       1    54.0    22.0
   104.367    31.952    18.598    54.000     0.015      27       1    56.0    22.0
   104.353    31.939    18.598    54.000     0.014      28       1    58.0    22.0
   104.338    31.926    18.598    54.000     0.021       1      31    60.0    22.0
   104.323    31.913    18.598    54.000     0.040      41      37    62.0    22.0
   104.309    31.900    18.598    54.000     0.080      54       4    64.0    22.0
   104.789    32.307    16.980    54.000     0.030      49       2     0.0    20.0
   104.774    32.294    16.980    54.000     0.050      89       7     2.0    20.0
   104.760    32.281    16.980    54.000     0.067      89      11     4.0    20.0
   104.745    32.268    16.980    54.000     0.066      90      11     6.0    20.0
   104.730    32.256    16.980    54.000     0.023      92      10     8.0    20.0
   104.715    32.243    16.980    54.000     0.041      24      37    10.0    20.0
   104.701    32.230    16.980    54.000     0.052      38       1    12.0    20.0
   104.686    32.217    16.980    54.000     0.028      39       1    14.0    20.0
   104.671    32.204    16.980    54.000     0.022      55      30    16.0    20.0
   104.656    32.191    16.980    54.000     0.031      56      36    18.0    20.0
   104.641    32.178    16.980    54.000     0.032     100      37    20.0    20.0
   104.627    32.165    16.980    54.000     0.036       7      31    22.0    20.0
   104.612    32.152    16.980    54.000     0.036       9      36    24.0    20.0
   104.597    32.139    16.980    54.000     0.040       7      31    26.0    20.0
   104.582    32.126    16.980    54.000     0.040      30       4    28.0    20.0
   104.568    32.113    16.980    54.000     0.036      28       3    30.0    20.0
   104.553    32.100    16.980    54.000     0.041      27       2    32.0    20.0
   104.538    32.087    16.980    54.000     0.037      28       2    34.0    20.0
   104.523    32.074    16.980    54.000     0.023      28       3    36.0    20.0
   104.509    32.061    16.980    54.000     0.013      40      32    38.0    20.0
   104.494    32.048    16.980    54.000     0.011      54       1    40.0    20.0
   104.479    32.035    16.980    54.000     0.011      65      31    42.0    20.0
   104.465    32.022    16.980    54.000     0.008      67      31    44.0    20.0
   104.450    32.009    16.980    54.000     0.009      68      30    46.0    20.0
   104.435    31.996    16.980    54.000     0.006      69      15    48.0    20.0
   104.420    31.983    16.980    54.000     0.015      68       5    50.0    20.0
   104.406    31.970    16.980    54.000     0.020      66       8    52.0    20.0
   104.391    31.958    16.980    54.000     0.021      65       5    54.0    20.0
   104.376    31.945    16.980    54.000     0.018       1      31    56.0    20.0
   104.362    31.932    16.980    54.000     0.015      60       2    58.0    20.0
   104.347    31.919    16.980    54.000     0.051      57       1    60.0    20.0
   104.332    31.906    16.980    54.000     0.061      57       2    62.0    20.0
   104.318    31.893    16.980    54.000     0.033      59       1    64.0    20.0
   104.798    32.300    15.362    54.000     0.070      61      22     0.0    18.0
   104.783    32.287    15.362    54.000     0.080      62      23     2.0    18.0
   104.769    32.274    15.362    54.000     0.051      64      36     4.0    18.0
   104.754    32.261    15.362    54.000     0.029      63      36     6.0    18.0
   104.739    32.248    15.362    54.000     0.045      64      36     8.0    18.0
   104.724    32.235    15.362    54.000     0.050      63      36    10.0    18.0
   104.709    32.222    15.362    54.000     0.015      61      36    12.0    18.0
   104.695    32.209    15.362    54.000     0.011      61      36    14.0    18.0
   104.680    32.196    15.362    54.000     0.014      61      36    16.0    18.0
   104.665    32.183    15.362    54.000     0.012      59      36    18.0    18.0
   104.650    32.170    15.362    54.000     0.013      55      35    20.0    18.0
   104.636    32.158    15.362    54.000     0.012       1       1    22.0    18.0
   104.621    32.145    15.362    54.000     0.019       4       2    24.0    18.0
   104.606    32.132    15.362    54.000     0.021      61      30    26.0    18.0
   104.591    32.119    15.362    54.000     0.014      63      27    28.0    18.0
   104.577    32.106    15.362    54.000     0.010      69       4    30.0    18.0
   104.562    32.093    15.362    54.000     0.012      66       3    32.0    18.0
   104.547    32.080    15.362    54.000     0.021      14      12    34.0    18.0
   104.532    32.067    15.362    54.000     0.044      65       2    36.0    18.0
   104.518    32.054    15.362    54.000     0.082      67       3    38.0    18.0
   104.503    32.041    15.362    54.000     0.063      68       3    40.0    18.0
   104.488    32.028    15.362    54.000     0.027      67       3    42.0    18.0
   104.473    32.015    15.362    54.000     0.022      67      23    44.0    18.0
   104.459    32.002    15.362    54.000     0.035      71      25    46.0    18.0
   104.444    31.989    15.362    54.000     0.041      70      19    48.0    18.0
   104.429    31.976    15.362    54.000     0.056       7      36    50.0    18.0
   104.415    31.963    15.362    54.000     0.125       7      36    52.0    18.0
   104.400    31.950    15.362    54.000     0.136       7      36    54.0    18.0
   104.385    31.937    15.362    54.000     0.053       6      35    56.0    18.0
   104.371    31.924    15.362    54.000     0.024      34      35    58.0    18.0
   104.356    31.911    15.362    54.000     0.016      96       3    60.0    18.0
   104.341    31.898    15.362    54.000     0.012      98       2    62.0    18.0
   104.327    31.885    15.362    54.000     0.014       7       2    64.0    18.0
   104.807    32.292    13.744    54.000     0.014      63      11     0.0    16.0
   104.792    32.280    13.744    54.000     0.017      63      13     2.0    16.0
   104.778    32.267    13.744    54.000     0.013      63      35     4.0    16.0
   104.763    32.254    13.744    54.000     0.038      64      35     6.0    16.0
   104.748    32.241    13.744    54.000     0.045      64      36     8.0    16.0
   104.733    32.228    13.744    54.000     0.046      64      28    10.0    16.0
   104.718    32.215    13.744    54.000     0.043      66      28    12.0    16.0
   104.704    32.202    13.744    54.000     0.047      67      26    14.0    16.0
   104.689    32.189    13.744    54.000     0.032      17      36    16.0    16.0
   104.674    32.176    13.744    54.000     0.032      16      36    18.0    16.0
   104.659    32.163    13.744    54.000     0.034      97       6    20.0    16.0
   104.645    32.150    13.744    54.000     0.060      98       6    22.0    16.0
   104.630    32.137    13.744    54.000     0.071      94      18    24.0    16.0
   104.615    32.124    13.744    54.000     0.082      96      11    26.0    16.0
   104.600    32.111    13.744    54.000     0.039      94      25    28.0    16.0
   104.586    32.098    13.744    54.000     0.033      95      30    30.0    16.0
   104.571    32.085    13.744    54.000     0.033      13      22    32.0    16.0
   104.556    32.072    13.744    54.000     0.031      10      28    34.0    16.0
   104.541    32.059    13.744    54.000     0.030      99       2    36.0    16.0
   104.527    32.047    13.744    54.000     0.067      99       2    38.0    16.0
   104.512    32.034    13.744    54.000     0.031      70       1    40.0    16.0
   104.497    32.021    13.744    54.000     0.041      71       2    42.0    16.0
   104.482    32.008    13.744    54.000     0.041      70       2    44.0    16.0
   104.468    31.995    13.744    54.000     0.015      67      18    46.0    16.0
   104.453    31.982    13.744    54.000     0.018      67      20    48.0    16.0
   104.438    31.969    13.744    54.000     0.018      11      36    50.0    16.0
   104.424    31.956    13.744    54.000     0.031      68      34    52.0    16.0
   104.409    31.943    13.744    54.000     0.030      11      36    54.0    16.0
   104.394    31.930    13.744    54.000     0.030      10      31    56.0    16.0
   104.380    31.917    13.744    54.000     0.036      10      32    58.0    16.0
   104.365    31.904    13.744    54.000     0.010      63      35    60.0    16.0
   104.350    31.891    13.744    54.000     0.038      12       3    62.0    16.0
   104.336    31.878    13.744    54.000     0.048      28      37    64.0    16.0
   104.816    32.285    12.126    54.000     0.043      40       1     0.0    14.0
   104.801    32.272    12.126    54.000     0.036      38       2     2.0    14.0
   104.786    32.259    12.126    54.000     0.022      40       2     4.0    14.0
   104.772    32.246    12.126    54.000     0.013      99      37     6.0    14.0
   104.757    32.233    12.126    54.000     0.015      96      37     8.0    14.0
   104.742    32.220    12.126    54.000     0.025      62      19    10.0    14.0
   104.727    32.207    12.126    54.000     0.026      61      11    12.0    14.0
   104.713    32.195    12.126    54.000     0.032      64      13    14.0    14.0
   104.698    32.182    12.126    54.000     0.032      65      20    16.0    14.0
   104.683    32.169    12.126    54.000     0.028      65      23    18.0    14.0
   104.668    32.156    12.126    54.000     0.012      95      10    20.0    14.0
   104.653    32.143    12.126    54.000     0.017      15      12    22.0    14.0
   104.639    32.130    12.126    54.000     0.043      16      14    24.0    14.0
   104.624    32.117    12.126    54.000     0.072      16      18    26.0    14.0
   104.609    32.104    12.126    54.000     0.053      16      26    28.0    14.0
   104.594    32.091    12.126    54.000     0.040      92      24    30.0    14.0
   104.580    32.078    12.126    54.000     0.021      53       8    32.0    14.0
   104.565    32.065    12.126    54.000     0.029      53       3    34.0    14.0
   104.550    32.052    12.126    54.000     0.027      50      11    36.0    14.0
   104.536    32.039    12.126    54.000     0.030       1       1    38.0    14.0
   104.521    32.026    12.126    54.000     0.046      12      37    40.0    14.0
   104.506    32.013    12.126    54.000     0.029      23       2    42.0    14.0
   104.491    32.000    12.126    54.000     0.027      18      16    44.0    14.0
   104.477    31.987    12.126    54.000     0.025      54      18    46.0    14.0
   104.462    31.974    12.126    54.000     0.024      53       3    48.0    14.0
   104.447    31.961    12.126    54.000     0.044      57       2    50.0    14.0
   104.433    31.948    12.126    54.000     0.062      57       2    52.0    14.0
   104.418    31.935    12.126    54.000     0.031      56       2    54.0    14.0
   104.403    31.922    12.126    54.000     0.016      18      33    56.0    14.0
   104.388    31.909    12.126    54.000     0.011      97      37    58.0    14.0
   104.374    31.896    12.126    54.000     0.018      96      37    60.0    14.0
   104.359    31.884    12.126    54.000     0.011      96      37    62.0    14.0
   104.344    31.871    12.126    54.000     0.020      58      35    64.0    14.0
   104.825    32.278    10.508    54.000     0.061      44       7     0.0    12.0
   104.810    32.265    10.508    54.000     0.053      72      15     2.0    12.0
   104.795    32.252    10.508    54.000     0.027      73      15     4.0    12.0
   104.781    32.239    10.508    54.000     0.018      55      37     6.0    12.0
   104.766    32.226    10.508    54.000     0.020      67       1     8.0    12.0
   104.751    32.213    10.508    54.000     0.027      70       1    10.0    12.0
   104.736    32.200    10.508    54.000     0.036      69       1    12.0    12.0
   104.722    32.187    10.508    54.000     0.030      67       1    14.0    12.0
   104.707    32.174    10.508    54.000     0.018      20       7    16.0    12.0
   104.692    32.161    10.508    54.000     0.034      21       7    18.0    12.0
   104.677    32.148    10.508    54.000     0.086      20      18    20.0    12.0
   104.662    32.135    10.508    54.000     0.101      20      22    22.0    12.0
   104.648    32.122    10.508    54.000     0.123      19      24    24.0    12.0
   104.633    32.109    10.508    54.000     0.070      19      31    26.0    12.0
   104.618    32.097    10.508    54.000     0.042      20      33    28.0    12.0
   104.603    32.084    10.508    54.000     0.029      19       4    30.0    12.0
   104.589    32.071    10.508    54.000     0.034      62       1    32.0    12.0
   104.574    32.058    10.508    54.000     0.023      21       4    34.0    12.0
   104.559    32.045    10.508    54.000     0.024      56       2    36.0    12.0
   104.544    32.032    10.508    54.000     0.084      57       2    38.0    12.0
   104.530    32.019    10.508    54.000     0.073      45      36    40.0    12.0
   104.515    32.006    10.508    54.000     0.077      56       5    42.0    12.0
   104.500    31.993    10.508    54.000     0.091      56       9    44.0    12.0
   104.486    31.980    10.508    54.000     0.107      57       8    46.0    12.0
   104.471    31.967    10.508    54.000     0.046      55      16    48.0    12.0
   104.456    31.954    10.508    54.000     0.052      84      19    50.0    12.0
   104.441    31.941    10.508    54.000     0.017      84      20    52.0    12.0
   104.427    31.928    10.508    54.000     0.010      12       1    54.0    12.0
   104.412    31.915    10.508    54.000     0.030      42      10    56.0    12.0
   104.397    31.902    10.508    54.000     0.031      41      18    58.0    12.0
   104.383    31.889    10.508    54.000     0.010      43      23    60.0    12.0
   104.368    31.876    10.508    54.000     0.010      46      28    62.0    12.0
   104.353    31.863    10.508    54.000     0.018      82       6    64.0    12.0
   104.834    32.270     8.890    54.000     0.022      78      26     0.0    10.0
   104.819    32.257     8.890    54.000     0.026      77      28     2.0    10.0
   104.804    32.244     8.890    54.000     0.029       7      37     4.0    10.0
   104.790    32.231     8.890    54.000     0.029       7      37     6.0    10.0
   104.775    32.219     8.890    54.000     0.028      27      12     8.0    10.0
   104.760    32.206     8.890    54.000     0.019      79       3    10.0    10.0
   104.745    32.193     8.890    54.000     0.020      79       3    12.0    10.0
   104.730    32.180     8.890    54.000     0.034      48       2    14.0    10.0
   104.716    32.167     8.890    54.000     0.039      49       3    16.0    10.0
   104.701    32.154     8.890    54.000     0.037      49       3    18.0    10.0
   104.686    32.141     8.890    54.000     0.031      48       3    20.0    10.0
   104.671    32.128     8.890    54.000     0.020      48       2    22.0    10.0
   104.657    32.115     8.890    54.000     0.036      80       3    24.0    10.0
   104.642    32.102     8.890    54.000     0.019      79       3    26.0    10.0
   104.627    32.089     8.890    54.000     0.008      27      25    28.0    10.0
   104.612    32.076     8.890    54.000     0.007      24       9    30.0    10.0
   104.598    32.063     8.890    54.000     0.012      69       5    32.0    10.0
   104.583    32.050     8.890    54.000     0.019      68       1    34.0    10.0
   104.568    32.037     8.890    54.000     0.067       4      37    36.0    10.0
   104.553    32.024     8.890    54.000     0.089       5      37    38.0    10.0
   104.539    32.011     8.890    54.000     0.088       5      37    40.0    10.0
   104.524    31.998     8.890    54.000     0.056      61       1    42.0    10.0
   104.509    31.986     8.890    54.000     0.061      60       2    44.0    10.0
   104.495    31.973     8.890    54.000     0.051      63       1    46.0    10.0
   104.480    31.960     8.890    54.000     0.066      64       1    48.0    10.0
   104.465    31.947     8.890    54.000     0.054      86      15    50.0    10.0
   104.450    31.934     8.890    54.000     0.029      85      13    52.0    10.0
   104.436    31.921     8.890    54.000     0.014      88      29    54.0    10.0
   104.421    31.908     8.890    54.000     0.018      75       1    56.0    10.0
   104.406    31.895     8.890    54.000     0.021      76       1    58.0    10.0
   104.392    31.882     8.890    54.000     0.027      77       1    60.0    10.0
   104.377    31.869     8.890    54.000     0.013      45      28    62.0    10.0
   104.362    31.856     8.890    54.000     0.011      44      27    64.0    10.0
   104.843    32.263     7.272    54.000     0.030      34      21     0.0     8.0
   104.828    32.250     7.272    54.000     0.044      58       1     2.0     8.0
   104.813    32.237     7.272    54.000     0.075      56       1     4.0     8.0
   104.799    32.224     7.272    54.000     0.085      57       1     6.0     8.0
   104.784    32.211     7.272    54.000     0.060      60       1     8.0     8.0
   104.769    32.198     7.272    54.000     0.046      57       1    10.0     8.0
   104.754    32.185     7.272    54.000     0.030       6      15    12.0     8.0
   104.739    32.172     7.272    54.000     0.047       1      33    14.0     8.0
   104.725    32.159     7.272    54.000     0.034       2      25    16.0     8.0
   104.710    32.147     7.272    54.000     0.027       1      32    18.0     8.0
   104.695    32.134     7.272    54.000     0.024       1      27    20.0     8.0
   104.680    32.121     7.272    54.000     0.027      34      36    22.0     8.0
   104.666    32.108     7.272    54.000     0.022       1      25    24.0     8.0
   104.651    32.095     7.272    54.000     0.033      71      27    26.0     8.0
   104.636    32.082     7.272    54.000     0.060      71      25    28.0     8.0
   104.621    32.069     7.272    54.000     0.026      72       6    30.0     8.0
   104.607    32.056     7.272    54.000     0.021      74      10    32.0     8.0
   104.592    32.043     7.272    54.000     0.033      75       5    34.0     8.0
   104.577    32.030     7.272    54.000     0.041      75       6    36.0     8.0
   104.562    32.017     7.272    54.000     0.016      73       5    38.0     8.0
   104.548    32.004     7.272    54.000     0.021      41      36    40.0     8.0
   104.533    31.991     7.272    54.000     0.020       1       8    42.0     8.0
   104.518    31.978     7.272    54.000     0.055       1       5    44.0     8.0
   104.503    31.965     7.272    54.000     0.053       1       3    46.0     8.0
   104.489    31.952     7.272    54.000     0.033       1       2    48.0     8.0
   104.474    31.939     7.272    54.000     0.039      40       2    50.0     8.0
   104.459    31.926     7.272    54.000     0.034      41       2    52.0     8.0
   104.445    31.913     7.272    54.000     0.021      50      37    54.0     8.0
   104.430    31.900     7.272    54.000     0.010      80      23    56.0     8.0
   104.415    31.887     7.272    54.000     0.015      74       2    58.0     8.0
   104.401    31.874     7.272    54.000     0.026      87       9    60.0     8.0
   104.386    31.861     7.272    54.000     0.031      86       8    62.0     8.0
   104.371    31.848     7.272    54.000     0.012      43      24    64.0     8.0
   104.852    32.255     5.654    54.000     0.010      40      36     0.0     6.0
   104.837    32.243     5.654    54.000     0.011      41      35     2.0     6.0
   104.822    32.230     5.654    54.000     0.015      93       4     4.0     6.0
   104.807    32.217     5.654    54.000     0.020      93       4     6.0     6.0
   104.793    32.204     5.654    54.000     0.031      46      17     8.0     6.0
   104.778    32.191     5.654    54.000     0.049      47      18    10.0     6.0
   104.763    32.178     5.654    54.000     0.057      42       4    12.0     6.0
   104.748    32.165     5.654    54.000     0.072       5      29    14.0     6.0
   104.734    32.152     5.654    54.000     0.124       5      30    16.0     6.0
   104.719    32.139     5.654    54.000     0.094       5      35    18.0     6.0
   104.704    32.126     5.654    54.000     0.084       6      35    20.0     6.0
   104.689    32.113     5.654    54.000     0.118       6      34    22.0     6.0
   104.674    32.100     5.654    54.000     0.092       5      34    24.0     6.0
   104.660    32.087     5.654    54.000     0.100      31      10    26.0     6.0
   104.645    32.074     5.654    54.000     0.083      33      12    28.0     6.0
   104.630    32.061     5.654    54.000     0.044      28      19    30.0     6.0
   104.616    32.049     5.654    54.000     0.032      26      19    32.0     6.0
   104.601    32.036     5.654    54.000     0.030      70      34    34.0     6.0
   104.586    32.023     5.654    54.000     0.067      72      35    36.0     6.0
   104.571    32.010     5.654    54.000     0.086     100      36    38.0     6.0
   104.557    31.997     5.654    54.000     0.086       5       2    40.0     6.0
   104.542    31.984     5.654    54.000     0.079       4       4    42.0     6.0
   104.527    31.971     5.654    54.000     0.074       7       2    44.0     6.0
   104.512    31.958     5.654    54.000     0.064      24      37    46.0     6.0
   104.498    31.945     5.654    54.000     0.048      26      37    48.0     6.0
   104.483    31.932     5.654    54.000     0.041      25      37    50.0     6.0
   104.468    31.919     5.654    54.000     0.040      26      37    52.0     6.0
   104.454    31.906     5.654    54.000     0.030      42       2    54.0     6.0
   104.439    31.893     5.654    54.000     0.024      42       2    56.0     6.0
   104.424    31.880     5.654    54.000     0.030      57      37    58.0     6.0
   104.410    31.867     5.654    54.000     0.053      83      35    60.0     6.0
   104.395    31.854     5.654    54.000     0.046      83      33    62.0     6.0
   104.380    31.841     5.654    54.000     0.035      84      35    64.0     6.0
   104.861    32.248     4.036    54.000     0.046      91      15     0.0     4.0
   104.846    32.235     4.036    54.000     0.046      91      33     2.0     4.0
   104.831    32.222     4.036    54.000     0.045      92      37     4.0     4.0
   104.816    32.209     4.036    54.000     0.050      95      37     6.0     4.0
   104.802    32.196     4.036    54.000     0.074      41      16     8.0     4.0
   104.787    32.183     4.036    54.000     0.045      93      37    10.0     4.0
   104.772    32.171     4.036    54.000     0.031      94      37    12.0     4.0
   104.757    32.158     4.036    54.000     0.019       1       1    14.0     4.0
   104.742    32.145     4.036    54.000     0.043      14      36    16.0     4.0
   104.728    32.132     4.036    54.000     0.043      13      36    18.0     4.0
   104.713    32.119     4.036    54.000     0.042      15      36    20.0     4.0
   104.698    32.106     4.036    54.000     0.038      34       8    22.0     4.0
   104.683    32.093     4.036    54.000     0.017      35      10    24.0     4.0
   104.669    32.080     4.036    54.000     0.019      63      23    26.0     4.0
   104.654    32.067     4.036    54.000     0.035      84      10    28.0     4.0
   104.639    32.054     4.036    54.000     0.041      84       9    30.0     4.0
   104.624    32.041     4.036    54.000     0.014      30      36    32.0     4.0
   104.610    32.028     4.036    54.000     0.029      31      36    34.0     4.0
   104.595    32.015     4.036    54.000     0.066      33      37    36.0     4.0
   104.580    32.002     4.036    54.000     0.072      32      37    38.0     4.0
   104.566    31.989     4.036    54.000     0.070      33      37    40.0     4.0
   104.551    31.976     4.036    54.000     0.113      32      37    42.0     4.0
   104.536    31.963     4.036    54.000     0.061      49       1    44.0     4.0
   104.521    31.950     4.036    54.000     0.046      50       1    46.0     4.0
   104.507    31.937     4.036    54.000     0.047      52       1    48.0     4.0
   104.492    31.925     4.036    54.000     0.050      86       2    50.0     4.0
   104.477    31.912     4.036    54.000     0.059      85       1    52.0     4.0
   104.463    31.899     4.036    54.000     0.075      85       1    54.0     4.0
   104.448    31.886     4.036    54.000     0.030      84       1    56.0     4.0
   104.433    31.873     4.036    54.000     0.014      31      10    58.0     4.0
   104.418    31.860     4.036    54.000     0.019      32       9    60.0     4.0
   104.404    31.847     4.036    54.000     0.034      34      11    62.0     4.0
   104.389    31.834     4.036    54.000     0.025      32      21    64.0     4.0
   104.870    32.241     2.418    54.000     0.080      53      15     0.0     2.0
   104.855    32.228     2.418    54.000     0.051      53      12     2.0     2.0
   104.840    32.215     2.418    54.000     0.026      54      28     4.0     2.0
   104.825    32.202     2.418    54.000     0.039      53      35     6.0     2.0
   104.811    32.189     2.418    54.000     0.028      50      37     8.0     2.0
   104.796    32.176     2.418    54.000     0.048      35       1    10.0     2.0
   104.781    32.163     2.418    54.000     0.063      11       1    12.0     2.0
   104.766    32.150     2.418    54.000     0.238      12       1    14.0     2.0
   104.751    32.137     2.418    54.000     0.200      12       1    16.0     2.0
   104.737    32.124     2.418    54.000     0.099      12       1    18.0     2.0
   104.722    32.111     2.418    54.000     0.059      13       1    20.0     2.0
   104.707    32.098     2.418    54.000     0.061      20       7    22.0     2.0
   104.692    32.086     2.418    54.000     0.058      50      18    24.0     2.0
   104.678    32.073     2.418    54.000     0.073      53      15    26.0     2.0
   104.663    32.060     2.418    54.000     0.077      51      20    28.0     2.0
   104.648    32.047     2.418    54.000     0.053      52      15    30.0     2.0
   104.633    32.034     2.418    54.000     0.039      49      13    32.0     2.0
   104.619    32.021     2.418    54.000     0.042      48      15    34.0     2.0
   104.604    32.008     2.418    54.000     0.023      14      31    36.0     2.0
   104.589    31.995     2.418    54.000     0.037      46      35    38.0     2.0
   104.574    31.982     2.418    54.000     0.026      45      35    40.0     2.0
   104.560    31.969     2.418    54.000     0.072      15      36    42.0     2.0
   104.545    31.956     2.418    54.000     0.075      16      36    44.0     2.0
   104.530    31.943     2.418    54.000     0.063      29       2    46.0     2.0
   104.516    31.930     2.418    54.000     0.043      29       3    48.0     2.0
   104.501    31.917     2.418    54.000     0.036      67      16    50.0     2.0
   104.486    31.904     2.418    54.000     0.041      67      18    52.0     2.0
   104.471    31.891     2.418    54.000     0.032     100       2    54.0     2.0
   104.457    31.878     2.418    54.000     0.049      15       1    56.0     2.0
   104.442    31.865     2.418    54.000     0.059      15       1    58.0     2.0
   104.427    31.852     2.418    54.000     0.027      72      26    60.0     2.0
   104.413    31.839     2.418    54.000     0.010      73      30    62.0     2.0
   104.398    31.826     2.418    54.000     0.011      75      36    64.0     2.0
   104.879    32.233     0.800    54.000     0.030      53      31     0.0     0.0
   104.864    32.220     0.800    54.000     0.017      53      33     2.0     0.0
   104.849    32.207     0.800    54.000     0.011      92      35     4.0     0.0
   104.834    32.195     0.800    54.000     0.025      96      35     6.0     0.0
   104.819    32.182     0.800    54.000     0.044       1       1     8.0     0.0
   104.805    32.169     0.800    54.000     0.071      13      37    10.0     0.0
   104.790    32.156     0.800    54.000     0.112      25       1    12.0     0.0
   104.775    32.143     0.800    54.000     0.131      39      37    14.0     0.0
   104.760    32.130     0.800    54.000     0.074      39      37    16.0     0.0
   104.746    32.117     0.800    54.000     0.046      54       2    18.0     0.0
   104.731    32.104     0.800    54.000     0.038      93       5    20.0     0.0
   104.716    32.091     0.800    54.000     0.029      56       2    22.0     0.0
   104.701    32.078     0.800    54.000     0.040      51      15    24.0     0.0
   104.687    32.065     0.800    54.000     0.076      52      30    26.0     0.0
   104.672    32.052     0.800    54.000     0.054      51      31    28.0     0.0
   104.657    32.039     0.800    54.000     0.043      52      31    30.0     0.0
   104.642    32.026     0.800    54.000     0.039      53      28    32.0     0.0
   104.628    32.013     0.800    54.000     0.028      54      34    34.0     0.0
   104.613    32.000     0.800    54.000     0.043      57      37    36.0     0.0
   104.598    31.988     0.800    54.000     0.059      59      37    38.0     0.0
   104.583    31.975     0.800    54.000     0.059      25      35    40.0     0.0
   104.569    31.962     0.800    54.000     0.049      74       2    42.0     0.0
   104.554    31.949     0.800    54.000     0.038      41       1    44.0     0.0
   104.539    31.936     0.800    54.000     0.038      42       1    46.0     0.0
   104.525    31.923     0.800    54.000     0.013      41       2    48.0     0.0
   104.510    31.910     0.800    54.000     0.019      40       5    50.0     0.0
   104.495    31.897     0.800    54.000     0.018      39       6    52.0     0.0
   104.480    31.884     0.800    54.000     0.027      76      12    54.0     0.0
   104.466    31.871     0.800    54.000     0.032      32       1    56.0     0.0
   104.451    31.858     0.800    54.000     0.042      72      10    58.0     0.0
   104.436    31.845     0.800    54.000     0.069      73      12    60.0     0.0
   104.422    31.832     0.800    54.000     0.031      74      30    62.0     0.0
   104.407    31.819     0.800    54.000     0.017      74       7    64.0     0.0
