   104.262    31.926    33.161    54.000     0.082      68       3     0.0    40.0
   104.247    31.913    33.161    54.000     0.058     100      12     2.0    40.0
   104.233    31.900    33.161    54.000     0.047     100       6     4.0    40.0
   104.218    31.887    33.161    54.000     0.024      99       2     6.0    40.0
   104.203    31.874    33.161    54.000     0.013     100       2     8.0    40.0
   104.189    31.861    33.161    54.000     0.012      61       7    10.0    40.0
   104.174    31.848    33.161    54.000     0.022      92      14    12.0    40.0
   104.159    31.835    33.161    54.000     0.032      60       5    14.0    40.0
   104.145    31.822    33.161    54.000     0.040      92      29    16.0    40.0
   104.130    31.809    33.161    54.000     0.026      89      17    18.0    40.0
   104.115    31.796    33.161    54.000     0.046       2      25    20.0    40.0
   104.101    31.783    33.161    54.000     0.085       5      29    22.0    40.0
   104.086    31.770    33.161    54.000     0.102       5      28    24.0    40.0
   104.071    31.757    33.161    54.000     0.104       5      26    26.0    40.0
   104.271    31.919    31.543    54.000     0.043      67       1     0.0    38.0
   104.256    31.906    31.543    54.000     0.032      68       1     2.0    38.0
   104.242    31.893    31.543    54.000     0.015      81      37     4.0    38.0
   104.227    31.880    31.543    54.000     0.026      16       7     6.0    38.0
   104.212    31.867    31.543    54.000     0.037      15       6     8.0    38.0
   104.198    31.854    31.543    54.000     0.034      13       6    10.0    38.0
   104.183    31.841    31.543    54.000     0.050      12      10    12.0    38.0
   104.168    31.828    31.543    54.000     0.055      12       3    14.0    38.0
   104.154    31.815    31.543    54.000     0.061      11       3    16.0    38.0
   104.139    31.802    31.543    54.000     0.033      91      31    18.0    38.0
   104.124    31.789    31.543    54.000     0.027       7       2    20.0    38.0
   104.110    31.776    31.543    54.000     0.019       5      22    22.0    38.0
   104.095    31.763    31.543    54.000     0.028       4      22    24.0    38.0
   104.080    31.750    31.543    54.000     0.026       4      17    26.0    38.0
   104.280    31.911    29.925    54.000     0.042      56      15     0.0    36.0
   104.265    31.898    29.925    54.000     0.070      55       8     2.0    36.0
   104.251    31.885    29.925    54.000     0.082      56      10     4.0    36.0
   104.236    31.872    29.925    54.000     0.071      54       8     6.0    36.0
   104.221    31.859    29.925    54.000     0.050      80      14     8.0    36.0
   104.207    31.846    29.925    54.000     0.045      84       7    10.0    36.0
   104.192    31.833    29.925    54.000     0.065      83       5    12.0    36.0
   104.177    31.820    29.925    54.000     0.054      82       6    14.0    36.0
   104.163    31.807    29.925    54.000     0.030      84       8    16.0    36.0
   104.148    31.794    29.925    54.000     0.031      51       4    18.0    36.0
   104.133    31.781    29.925    54.000     0.030      84      30    20.0    36.0
   104.119    31.768    29.925    54.000     0.067      86      27    22.0    36.0
   104.104    31.755    29.925    54.000     0.096      86      18    24.0    36.0
   104.089    31.742    29.925    54.000     0.118      84      20    26.0    36.0
   104.289    31.904    28.307    54.000     0.092      15      14     0.0    34.0
   104.274    31.891    28.307    54.000     0.062      50      23     2.0    34.0
   104.260    31.878    28.307    54.000     0.085      51      22     4.0    34.0
   104.245    31.865    28.307    54.000     0.053      51      21     6.0    34.0
   104.230    31.852    28.307    54.000     0.066     100      37     8.0    34.0
   104.216    31.839    28.307    54.000     0.087      99      37    10.0    34.0
   104.201    31.826    28.307    54.000     0.081     100      37    12.0    34.0
   104.186    31.813    28.307    54.000     0.061       1       1    14.0    34.0
   104.172    31.800    28.307    54.000     0.068       1       1    16.0    34.0
   104.157    31.787    28.307    54.000     0.068      77       3    18.0    34.0
   104.142    31.774    28.307    54.000     0.053      77       3    20.0    34.0
   104.128    31.761    28.307    54.000     0.023      49       5    22.0    34.0
   104.113    31.748    28.307    54.000     0.058      15      14    24.0    34.0
   104.098    31.735    28.307    54.000     0.065      15      14    26.0    34.0
   104.298    31.896    26.689    54.000     0.071      47       8     0.0    32.0
   104.283    31.884    26.689    54.000     0.061       1       1     2.0    32.0
   104.269    31.871    26.689    54.000     0.052      14      29     4.0    32.0
   104.254    31.858    26.689    54.000     0.034      12      33     6.0    32.0
   104.239    31.845    26.689    54.000     0.028      18      33     8.0    32.0
   104.224    31.832    26.689    54.000     0.023      52      36    10.0    32.0
   104.210    31.819    26.689    54.000     0.032      50      36    12.0    32.0
   104.195    31.806    26.689    54.000     0.033      50      36    14.0    32.0
   104.180    31.793    26.689    54.000     0.025      98      33    16.0    32.0
   104.166    31.780    26.689    54.000     0.031     100      34    18.0    32.0
   104.151    31.767    26.689    54.000     0.059     100      31    20.0    32.0
   104.137    31.754    26.689    54.000     0.045      99      29    22.0    32.0
   104.122    31.741    26.689    54.000     0.048      14       9    24.0    32.0
   104.107    31.728    26.689    54.000     0.044      12       7    26.0    32.0
   104.307    31.889    25.071    54.000     0.121      19      27     0.0    30.0
   104.292    31.876    25.071    54.000     0.113       1       1     2.0    30.0
   104.277    31.863    25.071    54.000     0.127       1       1     4.0    30.0
   104.263    31.850    25.071    54.000     0.081      15      28     6.0    30.0
   104.248    31.837    25.071    54.000     0.030      34       2     8.0    30.0
   104.233    31.824    25.071    54.000     0.040      35       2    10.0    30.0
   104.219    31.811    25.071    54.000     0.018      34       3    12.0    30.0
   104.204    31.798    25.071    54.000     0.026      92       6    14.0    30.0
   104.189    31.785    25.071    54.000     0.035      65       4    16.0    30.0
   104.175    31.772    25.071    54.000     0.053      65       4    18.0    30.0
   104.160    31.759    25.071    54.000     0.052      95      14    20.0    30.0
   104.145    31.746    25.071    54.000     0.046      97      14    22.0    30.0
   104.131    31.733    25.071    54.000     0.105      99      18    24.0    30.0
   104.116    31.720    25.071    54.000     0.045      62       5    26.0    30.0
   104.316    31.882    23.452    54.000     0.121      61       7     0.0    28.0
   104.301    31.869    23.452    54.000     0.171      62       7     2.0    28.0
   104.286    31.856    23.452    54.000     0.085      61       7     4.0    28.0
   104.272    31.843    23.452    54.000     0.091      59      15     6.0    28.0
   104.257    31.830    23.452    54.000     0.069      58      17     8.0    28.0
   104.242    31.817    23.452    54.000     0.090      87      35    10.0    28.0
   104.228    31.804    23.452    54.000     0.084      87      35    12.0    28.0
   104.213    31.791    23.452    54.000     0.103      59      26    14.0    28.0
   104.198    31.778    23.452    54.000     0.070      88      36    16.0    28.0
   104.184    31.765    23.452    54.000     0.080      87      36    18.0    28.0
   104.169    31.752    23.452    54.000     0.035      87      36    20.0    28.0
   104.154    31.739    23.452    54.000     0.030      63      10    22.0    28.0
   104.140    31.726    23.452    54.000     0.041      64       9    24.0    28.0
   104.125    31.713    23.452    54.000     0.075      65      11    26.0    28.0
   104.325    31.874    21.834    54.000     0.262      30      32     0.0    26.0
   104.310    31.861    21.834    54.000     0.119      29      32     2.0    26.0
   104.295    31.848    21.834    54.000     0.062      57      28     4.0    26.0
   104.281    31.835    21.834    54.000     0.033      58      33     6.0    26.0
   104.266    31.823    21.834    54.000     0.022      57      18     8.0    26.0
   104.251    31.810    21.834    54.000     0.023      55       4    10.0    26.0
   104.237    31.797    21.834    54.000     0.038      16      22    12.0    26.0
   104.222    31.784    21.834    54.000     0.064      19      14    14.0    26.0
   104.207    31.771    21.834    54.000     0.063      18       9    16.0    26.0
   104.193    31.758    21.834    54.000     0.034      19       8    18.0    26.0
   104.178    31.745    21.834    54.000     0.033      18      23    20.0    26.0
   104.163    31.732    21.834    54.000     0.036      21       7    22.0    26.0
   104.149    31.719    21.834    54.000     0.042      22       6    24.0    26.0
   104.134    31.706    21.834    54.000     0.029      21       7    26.0    26.0
   104.334    31.867    20.216    54.000     0.101      73       8     0.0    24.0
   104.319    31.854    20.216    54.000     0.106      71      10     2.0    24.0
   104.304    31.841    20.216    54.000     0.054      71      10     4.0    24.0
   104.290    31.828    20.216    54.000     0.039      45       3     6.0    24.0
   104.275    31.815    20.216    54.000     0.040      20      24     8.0    24.0
   104.260    31.802    20.216    54.000     0.051      20      26    10.0    24.0
   104.246    31.789    20.216    54.000     0.066      20      28    12.0    24.0
   104.231    31.776    20.216    54.000     0.060      20      20    14.0    24.0
   104.216    31.763    20.216    54.000     0.067      19      18    16.0    24.0
   104.202    31.750    20.216    54.000     0.070      19      23    18.0    24.0
   104.187    31.737    20.216    54.000     0.055      46      32    20.0    24.0
   104.172    31.724    20.216    54.000     0.065      45      31    22.0    24.0
   104.158    31.711    20.216    54.000     0.051      19      36    24.0    24.0
   104.143    31.698    20.216    54.000     0.092      21      36    26.0    24.0
   104.343    31.860    18.598    54.000     0.333      72      28     0.0    22.0
   104.328    31.847    18.598    54.000     0.397      70      29     2.0    22.0
   104.313    31.834    18.598    54.000     0.160      70      31     4.0    22.0
   104.298    31.821    18.598    54.000     0.197       1      31     6.0    22.0
   104.284    31.808    18.598    54.000     0.220       1      30     8.0    22.0
   104.269    31.795    18.598    54.000     0.148       1      32    10.0    22.0
   104.254    31.782    18.598    54.000     0.056       1      30    12.0    22.0
   104.240    31.769    18.598    54.000     0.042       1      13    14.0    22.0
   104.225    31.756    18.598    54.000     0.042       1       9    16.0    22.0
   104.210    31.743    18.598    54.000     0.074       1       8    18.0    22.0
   104.196    31.730    18.598    54.000     0.137       1       8    20.0    22.0
   104.181    31.717    18.598    54.000     0.150       2       7    22.0    22.0
   104.167    31.704    18.598    54.000     0.124       3       6    24.0    22.0
   104.152    31.691    18.598    54.000     0.050       3      24    26.0    22.0
   104.351    31.852    16.980    54.000     0.101      75      33     0.0    20.0
   104.337    31.839    16.980    54.000     0.139      32      30     2.0    20.0
   104.322    31.826    16.980    54.000     0.250      31      33     4.0    20.0
   104.307    31.813    16.980    54.000     0.342      32      33     6.0    20.0
   104.293    31.800    16.980    54.000     0.276      32      32     8.0    20.0
   104.278    31.787    16.980    54.000     0.259      31      32    10.0    20.0
   104.263    31.774    16.980    54.000     0.267      32      18    12.0    20.0
   104.249    31.761    16.980    54.000     0.261      32      13    14.0    20.0
   104.234    31.749    16.980    54.000     0.200      31      32    16.0    20.0
   104.219    31.736    16.980    54.000     0.184      33      13    18.0    20.0
   104.205    31.723    16.980    54.000     0.152      33      27    20.0    20.0
   104.190    31.710    16.980    54.000     0.168      36      23    22.0    20.0
   104.175    31.697    16.980    54.000     0.195      35      26    24.0    20.0
   104.161    31.684    16.980    54.000     0.081      35      28    26.0    20.0
   104.360    31.845    15.362    54.000     0.048      33       2     0.0    18.0
   104.346    31.832    15.362    54.000     0.025      33       2     2.0    18.0
   104.331    31.819    15.362    54.000     0.027      38      32     4.0    18.0
   104.316    31.806    15.362    54.000     0.028      37      31     6.0    18.0
   104.302    31.793    15.362    54.000     0.029      71      36     8.0    18.0
   104.287    31.780    15.362    54.000     0.036      32      16    10.0    18.0
   104.272    31.767    15.362    54.000     0.060      30      15    12.0    18.0
   104.258    31.754    15.362    54.000     0.124       2      19    14.0    18.0
   104.243    31.741    15.362    54.000     0.114       1      20    16.0    18.0
   104.228    31.728    15.362    54.000     0.061       2      19    18.0    18.0
   104.214    31.715    15.362    54.000     0.048      32      32    20.0    18.0
   104.199    31.702    15.362    54.000     0.031      30      32    22.0    18.0
   104.184    31.689    15.362    54.000     0.038       1      32    24.0    18.0
   104.170    31.676    15.362    54.000     0.079       1      32    26.0    18.0
   104.369    31.838    13.744    54.000     0.065      84      11     0.0    16.0
   104.355    31.825    13.744    54.000     0.065      17      32     2.0    16.0
   104.340    31.812    13.744    54.000     0.052      43      28     4.0    16.0
   104.325    31.799    13.744    54.000     0.063      28       1     6.0    16.0
   104.311    31.786    13.744    54.000     0.045      28       1     8.0    16.0
   104.296    31.773    13.744    54.000     0.046      15      35    10.0    16.0
   104.281    31.760    13.744    54.000     0.045      43      35    12.0    16.0
   104.267    31.747    13.744    54.000     0.027      44      35    14.0    16.0
   104.252    31.734    13.744    54.000     0.024      43      35    16.0    16.0
   104.237    31.721    13.744    54.000     0.019       5      37    18.0    16.0
   104.223    31.708    13.744    54.000     0.022       3      37    20.0    16.0
   104.208    31.695    13.744    54.000     0.023      22       1    22.0    16.0
   104.193    31.682    13.744    54.000     0.040      22       1    24.0    16.0
   104.179    31.669    13.744    54.000     0.058      21       2    26.0    16.0
   104.378    31.830    12.126    54.000     0.075      12      35     0.0    14.0
   104.364    31.817    12.126    54.000     0.079      14      35     2.0    14.0
   104.349    31.804    12.126    54.000     0.055      14      29     4.0    14.0
   104.334    31.791    12.126    54.000     0.070      16      31     6.0    14.0
   104.320    31.778    12.126    54.000     0.103      16      28     8.0    14.0
   104.305    31.765    12.126    54.000     0.089      15      25    10.0    14.0
   104.290    31.752    12.126    54.000     0.090      13       9    12.0    14.0
   104.275    31.739    12.126    54.000     0.113      12       7    14.0    14.0
   104.261    31.726    12.126    54.000     0.069      11      12    16.0    14.0
   104.246    31.713    12.126    54.000     0.038      14       3    18.0    14.0
   104.232    31.700    12.126    54.000     0.029      15       3    20.0    14.0
   104.217    31.688    12.126    54.000     0.023      17       3    22.0    14.0
   104.202    31.675    12.126    54.000     0.026      18      32    24.0    14.0
   104.188    31.662    12.126    54.000     0.029      17      32    26.0    14.0
   104.387    31.823    10.508    54.000     0.023      52       8     0.0    12.0
   104.372    31.810    10.508    54.000     0.040      56      35     2.0    12.0
   104.358    31.797    10.508    54.000     0.052      54      35     4.0    12.0
   104.343    31.784    10.508    54.000     0.066      53      35     6.0    12.0
   104.328    31.771    10.508    54.000     0.068      53      32     8.0    12.0
   104.314    31.758    10.508    54.000     0.040      53      36    10.0    12.0
   104.299    31.745    10.508    54.000     0.025       9       4    12.0    12.0
   104.284    31.732    10.508    54.000     0.040       6       5    14.0    12.0
   104.270    31.719    10.508    54.000     0.051       8       4    16.0    12.0
   104.255    31.706    10.508    54.000     0.078       8       6    18.0    12.0
   104.240    31.693    10.508    54.000     0.058       8      11    20.0    12.0
   104.226    31.680    10.508    54.000     0.050       8       9    22.0    12.0
   104.211    31.667    10.508    54.000     0.055       7      19    24.0    12.0
   104.197    31.654    10.508    54.000     0.036       8      32    26.0    12.0
   104.396    31.815     8.890    54.000     0.148      89      35     0.0    10.0
   104.381    31.802     8.890    54.000     0.114      88      35     2.0    10.0
   104.367    31.789     8.890    54.000     0.165      90      28     4.0    10.0
   104.352    31.777     8.890    54.000     0.147      91      18     6.0    10.0
   104.337    31.764     8.890    54.000     0.099      92      17     8.0    10.0
   104.323    31.751     8.890    54.000     0.104      94      31    10.0    10.0
   104.308    31.738     8.890    54.000     0.093      95      20    12.0    10.0
   104.293    31.725     8.890    54.000     0.114      95      12    14.0    10.0
   104.279    31.712     8.890    54.000     0.107      96      10    16.0    10.0
   104.264    31.699     8.890    54.000     0.088      96       6    18.0    10.0
   104.249    31.686     8.890    54.000     0.036      97       5    20.0    10.0
   104.235    31.673     8.890    54.000     0.090      42      33    22.0    10.0
   104.220    31.660     8.890    54.000     0.096      42      34    24.0    10.0
   104.205    31.647     8.890    54.000     0.066      42      33    26.0    10.0
   104.405    31.808     7.272    54.000     0.063      16      37     0.0     8.0
   104.390    31.795     7.272    54.000     0.076      19      33     2.0     8.0
   104.376    31.782     7.272    54.000     0.152      20      31     4.0     8.0
   104.361    31.769     7.272    54.000     0.187      20      31     6.0     8.0
   104.346    31.756     7.272    54.000     0.130      94      11     8.0     8.0
   104.332    31.743     7.272    54.000     0.230      93      11    10.0     8.0
   104.317    31.730     7.272    54.000     0.309      95      10    12.0     8.0
   104.302    31.717     7.272    54.000     0.248      95       6    14.0     8.0
   104.288    31.704     7.272    54.000     0.168      97       5    16.0     8.0
   104.273    31.691     7.272    54.000     0.127      23      27    18.0     8.0
   104.258    31.678     7.272    54.000     0.090      23      25    20.0     8.0
   104.244    31.665     7.272    54.000     0.082      66       1    22.0     8.0
   104.229    31.652     7.272    54.000     0.084      48      36    24.0     8.0
   104.214    31.639     7.272    54.000     0.033      68       1    26.0     8.0
   104.414    31.801     5.654    54.000     0.204      91       1     0.0     6.0
   104.399    31.788     5.654    54.000     0.098      89       1     2.0     6.0
   104.385    31.775     5.654    54.000     0.037      93       1     4.0     6.0
   104.370    31.762     5.654    54.000     0.032      53      16     6.0     6.0
   104.355    31.749     5.654    54.000     0.030      51       6     8.0     6.0
   104.341    31.736     5.654    54.000     0.037      57      36    10.0     6.0
   104.326    31.723     5.654    54.000     0.058      57      36    12.0     6.0
   104.311    31.710     5.654    54.000     0.064      89      35    14.0     6.0
   104.297    31.697     5.654    54.000     0.078      53      36    16.0     6.0
   104.282    31.684     5.654    54.000     0.110      54      36    18.0     6.0
   104.267    31.671     5.654    54.000     0.122      56      34    20.0     6.0
   104.253    31.658     5.654    54.000     0.132      59      35    22.0     6.0
   104.238    31.645     5.654    54.000     0.153      58      35    24.0     6.0
   104.223    31.632     5.654    54.000     0.118      57      35    26.0     6.0
   104.423    31.793     4.036    54.000     0.169      37      36     0.0     4.0
   104.408    31.780     4.036    54.000     0.099      39      36     2.0     4.0
   104.393    31.767     4.036    54.000     0.054      24       1     4.0     4.0
   104.379    31.754     4.036    54.000     0.030      81      26     6.0     4.0
   104.364    31.741     4.036    54.000     0.035      84       4     8.0     4.0
   104.349    31.728     4.036    54.000     0.037      73      37    10.0     4.0
   104.335    31.716     4.036    54.000     0.034      84       5    12.0     4.0
   104.320    31.703     4.036    54.000     0.038      86       2    14.0     4.0
   104.305    31.690     4.036    54.000     0.065     100      37    16.0     4.0
   104.291    31.677     4.036    54.000     0.065      83       5    18.0     4.0
   104.276    31.664     4.036    54.000     0.083      84       6    20.0     4.0
   104.261    31.651     4.036    54.000     0.069      83       5    22.0     4.0
   104.247    31.638     4.036    54.000     0.030      84       2    24.0     4.0
   104.232    31.625     4.036    54.000     0.044      24      26    26.0     4.0
   104.432    31.786     2.418    54.000     0.214      37       3     0.0     2.0
   104.417    31.773     2.418    54.000     0.209      39       3     2.0     2.0
   104.402    31.760     2.418    54.000     0.145      39       3     4.0     2.0
   104.388    31.747     2.418    54.000     0.092      38       7     6.0     2.0
   104.373    31.734     2.418    54.000     0.066      42       5     8.0     2.0
   104.358    31.721     2.418    54.000     0.094      42       6    10.0     2.0
   104.344    31.708     2.418    54.000     0.098      40       6    12.0     2.0
   104.329    31.695     2.418    54.000     0.085      40       7    14.0     2.0
   104.314    31.682     2.418    54.000     0.061      40       8    16.0     2.0
   104.300    31.669     2.418    54.000     0.098      40      34    18.0     2.0
   104.285    31.656     2.418    54.000     0.144      73       6    20.0     2.0
   104.270    31.643     2.418    54.000     0.134      73       7    22.0     2.0
   104.256    31.630     2.418    54.000     0.094      40      34    24.0     2.0
   104.241    31.617     2.418    54.000     0.057      41      34    26.0     2.0
   104.441    31.779     0.800    54.000     0.175      65      37     0.0     0.0
   104.426    31.766     0.800    54.000     0.139      64      37     2.0     0.0
   104.411    31.753     0.800    54.000     0.081      76       4     4.0     0.0
   104.397    31.740     0.800    54.000     0.064      76      11     6.0     0.0
   104.382    31.727     0.800    54.000     0.046      75      10     8.0     0.0
   104.367    31.714     0.800    54.000     0.064      78      35    10.0     0.0
   104.353    31.701     0.800    54.000     0.054      76      31    12.0     0.0
   104.338    31.688     0.800    54.000     0.080      48      33    14.0     0.0
   104.323    31.675     0.800    54.000     0.068      78      33    16.0     0.0
   104.309    31.662     0.800    54.000     0.054      79      33    18.0     0.0
   104.294    31.649     0.800    54.000     0.047      75      33    20.0     0.0
   104.279    31.636     0.800    54.000     0.032      52      36    22.0     0.0
   104.265    31.623     0.800    54.000     0.026      80      35    24.0     0.0
   104.250    31.610     0.800    54.000     0.024      54      37    26.0     0.0
