   105.691    32.980    38.388    70.000     0.028      13      24     0.0    40.0
   105.674    32.968    38.388    70.000     0.027      11      23     2.0    40.0
   105.658    32.957    38.388    70.000     0.025      13      10     4.0    40.0
   105.641    32.945    38.388    70.000     0.037      10       8     6.0    40.0
   105.625    32.934    38.388    70.000     0.064      10      13     8.0    40.0
   105.608    32.922    38.388    70.000     0.056      10       8    10.0    40.0
   105.592    32.911    38.388    70.000     0.041       7       8    12.0    40.0
   105.575    32.900    38.388    70.000     0.057      36      13    14.0    40.0
   105.559    32.888    38.388    70.000     0.137      10      32    16.0    40.0
   105.542    32.877    38.388    70.000     0.109       9      30    18.0    40.0
   105.526    32.865    38.388    70.000     0.035      71      27    20.0    40.0
   105.510    32.853    38.388    70.000     0.028      72      20    22.0    40.0
   105.493    32.842    38.388    70.000     0.021      72      27    24.0    40.0
   105.477    32.830    38.388    70.000     0.017      12       2    26.0    40.0
   105.460    32.819    38.388    70.000     0.018      13       2    28.0    40.0
   105.444    32.807    38.388    70.000     0.022      42      14    30.0    40.0
   105.427    32.796    38.388    70.000     0.011       8       2    32.0    40.0
   105.411    32.784    38.388    70.000     0.019      95      36    34.0    40.0
   105.395    32.773    38.388    70.000     0.038      96      37    36.0    40.0
   105.378    32.761    38.388    70.000     0.019      99      37    38.0    40.0
   105.362    32.750    38.388    70.000     0.022      83       1    40.0    40.0
   105.345    32.738    38.388    70.000     0.014      99      35    42.0    40.0
   105.329    32.727    38.388    70.000     0.011       3       1    44.0    40.0
   105.312    32.715    38.388    70.000     0.011      75       2    46.0    40.0
   105.296    32.704    38.388    70.000     0.012      17      18    48.0    40.0
   105.280    32.692    38.388    70.000     0.011      16      15    50.0    40.0
   105.263    32.681    38.388    70.000     0.018      18      21    52.0    40.0
   105.247    32.669    38.388    70.000     0.022      78      32    54.0    40.0
   105.231    32.658    38.388    70.000     0.018      76      32    56.0    40.0
   105.214    32.646    38.388    70.000     0.036      81      37    58.0    40.0
   105.198    32.634    38.388    70.000     0.032      82      37    60.0    40.0
   105.181    32.623    38.388    70.000     0.010      81      37    62.0    40.0
   105.165    32.611    38.388    70.000     0.024      62      33    64.0    40.0
   105.149    32.600    38.388    70.000     0.041      63      34    66.0    40.0
   105.132    32.588    38.388    70.000     0.042      64      32    68.0    40.0
   105.116    32.577    38.388    70.000     0.035      96      33    70.0    40.0
   105.100    32.565    38.388    70.000     0.033      96      34    72.0    40.0
   105.083    32.554    38.388    70.000     0.036      96      36    74.0    40.0
   105.067    32.542    38.388    70.000     0.052      55      29    76.0    40.0
   105.051    32.530    38.388    70.000     0.044      53      28    78.0    40.0
   105.034    32.519    38.388    70.000     0.039      52      32    80.0    40.0
   105.018    32.507    38.388    70.000     0.032      51      29    82.0    40.0
   105.002    32.496    38.388    70.000     0.013      51      32    84.0    40.0
   104.985    32.484    38.388    70.000     0.020      96       3    86.0    40.0
   104.969    32.473    38.388    70.000     0.057      15       4    88.0    40.0
   104.953    32.461    38.388    70.000     0.041       1      37    90.0    40.0
   104.936    32.449    38.388    70.000     0.042       9       6    92.0    40.0
   104.920    32.438    38.388    70.000     0.026       9       6    94.0    40.0
   104.904    32.426    38.388    70.000     0.024      80      37    96.0    40.0
   104.888    32.415    38.388    70.000     0.026      78      37    98.0    40.0
   104.871    32.403    38.388    70.000     0.019     100      23   100.0    40.0
   104.855    32.391    38.388    70.000     0.012      54      37   102.0    40.0
   104.839    32.380    38.388    70.000     0.026      56      37   104.0    40.0
   104.822    32.368    38.388    70.000     0.050      56      37   106.0    40.0
   104.806    32.357    38.388    70.000     0.079      60      35   108.0    40.0
   104.790    32.345    38.388    70.000     0.143      88      31   110.0    40.0
   104.774    32.333    38.388    70.000     0.164      86      26   112.0    40.0
   105.695    32.975    36.508    70.000     0.015      40      37     0.0    38.0
   105.679    32.964    36.508    70.000     0.018      15      32     2.0    38.0
   105.662    32.952    36.508    70.000     0.028      13      33     4.0    38.0
   105.646    32.941    36.508    70.000     0.018      13      35     6.0    38.0
   105.629    32.929    36.508    70.000     0.026      40       5     8.0    38.0
   105.613    32.918    36.508    70.000     0.025      91      33    10.0    38.0
   105.596    32.906    36.508    70.000     0.022      71       2    12.0    38.0
   105.580    32.895    36.508    70.000     0.030      71       2    14.0    38.0
   105.564    32.883    36.508    70.000     0.046      17      36    16.0    38.0
   105.547    32.872    36.508    70.000     0.090      15      30    18.0    38.0
   105.531    32.860    36.508    70.000     0.028      13      31    20.0    38.0
   105.514    32.849    36.508    70.000     0.024      73      35    22.0    38.0
   105.498    32.837    36.508    70.000     0.023      85       1    24.0    38.0
   105.481    32.826    36.508    70.000     0.037      22       3    26.0    38.0
   105.465    32.814    36.508    70.000     0.029      23       3    28.0    38.0
   105.448    32.803    36.508    70.000     0.035      39      37    30.0    38.0
   105.432    32.791    36.508    70.000     0.031      39      37    32.0    38.0
   105.416    32.780    36.508    70.000     0.015      17       3    34.0    38.0
   105.399    32.768    36.508    70.000     0.026      24      32    36.0    38.0
   105.383    32.757    36.508    70.000     0.042      23      32    38.0    38.0
   105.366    32.745    36.508    70.000     0.034      24      32    40.0    38.0
   105.350    32.734    36.508    70.000     0.024      25      18    42.0    38.0
   105.334    32.722    36.508    70.000     0.026     100      27    44.0    38.0
   105.317    32.711    36.508    70.000     0.023      66      17    46.0    38.0
   105.301    32.699    36.508    70.000     0.037      66      20    48.0    38.0
   105.284    32.687    36.508    70.000     0.047      65      27    50.0    38.0
   105.268    32.676    36.508    70.000     0.030      65      18    52.0    38.0
   105.252    32.664    36.508    70.000     0.022      65       5    54.0    38.0
   105.235    32.653    36.508    70.000     0.016      61       5    56.0    38.0
   105.219    32.641    36.508    70.000     0.015      62       4    58.0    38.0
   105.202    32.630    36.508    70.000     0.020      66       3    60.0    38.0
   105.186    32.618    36.508    70.000     0.026      65       3    62.0    38.0
   105.170    32.607    36.508    70.000     0.017      66       3    64.0    38.0
   105.153    32.595    36.508    70.000     0.031      28      37    66.0    38.0
   105.137    32.584    36.508    70.000     0.020      31      37    68.0    38.0
   105.121    32.572    36.508    70.000     0.019      66      33    70.0    38.0
   105.104    32.560    36.508    70.000     0.048      66      32    72.0    38.0
   105.088    32.549    36.508    70.000     0.035      66      33    74.0    38.0
   105.072    32.537    36.508    70.000     0.016      64      33    76.0    38.0
   105.055    32.526    36.508    70.000     0.019      57      10    78.0    38.0
   105.039    32.514    36.508    70.000     0.045      93      11    80.0    38.0
   105.023    32.503    36.508    70.000     0.043      93      10    82.0    38.0
   105.006    32.491    36.508    70.000     0.032      11      16    84.0    38.0
   104.990    32.479    36.508    70.000     0.029      10      23    86.0    38.0
   104.974    32.468    36.508    70.000     0.021      10      24    88.0    38.0
   104.957    32.456    36.508    70.000     0.026      88      33    90.0    38.0
   104.941    32.445    36.508    70.000     0.049      88      33    92.0    38.0
   104.925    32.433    36.508    70.000     0.046      89      32    94.0    38.0
   104.908    32.422    36.508    70.000     0.033      89      32    96.0    38.0
   104.892    32.410    36.508    70.000     0.016      89       6    98.0    38.0
   104.876    32.398    36.508    70.000     0.019      90       4   100.0    38.0
   104.860    32.387    36.508    70.000     0.014      99      37   102.0    38.0
   104.843    32.375    36.508    70.000     0.043      84       2   104.0    38.0
   104.827    32.364    36.508    70.000     0.022      82       1   106.0    38.0
   104.811    32.352    36.508    70.000     0.023      80       1   108.0    38.0
   104.795    32.340    36.508    70.000     0.023      12      36   110.0    38.0
   104.778    32.329    36.508    70.000     0.053      61      25   112.0    38.0
   105.700    32.970    34.629    70.000     0.026      13       1     0.0    36.0
   105.684    32.959    34.629    70.000     0.012      68       4     2.0    36.0
   105.667    32.947    34.629    70.000     0.008      67       5     4.0    36.0
   105.651    32.936    34.629    70.000     0.019      19      36     6.0    36.0
   105.634    32.924    34.629    70.000     0.030      19      36     8.0    36.0
   105.618    32.913    34.629    70.000     0.025       2       5    10.0    36.0
   105.601    32.901    34.629    70.000     0.022      57       7    12.0    36.0
   105.585    32.890    34.629    70.000     0.018      56       7    14.0    36.0
   105.568    32.879    34.629    70.000     0.028      58      12    16.0    36.0
   105.552    32.867    34.629    70.000     0.038      59      29    18.0    36.0
   105.535    32.856    34.629    70.000     0.026      57      15    20.0    36.0
   105.519    32.844    34.629    70.000     0.015      83      29    22.0    36.0
   105.502    32.832    34.629    70.000     0.014      86       8    24.0    36.0
   105.486    32.821    34.629    70.000     0.023      85       5    26.0    36.0
   105.470    32.809    34.629    70.000     0.023      83       9    28.0    36.0
   105.453    32.798    34.629    70.000     0.017      29       1    30.0    36.0
   105.437    32.786    34.629    70.000     0.046      41      37    32.0    36.0
   105.420    32.775    34.629    70.000     0.045      41      37    34.0    36.0
   105.404    32.763    34.629    70.000     0.038      42      37    36.0    36.0
   105.387    32.752    34.629    70.000     0.029      44      37    38.0    36.0
   105.371    32.740    34.629    70.000     0.024      46      37    40.0    36.0
   105.355    32.729    34.629    70.000     0.035      46      37    42.0    36.0
   105.338    32.717    34.629    70.000     0.016      73      15    44.0    36.0
   105.322    32.706    34.629    70.000     0.018      70      28    46.0    36.0
   105.305    32.694    34.629    70.000     0.068      67      28    48.0    36.0
   105.289    32.683    34.629    70.000     0.076      67      28    50.0    36.0
   105.273    32.671    34.629    70.000     0.036      69      26    52.0    36.0
   105.256    32.660    34.629    70.000     0.017      72       4    54.0    36.0
   105.240    32.648    34.629    70.000     0.011      72       6    56.0    36.0
   105.223    32.637    34.629    70.000     0.015      69       7    58.0    36.0
   105.207    32.625    34.629    70.000     0.012      64       2    60.0    36.0
   105.191    32.613    34.629    70.000     0.020      77      37    62.0    36.0
   105.174    32.602    34.629    70.000     0.031      79      37    64.0    36.0
   105.158    32.590    34.629    70.000     0.019      19       3    66.0    36.0
   105.142    32.579    34.629    70.000     0.033      19       2    68.0    36.0
   105.125    32.567    34.629    70.000     0.040      52       1    70.0    36.0
   105.109    32.556    34.629    70.000     0.043      52       1    72.0    36.0
   105.093    32.544    34.629    70.000     0.032      53       1    74.0    36.0
   105.076    32.533    34.629    70.000     0.069       1      37    76.0    36.0
   105.060    32.521    34.629    70.000     0.044      12       1    78.0    36.0
   105.044    32.509    34.629    70.000     0.032      18       8    80.0    36.0
   105.027    32.498    34.629    70.000     0.046      18      14    82.0    36.0
   105.011    32.486    34.629    70.000     0.060      18      18    84.0    36.0
   104.995    32.475    34.629    70.000     0.042      18      24    86.0    36.0
   104.978    32.463    34.629    70.000     0.023      38       1    88.0    36.0
   104.962    32.452    34.629    70.000     0.022      17      34    90.0    36.0
   104.946    32.440    34.629    70.000     0.020      19      35    92.0    36.0
   104.929    32.428    34.629    70.000     0.015      95      37    94.0    36.0
   104.913    32.417    34.629    70.000     0.014      72       5    96.0    36.0
   104.897    32.405    34.629    70.000     0.037      74       4    98.0    36.0
   104.881    32.394    34.629    70.000     0.020      75       9   100.0    36.0
   104.864    32.382    34.629    70.000     0.031      77      10   102.0    36.0
   104.848    32.370    34.629    70.000     0.034      77      33   104.0    36.0
   104.832    32.359    34.629    70.000     0.067      77      33   106.0    36.0
   104.815    32.347    34.629    70.000     0.111      77      33   108.0    36.0
   104.799    32.336    34.629    70.000     0.074      76      33   110.0    36.0
   104.783    32.324    34.629    70.000     0.010      81       3   112.0    36.0
   105.705    32.966    32.750    70.000     0.059       6      23     0.0    34.0
   105.688    32.954    32.750    70.000     0.040       3      15     2.0    34.0
   105.672    32.943    32.750    70.000     0.020       7      34     4.0    34.0
   105.655    32.931    32.750    70.000     0.022       3      37     6.0    34.0
   105.639    32.920    32.750    70.000     0.041       2      37     8.0    34.0
   105.622    32.908    32.750    70.000     0.024      97       7    10.0    34.0
   105.606    32.897    32.750    70.000     0.020      73      35    12.0    34.0
   105.589    32.885    32.750    70.000     0.014      74      35    14.0    34.0
   105.573    32.874    32.750    70.000     0.017      24      28    16.0    34.0
   105.556    32.862    32.750    70.000     0.039      22      26    18.0    34.0
   105.540    32.851    32.750    70.000     0.022      24      15    20.0    34.0
   105.524    32.839    32.750    70.000     0.029      19      13    22.0    34.0
   105.507    32.828    32.750    70.000     0.030      61      36    24.0    34.0
   105.491    32.816    32.750    70.000     0.018      76       3    26.0    34.0
   105.474    32.805    32.750    70.000     0.034      14      24    28.0    34.0
   105.458    32.793    32.750    70.000     0.072      15      34    30.0    34.0
   105.441    32.782    32.750    70.000     0.064      15      36    32.0    34.0
   105.425    32.770    32.750    70.000     0.058      36       9    34.0    34.0
   105.408    32.759    32.750    70.000     0.041      39      26    36.0    34.0
   105.392    32.747    32.750    70.000     0.031      39      30    38.0    34.0
   105.376    32.736    32.750    70.000     0.022      42      31    40.0    34.0
   105.359    32.724    32.750    70.000     0.024      66       1    42.0    34.0
   105.343    32.713    32.750    70.000     0.032       2      37    44.0    34.0
   105.326    32.701    32.750    70.000     0.030      15       1    46.0    34.0
   105.310    32.690    32.750    70.000     0.025      15       1    48.0    34.0
   105.294    32.678    32.750    70.000     0.015       3      37    50.0    34.0
   105.277    32.666    32.750    70.000     0.012      90       1    52.0    34.0
   105.261    32.655    32.750    70.000     0.024      67      33    54.0    34.0
   105.245    32.643    32.750    70.000     0.031      64      32    56.0    34.0
   105.228    32.632    32.750    70.000     0.026      47       7    58.0    34.0
   105.212    32.620    32.750    70.000     0.061      47       9    60.0    34.0
   105.195    32.609    32.750    70.000     0.016      70      37    62.0    34.0
   105.179    32.597    32.750    70.000     0.043      59       1    64.0    34.0
   105.163    32.586    32.750    70.000     0.067      59       1    66.0    34.0
   105.146    32.574    32.750    70.000     0.025      59       1    68.0    34.0
   105.130    32.562    32.750    70.000     0.018      81      31    70.0    34.0
   105.114    32.551    32.750    70.000     0.016      79      32    72.0    34.0
   105.097    32.539    32.750    70.000     0.020      38      28    74.0    34.0
   105.081    32.528    32.750    70.000     0.018       1      34    76.0    34.0
   105.065    32.516    32.750    70.000     0.028      41      24    78.0    34.0
   105.048    32.505    32.750    70.000     0.036       1      35    80.0    34.0
   105.032    32.493    32.750    70.000     0.033      77       2    82.0    34.0
   105.016    32.482    32.750    70.000     0.029      21      36    84.0    34.0
   104.999    32.470    32.750    70.000     0.038      79       2    86.0    34.0
   104.983    32.458    32.750    70.000     0.031       1       5    88.0    34.0
   104.967    32.447    32.750    70.000     0.077      27      31    90.0    34.0
   104.950    32.435    32.750    70.000     0.065      27      31    92.0    34.0
   104.934    32.424    32.750    70.000     0.041      25      30    94.0    34.0
   104.918    32.412    32.750    70.000     0.025      29       7    96.0    34.0
   104.902    32.400    32.750    70.000     0.063      28       6    98.0    34.0
   104.885    32.389    32.750    70.000     0.058      30       6   100.0    34.0
   104.869    32.377    32.750    70.000     0.036      28       6   102.0    34.0
   104.853    32.366    32.750    70.000     0.017      26       7   104.0    34.0
   104.836    32.354    32.750    70.000     0.017      76      36   106.0    34.0
   104.820    32.343    32.750    70.000     0.027      78      36   108.0    34.0
   104.804    32.331    32.750    70.000     0.040      16       2   110.0    34.0
   104.788    32.319    32.750    70.000     0.064      76      28   112.0    34.0
   105.709    32.961    30.870    70.000     0.019      71      26     0.0    32.0
   105.693    32.949    30.870    70.000     0.028      73      27     2.0    32.0
   105.676    32.938    30.870    70.000     0.017      54       2     4.0    32.0
   105.660    32.926    30.870    70.000     0.048      52       2     6.0    32.0
   105.643    32.915    30.870    70.000     0.065      35      36     8.0    32.0
   105.627    32.903    30.870    70.000     0.077      22       5    10.0    32.0
   105.610    32.892    30.870    70.000     0.047      20       5    12.0    32.0
   105.594    32.880    30.870    70.000     0.055       1      33    14.0    32.0
   105.578    32.869    30.870    70.000     0.059      29      32    16.0    32.0
   105.561    32.858    30.870    70.000     0.031      28      32    18.0    32.0
   105.545    32.846    30.870    70.000     0.044      28      26    20.0    32.0
   105.528    32.835    30.870    70.000     0.049      29      16    22.0    32.0
   105.512    32.823    30.870    70.000     0.095      76       2    24.0    32.0
   105.495    32.811    30.870    70.000     0.082      78       3    26.0    32.0
   105.479    32.800    30.870    70.000     0.065      30      13    28.0    32.0
   105.462    32.788    30.870    70.000     0.071      30      19    30.0    32.0
   105.446    32.777    30.870    70.000     0.027      30      22    32.0    32.0
   105.430    32.765    30.870    70.000     0.016      80      35    34.0    32.0
   105.413    32.754    30.870    70.000     0.019      78      34    36.0    32.0
   105.397    32.742    30.870    70.000     0.031      13      25    38.0    32.0
   105.380    32.731    30.870    70.000     0.038      81      34    40.0    32.0
   105.364    32.719    30.870    70.000     0.068      82      34    42.0    32.0
   105.348    32.708    30.870    70.000     0.068      81      35    44.0    32.0
   105.331    32.696    30.870    70.000     0.037      81      35    46.0    32.0
   105.315    32.685    30.870    70.000     0.039      78      36    48.0    32.0
   105.298    32.673    30.870    70.000     0.034      33      35    50.0    32.0
   105.282    32.662    30.870    70.000     0.018      76      36    52.0    32.0
   105.266    32.650    30.870    70.000     0.009      31      36    54.0    32.0
   105.249    32.639    30.870    70.000     0.014      49       3    56.0    32.0
   105.233    32.627    30.870    70.000     0.025      68      37    58.0    32.0
   105.216    32.616    30.870    70.000     0.023      95      33    60.0    32.0
   105.200    32.604    30.870    70.000     0.018      95      33    62.0    32.0
   105.184    32.592    30.870    70.000     0.027      35       2    64.0    32.0
   105.167    32.581    30.870    70.000     0.026      76      32    66.0    32.0
   105.151    32.569    30.870    70.000     0.039      49      33    68.0    32.0
   105.135    32.558    30.870    70.000     0.044      79      31    70.0    32.0
   105.118    32.546    30.870    70.000     0.059      79      32    72.0    32.0
   105.102    32.535    30.870    70.000     0.030      80      32    74.0    32.0
   105.086    32.523    30.870    70.000     0.027       5      33    76.0    32.0
   105.069    32.512    30.870    70.000     0.052       3      33    78.0    32.0
   105.053    32.500    30.870    70.000     0.083       1      26    80.0    32.0
   105.037    32.488    30.870    70.000     0.204       1      26    82.0    32.0
   105.020    32.477    30.870    70.000     0.187       1      27    84.0    32.0
   105.004    32.465    30.870    70.000     0.086       1      12    86.0    32.0
   104.988    32.454    30.870    70.000     0.113       1      20    88.0    32.0
   104.971    32.442    30.870    70.000     0.055       3       6    90.0    32.0
   104.955    32.431    30.870    70.000     0.019       2       7    92.0    32.0
   104.939    32.419    30.870    70.000     0.017      32       3    94.0    32.0
   104.923    32.407    30.870    70.000     0.029      33       4    96.0    32.0
   104.906    32.396    30.870    70.000     0.017      34       6    98.0    32.0
   104.890    32.384    30.870    70.000     0.020      33       6   100.0    32.0
   104.874    32.373    30.870    70.000     0.011      69       4   102.0    32.0
   104.857    32.361    30.870    70.000     0.007      69       4   104.0    32.0
   104.841    32.349    30.870    70.000     0.005      88      37   106.0    32.0
   104.825    32.338    30.870    70.000     0.023      71      17   108.0    32.0
   104.809    32.326    30.870    70.000     0.041      71      15   110.0    32.0
   104.792    32.315    30.870    70.000     0.059      72      15   112.0    32.0
   105.714    32.956    28.991    70.000     0.008      78      31     0.0    30.0
   105.697    32.945    28.991    70.000     0.008      55      26     2.0    30.0
   105.681    32.933    28.991    70.000     0.010      56       3     4.0    30.0
   105.665    32.922    28.991    70.000     0.019      86      20     6.0    30.0
   105.648    32.910    28.991    70.000     0.036      86      22     8.0    30.0
   105.632    32.899    28.991    70.000     0.042      87       4    10.0    30.0
   105.615    32.887    28.991    70.000     0.073      86       3    12.0    30.0
   105.599    32.876    28.991    70.000     0.052      88       3    14.0    30.0
   105.582    32.864    28.991    70.000     0.040      85       3    16.0    30.0
   105.566    32.853    28.991    70.000     0.035      33      22    18.0    30.0
   105.549    32.841    28.991    70.000     0.044      34       3    20.0    30.0
   105.533    32.830    28.991    70.000     0.061      35       2    22.0    30.0
   105.516    32.818    28.991    70.000     0.056      34       2    24.0    30.0
   105.500    32.807    28.991    70.000     0.042      65       8    26.0    30.0
   105.484    32.795    28.991    70.000     0.066      64      22    28.0    30.0
   105.467    32.784    28.991    70.000     0.048      65      18    30.0    30.0
   105.451    32.772    28.991    70.000     0.034      97      11    32.0    30.0
   105.434    32.761    28.991    70.000     0.059      95       8    34.0    30.0
   105.418    32.749    28.991    70.000     0.047      94       9    36.0    30.0
   105.401    32.738    28.991    70.000     0.044       5      34    38.0    30.0
   105.385    32.726    28.991    70.000     0.030       2      35    40.0    30.0
   105.369    32.715    28.991    70.000     0.017      37      35    42.0    30.0
   105.352    32.703    28.991    70.000     0.048      83      23    44.0    30.0
   105.336    32.692    28.991    70.000     0.057      83      24    46.0    30.0
   105.319    32.680    28.991    70.000     0.036      82      25    48.0    30.0
   105.303    32.668    28.991    70.000     0.022       2       2    50.0    30.0
   105.287    32.657    28.991    70.000     0.020       2       2    52.0    30.0
   105.270    32.645    28.991    70.000     0.010       4      25    54.0    30.0
   105.254    32.634    28.991    70.000     0.008       4      23    56.0    30.0
   105.237    32.622    28.991    70.000     0.024      31      29    58.0    30.0
   105.221    32.611    28.991    70.000     0.032      30      29    60.0    30.0
   105.205    32.599    28.991    70.000     0.023      61      37    62.0    30.0
   105.188    32.588    28.991    70.000     0.016       1       2    64.0    30.0
   105.172    32.576    28.991    70.000     0.014      60      37    66.0    30.0
   105.156    32.565    28.991    70.000     0.013      44      23    68.0    30.0
   105.139    32.553    28.991    70.000     0.027      44      14    70.0    30.0
   105.123    32.541    28.991    70.000     0.021      42      14    72.0    30.0
   105.107    32.530    28.991    70.000     0.049      79      18    74.0    30.0
   105.090    32.518    28.991    70.000     0.091      77      26    76.0    30.0
   105.074    32.507    28.991    70.000     0.069      77      18    78.0    30.0
   105.058    32.495    28.991    70.000     0.051       9      37    80.0    30.0
   105.041    32.484    28.991    70.000     0.061       5      18    82.0    30.0
   105.025    32.472    28.991    70.000     0.133       5      29    84.0    30.0
   105.009    32.461    28.991    70.000     0.054       3      30    86.0    30.0
   104.992    32.449    28.991    70.000     0.028      66      14    88.0    30.0
   104.976    32.437    28.991    70.000     0.048      66      19    90.0    30.0
   104.960    32.426    28.991    70.000     0.030      66      32    92.0    30.0
   104.943    32.414    28.991    70.000     0.022      66      31    94.0    30.0
   104.927    32.403    28.991    70.000     0.011      65      29    96.0    30.0
   104.911    32.391    28.991    70.000     0.010      59      37    98.0    30.0
   104.895    32.379    28.991    70.000     0.012      57      37   100.0    30.0
   104.878    32.368    28.991    70.000     0.021      72       2   102.0    30.0
   104.862    32.356    28.991    70.000     0.027      71       2   104.0    30.0
   104.846    32.345    28.991    70.000     0.019      83      37   106.0    30.0
   104.829    32.333    28.991    70.000     0.011     100       1   108.0    30.0
   104.813    32.321    28.991    70.000     0.010      99       1   110.0    30.0
   104.797    32.310    28.991    70.000     0.011       6       3   112.0    30.0
   105.719    32.951    27.111    70.000     0.059      84      29     0.0    28.0
   105.702    32.940    27.111    70.000     0.044      89      18     2.0    28.0
   105.686    32.928    27.111    70.000     0.056      88      19     4.0    28.0
   105.669    32.917    27.111    70.000     0.040      89      24     6.0    28.0
   105.653    32.905    27.111    70.000     0.030      88      14     8.0    28.0
   105.636    32.894    27.111    70.000     0.019      50      36    10.0    28.0
   105.620    32.882    27.111    70.000     0.035       9       5    12.0    28.0
   105.603    32.871    27.111    70.000     0.031      34       9    14.0    28.0
   105.587    32.860    27.111    70.000     0.014      35      12    16.0    28.0
   105.570    32.848    27.111    70.000     0.012       3       1    18.0    28.0
   105.554    32.837    27.111    70.000     0.016     100      16    20.0    28.0
   105.537    32.825    27.111    70.000     0.057     100      22    22.0    28.0
   105.521    32.813    27.111    70.000     0.034      98       9    24.0    28.0
   105.505    32.802    27.111    70.000     0.062      99      10    26.0    28.0
   105.488    32.790    27.111    70.000     0.061      99       7    28.0    28.0
   105.472    32.779    27.111    70.000     0.045      99       8    30.0    28.0
   105.455    32.767    27.111    70.000     0.036     100       7    32.0    28.0
   105.439    32.756    27.111    70.000     0.029      21      21    34.0    28.0
   105.422    32.744    27.111    70.000     0.028      94      27    36.0    28.0
   105.406    32.733    27.111    70.000     0.045      54       4    38.0    28.0
   105.390    32.721    27.111    70.000     0.051      54       4    40.0    28.0
   105.373    32.710    27.111    70.000     0.029      91       7    42.0    28.0
   105.357    32.698    27.111    70.000     0.032      87       7    44.0    28.0
   105.340    32.687    27.111    70.000     0.024      91       3    46.0    28.0
   105.324    32.675    27.111    70.000     0.055      84      13    48.0    28.0
   105.308    32.664    27.111    70.000     0.029      86       8    50.0    28.0
   105.291    32.652    27.111    70.000     0.032       1      10    52.0    28.0
   105.275    32.641    27.111    70.000     0.038       1      18    54.0    28.0
   105.259    32.629    27.111    70.000     0.031       1      17    56.0    28.0
   105.242    32.618    27.111    70.000     0.016      34       9    58.0    28.0
   105.226    32.606    27.111    70.000     0.023      59      36    60.0    28.0
   105.209    32.595    27.111    70.000     0.017      34      24    62.0    28.0
   105.193    32.583    27.111    70.000     0.036      90      36    64.0    28.0
   105.177    32.571    27.111    70.000     0.040      92      34    66.0    28.0
   105.160    32.560    27.111    70.000     0.064      93      34    68.0    28.0
   105.144    32.548    27.111    70.000     0.076      94      34    70.0    28.0
   105.128    32.537    27.111    70.000     0.024      94      34    72.0    28.0
   105.111    32.525    27.111    70.000     0.016      31       2    74.0    28.0
   105.095    32.514    27.111    70.000     0.013      78       7    76.0    28.0
   105.079    32.502    27.111    70.000     0.010      56       2    78.0    28.0
   105.062    32.490    27.111    70.000     0.033      93       5    80.0    28.0
   105.046    32.479    27.111    70.000     0.022      92       7    82.0    28.0
   105.030    32.467    27.111    70.000     0.023      33      23    84.0    28.0
   105.013    32.456    27.111    70.000     0.025      31      17    86.0    28.0
   104.997    32.444    27.111    70.000     0.014      31      25    88.0    28.0
   104.981    32.433    27.111    70.000     0.016      56      32    90.0    28.0
   104.964    32.421    27.111    70.000     0.014      63       9    92.0    28.0
   104.948    32.409    27.111    70.000     0.019      63       7    94.0    28.0
   104.932    32.398    27.111    70.000     0.010      15      31    96.0    28.0
   104.916    32.386    27.111    70.000     0.013      60      32    98.0    28.0
   104.899    32.375    27.111    70.000     0.014       4      36   100.0    28.0
   104.883    32.363    27.111    70.000     0.029       1      37   102.0    28.0
   104.867    32.352    27.111    70.000     0.041      60      33   104.0    28.0
   104.850    32.340    27.111    70.000     0.080      31      36   106.0    28.0
   104.834    32.328    27.111    70.000     0.087      30      36   108.0    28.0
   104.818    32.317    27.111    70.000     0.080      28      37   110.0    28.0
   104.802    32.305    27.111    70.000     0.053      60      23   112.0    28.0
   105.723    32.947    25.232    70.000     0.034      87       6     0.0    26.0
   105.707    32.935    25.232    70.000     0.027      86       8     2.0    26.0
   105.690    32.924    25.232    70.000     0.015      80      19     4.0    26.0
   105.674    32.912    25.232    70.000     0.015      61      33     6.0    26.0
   105.657    32.901    25.232    70.000     0.018      60      33     8.0    26.0
   105.641    32.889    25.232    70.000     0.024      60      33    10.0    26.0
   105.624    32.878    25.232    70.000     0.056      86      36    12.0    26.0
   105.608    32.866    25.232    70.000     0.029      85      36    14.0    26.0
   105.592    32.855    25.232    70.000     0.026      81      10    16.0    26.0
   105.575    32.843    25.232    70.000     0.041      80      12    18.0    26.0
   105.559    32.832    25.232    70.000     0.026      80      36    20.0    26.0
   105.542    32.820    25.232    70.000     0.026      79      36    22.0    26.0
   105.526    32.809    25.232    70.000     0.024      83       4    24.0    26.0
   105.509    32.797    25.232    70.000     0.018      86       3    26.0    26.0
   105.493    32.786    25.232    70.000     0.014      56       6    28.0    26.0
   105.476    32.774    25.232    70.000     0.008      55       6    30.0    26.0
   105.460    32.763    25.232    70.000     0.029      58      23    32.0    26.0
   105.444    32.751    25.232    70.000     0.067      56      31    34.0    26.0
   105.427    32.740    25.232    70.000     0.055      56      30    36.0    26.0
   105.411    32.728    25.232    70.000     0.034      59      28    38.0    26.0
   105.394    32.717    25.232    70.000     0.029      62      11    40.0    26.0
   105.378    32.705    25.232    70.000     0.013      63       9    42.0    26.0
   105.362    32.694    25.232    70.000     0.004       7      35    44.0    26.0
   105.345    32.682    25.232    70.000     0.018       5      28    46.0    26.0
   105.329    32.671    25.232    70.000     0.031       7      29    48.0    26.0
   105.312    32.659    25.232    70.000     0.024      42      19    50.0    26.0
   105.296    32.647    25.232    70.000     0.025      86      34    52.0    26.0
   105.280    32.636    25.232    70.000     0.040      86      34    54.0    26.0
   105.263    32.624    25.232    70.000     0.021      41       9    56.0    26.0
   105.247    32.613    25.232    70.000     0.028      49      32    58.0    26.0
   105.230    32.601    25.232    70.000     0.036      45      33    60.0    26.0
   105.214    32.590    25.232    70.000     0.019      16       2    62.0    26.0
   105.198    32.578    25.232    70.000     0.014      83      37    64.0    26.0
   105.181    32.567    25.232    70.000     0.017      57      37    66.0    26.0
   105.165    32.555    25.232    70.000     0.017      56      37    68.0    26.0
   105.149    32.544    25.232    70.000     0.010      37      33    70.0    26.0
   105.132    32.532    25.232    70.000     0.020      41      36    72.0    26.0
   105.116    32.520    25.232    70.000     0.026      45      35    74.0    26.0
   105.100    32.509    25.232    70.000     0.059      45      35    76.0    26.0
   105.083    32.497    25.232    70.000     0.063      61       2    78.0    26.0
   105.067    32.486    25.232    70.000     0.072      61       2    80.0    26.0
   105.051    32.474    25.232    70.000     0.067      61       2    82.0    26.0
   105.034    32.463    25.232    70.000     0.031      10       4    84.0    26.0
   105.018    32.451    25.232    70.000     0.036      12       4    86.0    26.0
   105.002    32.439    25.232    70.000     0.055      14       1    88.0    26.0
   104.985    32.428    25.232    70.000     0.029      12       4    90.0    26.0
   104.969    32.416    25.232    70.000     0.014      28      37    92.0    26.0
   104.953    32.405    25.232    70.000     0.009      15      29    94.0    26.0
   104.937    32.393    25.232    70.000     0.036      16      23    96.0    26.0
   104.920    32.382    25.232    70.000     0.047      15      23    98.0    26.0
   104.904    32.370    25.232    70.000     0.057      14      32   100.0    26.0
   104.888    32.358    25.232    70.000     0.049      12      31   102.0    26.0
   104.871    32.347    25.232    70.000     0.047      12      32   104.0    26.0
   104.855    32.335    25.232    70.000     0.022      10      28   106.0    26.0
   104.839    32.324    25.232    70.000     0.022       5      14   108.0    26.0
   104.823    32.312    25.232    70.000     0.023      59      16   110.0    26.0
   104.806    32.300    25.232    70.000     0.034      58      16   112.0    26.0
   105.728    32.942    23.353    70.000     0.024       7      23     0.0    24.0
   105.711    32.930    23.353    70.000     0.036       9      19     2.0    24.0
   105.695    32.919    23.353    70.000     0.026       7      16     4.0    24.0
   105.678    32.907    23.353    70.000     0.019       5      18     6.0    24.0
   105.662    32.896    23.353    70.000     0.026      18      28     8.0    24.0
   105.646    32.884    23.353    70.000     0.035      18      28    10.0    24.0
   105.629    32.873    23.353    70.000     0.070      90      36    12.0    24.0
   105.613    32.861    23.353    70.000     0.070      43      33    14.0    24.0
   105.596    32.850    23.353    70.000     0.093      42      32    16.0    24.0
   105.580    32.839    23.353    70.000     0.042      42      33    18.0    24.0
   105.563    32.827    23.353    70.000     0.075      15       5    20.0    24.0
   105.547    32.816    23.353    70.000     0.130      14       5    22.0    24.0
   105.530    32.804    23.353    70.000     0.154      14       5    24.0    24.0
   105.514    32.792    23.353    70.000     0.167      12       5    26.0    24.0
   105.497    32.781    23.353    70.000     0.172      12       5    28.0    24.0
   105.481    32.769    23.353    70.000     0.093      11      10    30.0    24.0
   105.465    32.758    23.353    70.000     0.025      48       2    32.0    24.0
   105.448    32.746    23.353    70.000     0.034      11      36    34.0    24.0
   105.432    32.735    23.353    70.000     0.035      14      36    36.0    24.0
   105.415    32.723    23.353    70.000     0.048      44       2    38.0    24.0
   105.399    32.712    23.353    70.000     0.036      16      35    40.0    24.0
   105.383    32.700    23.353    70.000     0.076      71       7    42.0    24.0
   105.366    32.689    23.353    70.000     0.041      74       2    44.0    24.0
   105.350    32.677    23.353    70.000     0.053      92      35    46.0    24.0
   105.333    32.666    23.353    70.000     0.034      96      34    48.0    24.0
   105.317    32.654    23.353    70.000     0.012      13      36    50.0    24.0
   105.301    32.643    23.353    70.000     0.032      39      31    52.0    24.0
   105.284    32.631    23.353    70.000     0.057      39      31    54.0    24.0
   105.268    32.620    23.353    70.000     0.024      40      33    56.0    24.0
   105.251    32.608    23.353    70.000     0.015      91       5    58.0    24.0
   105.235    32.597    23.353    70.000     0.012      40      23    60.0    24.0
   105.219    32.585    23.353    70.000     0.010      51      36    62.0    24.0
   105.202    32.573    23.353    70.000     0.016      50      36    64.0    24.0
   105.186    32.562    23.353    70.000     0.007      84      35    66.0    24.0
   105.170    32.550    23.353    70.000     0.020      53      32    68.0    24.0
   105.153    32.539    23.353    70.000     0.024      53      17    70.0    24.0
   105.137    32.527    23.353    70.000     0.047      90      27    72.0    24.0
   105.121    32.516    23.353    70.000     0.058      88      23    74.0    24.0
   105.104    32.504    23.353    70.000     0.068      88      26    76.0    24.0
   105.088    32.493    23.353    70.000     0.051      88      15    78.0    24.0
   105.072    32.481    23.353    70.000     0.129      15      10    80.0    24.0
   105.055    32.469    23.353    70.000     0.177      15      11    82.0    24.0
   105.039    32.458    23.353    70.000     0.206      18       7    84.0    24.0
   105.023    32.446    23.353    70.000     0.128      17       6    86.0    24.0
   105.006    32.435    23.353    70.000     0.103      19       6    88.0    24.0
   104.990    32.423    23.353    70.000     0.053      21       4    90.0    24.0
   104.974    32.412    23.353    70.000     0.035      17       3    92.0    24.0
   104.957    32.400    23.353    70.000     0.032      16       4    94.0    24.0
   104.941    32.388    23.353    70.000     0.027      51       5    96.0    24.0
   104.925    32.377    23.353    70.000     0.019      49       5    98.0    24.0
   104.909    32.365    23.353    70.000     0.030      17      36   100.0    24.0
   104.892    32.354    23.353    70.000     0.057      18      36   102.0    24.0
   104.876    32.342    23.353    70.000     0.067      16      36   104.0    24.0
   104.860    32.330    23.353    70.000     0.081      47      33   106.0    24.0
   104.844    32.319    23.353    70.000     0.093      48      34   108.0    24.0
   104.827    32.307    23.353    70.000     0.022      46      35   110.0    24.0
   104.811    32.296    23.353    70.000     0.009      90       6   112.0    24.0
   105.733    32.937    21.473    70.000     0.030       9      31     0.0    22.0
   105.716    32.926    21.473    70.000     0.029       3      37     2.0    22.0
   105.700    32.914    21.473    70.000     0.028       9      33     4.0    22.0
   105.683    32.903    21.473    70.000     0.034      70       4     6.0    22.0
   105.667    32.891    21.473    70.000     0.074      70       4     8.0    22.0
   105.650    32.880    21.473    70.000     0.056      69       3    10.0    22.0
   105.634    32.868    21.473    70.000     0.101      51      33    12.0    22.0
   105.617    32.857    21.473    70.000     0.126      51      33    14.0    22.0
   105.601    32.845    21.473    70.000     0.123      51      33    16.0    22.0
   105.584    32.834    21.473    70.000     0.157      51      25    18.0    22.0
   105.568    32.822    21.473    70.000     0.124      51      16    20.0    22.0
   105.551    32.811    21.473    70.000     0.079      52      21    22.0    22.0
   105.535    32.799    21.473    70.000     0.062      52       2    24.0    22.0
   105.519    32.788    21.473    70.000     0.100      52       3    26.0    22.0
   105.502    32.776    21.473    70.000     0.056      52       2    28.0    22.0
   105.486    32.765    21.473    70.000     0.035      80      21    30.0    22.0
   105.469    32.753    21.473    70.000     0.033      72      37    32.0    22.0
   105.453    32.742    21.473    70.000     0.035      69      37    34.0    22.0
   105.436    32.730    21.473    70.000     0.028      84       1    36.0    22.0
   105.420    32.719    21.473    70.000     0.018      14      35    38.0    22.0
   105.404    32.707    21.473    70.000     0.044      14      35    40.0    22.0
   105.387    32.696    21.473    70.000     0.031      54      36    42.0    22.0
   105.371    32.684    21.473    70.000     0.040      54      35    44.0    22.0
   105.354    32.673    21.473    70.000     0.087      55      35    46.0    22.0
   105.338    32.661    21.473    70.000     0.076      54      35    48.0    22.0
   105.322    32.650    21.473    70.000     0.054     100      32    50.0    22.0
   105.305    32.638    21.473    70.000     0.026      99      31    52.0    22.0
   105.289    32.626    21.473    70.000     0.031      99      11    54.0    22.0
   105.273    32.615    21.473    70.000     0.051      99       7    56.0    22.0
   105.256    32.603    21.473    70.000     0.054      97       6    58.0    22.0
   105.240    32.592    21.473    70.000     0.051      95       6    60.0    22.0
   105.223    32.580    21.473    70.000     0.030      58       1    62.0    22.0
   105.207    32.569    21.473    70.000     0.026      59       1    64.0    22.0
   105.191    32.557    21.473    70.000     0.024      11       3    66.0    22.0
   105.174    32.546    21.473    70.000     0.055       9       2    68.0    22.0
   105.158    32.534    21.473    70.000     0.067      10       2    70.0    22.0
   105.142    32.523    21.473    70.000     0.035      56      19    72.0    22.0
   105.125    32.511    21.473    70.000     0.039      61      28    74.0    22.0
   105.109    32.499    21.473    70.000     0.070      59      22    76.0    22.0
   105.093    32.488    21.473    70.000     0.047      94      23    78.0    22.0
   105.076    32.476    21.473    70.000     0.025      12      31    80.0    22.0
   105.060    32.465    21.473    70.000     0.023      12      31    82.0    22.0
   105.044    32.453    21.473    70.000     0.044      99       4    84.0    22.0
   105.027    32.442    21.473    70.000     0.059      47      27    86.0    22.0
   105.011    32.430    21.473    70.000     0.033      16      36    88.0    22.0
   104.995    32.418    21.473    70.000     0.014      43      37    90.0    22.0
   104.978    32.407    21.473    70.000     0.011      18      37    92.0    22.0
   104.962    32.395    21.473    70.000     0.010      83       8    94.0    22.0
   104.946    32.384    21.473    70.000     0.018      84       8    96.0    22.0
   104.930    32.372    21.473    70.000     0.030      83       8    98.0    22.0
   104.913    32.361    21.473    70.000     0.022      20      35   100.0    22.0
   104.897    32.349    21.473    70.000     0.023      21      35   102.0    22.0
   104.881    32.337    21.473    70.000     0.018      19      36   104.0    22.0
   104.864    32.326    21.473    70.000     0.018      17      36   106.0    22.0
   104.848    32.314    21.473    70.000     0.018      17      28   108.0    22.0
   104.832    32.303    21.473    70.000     0.027      30       1   110.0    22.0
   104.816    32.291    21.473    70.000     0.048      44      24   112.0    22.0
   105.737    32.932    19.594    70.000     0.028      34      13     0.0    20.0
   105.721    32.921    19.594    70.000     0.022      71      20     2.0    20.0
   105.704    32.909    19.594    70.000     0.017      21       2     4.0    20.0
   105.688    32.898    19.594    70.000     0.022      30      36     6.0    20.0
   105.671    32.886    19.594    70.000     0.033      30      36     8.0    20.0
   105.655    32.875    19.594    70.000     0.023      26      27    10.0    20.0
   105.638    32.863    19.594    70.000     0.028      62      32    12.0    20.0
   105.622    32.852    19.594    70.000     0.063      59      32    14.0    20.0
   105.605    32.840    19.594    70.000     0.064      58      30    16.0    20.0
   105.589    32.829    19.594    70.000     0.028      62      34    18.0    20.0
   105.573    32.818    19.594    70.000     0.032      91      17    20.0    20.0
   105.556    32.806    19.594    70.000     0.033      25      33    22.0    20.0
   105.540    32.795    19.594    70.000     0.029      87      16    24.0    20.0
   105.523    32.783    19.594    70.000     0.027      58       2    26.0    20.0
   105.507    32.771    19.594    70.000     0.023      59       2    28.0    20.0
   105.490    32.760    19.594    70.000     0.026      27       2    30.0    20.0
   105.474    32.748    19.594    70.000     0.044      25       3    32.0    20.0
   105.458    32.737    19.594    70.000     0.031       2      32    34.0    20.0
   105.441    32.725    19.594    70.000     0.048      77      37    36.0    20.0
   105.425    32.714    19.594    70.000     0.038      76      37    38.0    20.0
   105.408    32.702    19.594    70.000     0.015      69      17    40.0    20.0
   105.392    32.691    19.594    70.000     0.023      96       2    42.0    20.0
   105.375    32.679    19.594    70.000     0.027      97       2    44.0    20.0
   105.359    32.668    19.594    70.000     0.046      99       3    46.0    20.0
   105.343    32.656    19.594    70.000     0.067     100       4    48.0    20.0
   105.326    32.645    19.594    70.000     0.040     100       4    50.0    20.0
   105.310    32.633    19.594    70.000     0.024      59      33    52.0    20.0
   105.294    32.622    19.594    70.000     0.043     100      35    54.0    20.0
   105.277    32.610    19.594    70.000     0.082     100      34    56.0    20.0
   105.261    32.599    19.594    70.000     0.069     100      33    58.0    20.0
   105.244    32.587    19.594    70.000     0.026      58      27    60.0    20.0
   105.228    32.576    19.594    70.000     0.021      23       2    62.0    20.0
   105.212    32.564    19.594    70.000     0.022      70      37    64.0    20.0
   105.195    32.552    19.594    70.000     0.059      71      36    66.0    20.0
   105.179    32.541    19.594    70.000     0.046      71      37    68.0    20.0
   105.163    32.529    19.594    70.000     0.045      70      35    70.0    20.0
   105.146    32.518    19.594    70.000     0.070      13       2    72.0    20.0
   105.130    32.506    19.594    70.000     0.057     100      17    74.0    20.0
   105.114    32.495    19.594    70.000     0.081     100      21    76.0    20.0
   105.097    32.483    19.594    70.000     0.071      99      16    78.0    20.0
   105.081    32.472    19.594    70.000     0.050      98      16    80.0    20.0
   105.065    32.460    19.594    70.000     0.038      25      14    82.0    20.0
   105.048    32.448    19.594    70.000     0.038      72       3    84.0    20.0
   105.032    32.437    19.594    70.000     0.015      68       5    86.0    20.0
   105.016    32.425    19.594    70.000     0.009      10      37    88.0    20.0
   104.999    32.414    19.594    70.000     0.015      72      34    90.0    20.0
   104.983    32.402    19.594    70.000     0.007      65       5    92.0    20.0
   104.967    32.391    19.594    70.000     0.005      90       1    94.0    20.0
   104.951    32.379    19.594    70.000     0.006      91       1    96.0    20.0
   104.934    32.367    19.594    70.000     0.005      91       1    98.0    20.0
   104.918    32.356    19.594    70.000     0.006      45       3   100.0    20.0
   104.902    32.344    19.594    70.000     0.021      47       3   102.0    20.0
   104.885    32.333    19.594    70.000     0.041      48       3   104.0    20.0
   104.869    32.321    19.594    70.000     0.035      48       3   106.0    20.0
   104.853    32.309    19.594    70.000     0.051      12      37   108.0    20.0
   104.837    32.298    19.594    70.000     0.044      75       4   110.0    20.0
   104.820    32.286    19.594    70.000     0.042      18      16   112.0    20.0
   105.742    32.928    17.714    70.000     0.028      23      30     0.0    18.0
   105.725    32.916    17.714    70.000     0.015      22      32     2.0    18.0
   105.709    32.905    17.714    70.000     0.009      21      25     4.0    18.0
   105.692    32.893    17.714    70.000     0.015      37      35     6.0    18.0
   105.676    32.882    17.714    70.000     0.036      72      36     8.0    18.0
   105.660    32.870    17.714    70.000     0.062      72      36    10.0    18.0
   105.643    32.859    17.714    70.000     0.124      70      35    12.0    18.0
   105.627    32.847    17.714    70.000     0.064      69      36    14.0    18.0
   105.610    32.836    17.714    70.000     0.051      67      36    16.0    18.0
   105.594    32.824    17.714    70.000     0.022     100      35    18.0    18.0
   105.577    32.813    17.714    70.000     0.033      98      35    20.0    18.0
   105.561    32.801    17.714    70.000     0.031       1       1    22.0    18.0
   105.544    32.790    17.714    70.000     0.024      98      35    24.0    18.0
   105.528    32.778    17.714    70.000     0.026      68       7    26.0    18.0
   105.511    32.767    17.714    70.000     0.033      87      37    28.0    18.0
   105.495    32.755    17.714    70.000     0.087      87      37    30.0    18.0
   105.479    32.744    17.714    70.000     0.058      88      37    32.0    18.0
   105.462    32.732    17.714    70.000     0.043      88      37    34.0    18.0
   105.446    32.721    17.714    70.000     0.032     100       2    36.0    18.0
   105.429    32.709    17.714    70.000     0.034      20       4    38.0    18.0
   105.413    32.698    17.714    70.000     0.034      21       3    40.0    18.0
   105.397    32.686    17.714    70.000     0.032      22       3    42.0    18.0
   105.380    32.675    17.714    70.000     0.035      25       4    44.0    18.0
   105.364    32.663    17.714    70.000     0.074      25       5    46.0    18.0
   105.347    32.652    17.714    70.000     0.084      25       4    48.0    18.0
   105.331    32.640    17.714    70.000     0.087      24      21    50.0    18.0
   105.315    32.629    17.714    70.000     0.110      24      22    52.0    18.0
   105.298    32.617    17.714    70.000     0.194      24      32    54.0    18.0
   105.282    32.605    17.714    70.000     0.213      23      32    56.0    18.0
   105.265    32.594    17.714    70.000     0.058      23      34    58.0    18.0
   105.249    32.582    17.714    70.000     0.026      63      36    60.0    18.0
   105.233    32.571    17.714    70.000     0.023      62      31    62.0    18.0
   105.216    32.559    17.714    70.000     0.032      22       2    64.0    18.0
   105.200    32.548    17.714    70.000     0.054      23       2    66.0    18.0
   105.184    32.536    17.714    70.000     0.059      35      37    68.0    18.0
   105.167    32.525    17.714    70.000     0.041      74      25    70.0    18.0
   105.151    32.513    17.714    70.000     0.068      73      24    72.0    18.0
   105.135    32.502    17.714    70.000     0.100      71      22    74.0    18.0
   105.118    32.490    17.714    70.000     0.051      70       4    76.0    18.0
   105.102    32.478    17.714    70.000     0.051      68       4    78.0    18.0
   105.086    32.467    17.714    70.000     0.031      28      35    80.0    18.0
   105.069    32.455    17.714    70.000     0.055      27      26    82.0    18.0
   105.053    32.444    17.714    70.000     0.036      55      37    84.0    18.0
   105.037    32.432    17.714    70.000     0.035      31       6    86.0    18.0
   105.020    32.421    17.714    70.000     0.045      32       5    88.0    18.0
   105.004    32.409    17.714    70.000     0.041      31       5    90.0    18.0
   104.988    32.397    17.714    70.000     0.048      29       6    92.0    18.0
   104.971    32.386    17.714    70.000     0.049      31       7    94.0    18.0
   104.955    32.374    17.714    70.000     0.029      31      32    96.0    18.0
   104.939    32.363    17.714    70.000     0.048      30      33    98.0    18.0
   104.923    32.351    17.714    70.000     0.059      30      34   100.0    18.0
   104.906    32.339    17.714    70.000     0.058      31      35   102.0    18.0
   104.890    32.328    17.714    70.000     0.057      32      35   104.0    18.0
   104.874    32.316    17.714    70.000     0.040      28      33   106.0    18.0
   104.858    32.305    17.714    70.000     0.027      27      28   108.0    18.0
   104.841    32.293    17.714    70.000     0.022      59      32   110.0    18.0
   104.825    32.282    17.714    70.000     0.010      88       1   112.0    18.0
   105.747    32.923    15.835    70.000     0.021      50      28     0.0    16.0
   105.730    32.911    15.835    70.000     0.014      49      29     2.0    16.0
   105.714    32.900    15.835    70.000     0.011      19       4     4.0    16.0
   105.697    32.888    15.835    70.000     0.021      83      23     6.0    16.0
   105.681    32.877    15.835    70.000     0.020      81      23     8.0    16.0
   105.664    32.865    15.835    70.000     0.024      77      30    10.0    16.0
   105.648    32.854    15.835    70.000     0.047      78      33    12.0    16.0
   105.631    32.842    15.835    70.000     0.047      76      33    14.0    16.0
   105.615    32.831    15.835    70.000     0.033      78      33    16.0    16.0
   105.598    32.819    15.835    70.000     0.048      78      33    18.0    16.0
   105.582    32.808    15.835    70.000     0.031      78      32    20.0    16.0
   105.565    32.797    15.835    70.000     0.026      31       5    22.0    16.0
   105.549    32.785    15.835    70.000     0.048      32      15    24.0    16.0
   105.533    32.774    15.835    70.000     0.052      93      37    26.0    16.0
   105.516    32.762    15.835    70.000     0.042      92      37    28.0    16.0
   105.500    32.750    15.835    70.000     0.027      74       2    30.0    16.0
   105.483    32.739    15.835    70.000     0.018      73       1    32.0    16.0
   105.467    32.727    15.835    70.000     0.007      27      32    34.0    16.0
   105.450    32.716    15.835    70.000     0.007      29       5    36.0    16.0
   105.434    32.704    15.835    70.000     0.008      26       2    38.0    16.0
   105.418    32.693    15.835    70.000     0.022      40      34    40.0    16.0
   105.401    32.681    15.835    70.000     0.027      25       2    42.0    16.0
   105.385    32.670    15.835    70.000     0.017      25       2    44.0    16.0
   105.368    32.658    15.835    70.000     0.022      21       2    46.0    16.0
   105.352    32.647    15.835    70.000     0.012      19       1    48.0    16.0
   105.336    32.635    15.835    70.000     0.013      81      34    50.0    16.0
   105.319    32.624    15.835    70.000     0.012      81      33    52.0    16.0
   105.303    32.612    15.835    70.000     0.013      23      36    54.0    16.0
   105.287    32.601    15.835    70.000     0.039      22      37    56.0    16.0
   105.270    32.589    15.835    70.000     0.024      23      37    58.0    16.0
   105.254    32.578    15.835    70.000     0.024      24      37    60.0    16.0
   105.237    32.566    15.835    70.000     0.049      25      37    62.0    16.0
   105.221    32.555    15.835    70.000     0.017      25      37    64.0    16.0
   105.205    32.543    15.835    70.000     0.017      69       3    66.0    16.0
   105.188    32.531    15.835    70.000     0.016      40      18    68.0    16.0
   105.172    32.520    15.835    70.000     0.011      42      22    70.0    16.0
   105.156    32.508    15.835    70.000     0.017      43      13    72.0    16.0
   105.139    32.497    15.835    70.000     0.035      36      34    74.0    16.0
   105.123    32.485    15.835    70.000     0.037      37      34    76.0    16.0
   105.107    32.474    15.835    70.000     0.044      36      34    78.0    16.0
   105.090    32.462    15.835    70.000     0.021      34      17    80.0    16.0
   105.074    32.451    15.835    70.000     0.035      32      17    82.0    16.0
   105.058    32.439    15.835    70.000     0.061      32      14    84.0    16.0
   105.041    32.427    15.835    70.000     0.039      32      22    86.0    16.0
   105.025    32.416    15.835    70.000     0.018      38       4    88.0    16.0
   105.009    32.404    15.835    70.000     0.020      35       4    90.0    16.0
   104.992    32.393    15.835    70.000     0.009      34       4    92.0    16.0
   104.976    32.381    15.835    70.000     0.016      71      26    94.0    16.0
   104.960    32.370    15.835    70.000     0.042      71      27    96.0    16.0
   104.944    32.358    15.835    70.000     0.044      72      24    98.0    16.0
   104.927    32.346    15.835    70.000     0.033      72      25   100.0    16.0
   104.911    32.335    15.835    70.000     0.027      22       2   102.0    16.0
   104.895    32.323    15.835    70.000     0.035      31      36   104.0    16.0
   104.878    32.312    15.835    70.000     0.055      32      36   106.0    16.0
   104.862    32.300    15.835    70.000     0.060      33      32   108.0    16.0
   104.846    32.288    15.835    70.000     0.057      14       1   110.0    16.0
   104.830    32.277    15.835    70.000     0.032      59      27   112.0    16.0
   105.751    32.918    13.956    70.000     0.042      53       9     0.0    14.0
   105.735    32.907    13.956    70.000     0.053      53       9     2.0    14.0
   105.718    32.895    13.956    70.000     0.036      48       9     4.0    14.0
   105.702    32.884    13.956    70.000     0.044       6       2     6.0    14.0
   105.685    32.872    13.956    70.000     0.016       7       2     8.0    14.0
   105.669    32.861    13.956    70.000     0.014      58      33    10.0    14.0
   105.652    32.849    13.956    70.000     0.012      59      35    12.0    14.0
   105.636    32.838    13.956    70.000     0.012      90      35    14.0    14.0
   105.619    32.826    13.956    70.000     0.009      87      37    16.0    14.0
   105.603    32.815    13.956    70.000     0.011      99       1    18.0    14.0
   105.587    32.803    13.956    70.000     0.011      66      11    20.0    14.0
   105.570    32.792    13.956    70.000     0.016      53      37    22.0    14.0
   105.554    32.780    13.956    70.000     0.017      53      37    24.0    14.0
   105.537    32.769    13.956    70.000     0.021      65       1    26.0    14.0
   105.521    32.757    13.956    70.000     0.032       8       5    28.0    14.0
   105.504    32.746    13.956    70.000     0.039       7       6    30.0    14.0
   105.488    32.734    13.956    70.000     0.055       9       7    32.0    14.0
   105.472    32.723    13.956    70.000     0.044      54      15    34.0    14.0
   105.455    32.711    13.956    70.000     0.050      12       4    36.0    14.0
   105.439    32.700    13.956    70.000     0.050      52      17    38.0    14.0
   105.422    32.688    13.956    70.000     0.022      85       9    40.0    14.0
   105.406    32.677    13.956    70.000     0.017      52      32    42.0    14.0
   105.389    32.665    13.956    70.000     0.017      53       3    44.0    14.0
   105.373    32.654    13.956    70.000     0.027      51       2    46.0    14.0
   105.357    32.642    13.956    70.000     0.040      52       3    48.0    14.0
   105.340    32.631    13.956    70.000     0.020      50       3    50.0    14.0
   105.324    32.619    13.956    70.000     0.021      10      31    52.0    14.0
   105.308    32.607    13.956    70.000     0.025       6      29    54.0    14.0
   105.291    32.596    13.956    70.000     0.016      85      34    56.0    14.0
   105.275    32.584    13.956    70.000     0.013      22      37    58.0    14.0
   105.258    32.573    13.956    70.000     0.025      22      37    60.0    14.0
   105.242    32.561    13.956    70.000     0.039      37       1    62.0    14.0
   105.226    32.550    13.956    70.000     0.023      22      37    64.0    14.0
   105.209    32.538    13.956    70.000     0.030      55      37    66.0    14.0
   105.193    32.527    13.956    70.000     0.043      57      37    68.0    14.0
   105.177    32.515    13.956    70.000     0.028      54      37    70.0    14.0
   105.160    32.504    13.956    70.000     0.032      10      36    72.0    14.0
   105.144    32.492    13.956    70.000     0.033       9      36    74.0    14.0
   105.128    32.480    13.956    70.000     0.030      47      37    76.0    14.0
   105.111    32.469    13.956    70.000     0.054      31       3    78.0    14.0
   105.095    32.457    13.956    70.000     0.035      30       3    80.0    14.0
   105.079    32.446    13.956    70.000     0.013      28       2    82.0    14.0
   105.062    32.434    13.956    70.000     0.003      29       2    84.0    14.0
   105.046    32.423    13.956    70.000     0.014      91      31    86.0    14.0
   105.030    32.411    13.956    70.000     0.033      88      31    88.0    14.0
   105.013    32.400    13.956    70.000     0.057      59      34    90.0    14.0
   104.997    32.388    13.956    70.000     0.023      59      33    92.0    14.0
   104.981    32.376    13.956    70.000     0.007      13       6    94.0    14.0
   104.965    32.365    13.956    70.000     0.006     100      25    96.0    14.0
   104.948    32.353    13.956    70.000     0.011      20      37    98.0    14.0
   104.932    32.342    13.956    70.000     0.022      32       3   100.0    14.0
   104.916    32.330    13.956    70.000     0.029       3       4   102.0    14.0
   104.899    32.318    13.956    70.000     0.029      42      34   104.0    14.0
   104.883    32.307    13.956    70.000     0.047       5      13   106.0    14.0
   104.867    32.295    13.956    70.000     0.036       4      23   108.0    14.0
   104.851    32.284    13.956    70.000     0.032       2      23   110.0    14.0
   104.834    32.272    13.956    70.000     0.028      32      35   112.0    14.0
   105.756    32.913    12.076    70.000     0.051       9      20     0.0    12.0
   105.739    32.902    12.076    70.000     0.022       5      17     2.0    12.0
   105.723    32.890    12.076    70.000     0.049      38       3     4.0    12.0
   105.706    32.879    12.076    70.000     0.043      37       3     6.0    12.0
   105.690    32.867    12.076    70.000     0.033      39       3     8.0    12.0
   105.673    32.856    12.076    70.000     0.026      45      22    10.0    12.0
   105.657    32.844    12.076    70.000     0.018      69       8    12.0    12.0
   105.641    32.833    12.076    70.000     0.018      72       8    14.0    12.0
   105.624    32.821    12.076    70.000     0.060      72       7    16.0    12.0
   105.608    32.810    12.076    70.000     0.033      74      30    18.0    12.0
   105.591    32.799    12.076    70.000     0.036      72      17    20.0    12.0
   105.575    32.787    12.076    70.000     0.054      71      15    22.0    12.0
   105.558    32.776    12.076    70.000     0.046      95       1    24.0    12.0
   105.542    32.764    12.076    70.000     0.035      97       1    26.0    12.0
   105.525    32.752    12.076    70.000     0.020      16       6    28.0    12.0
   105.509    32.741    12.076    70.000     0.047      16       7    30.0    12.0
   105.493    32.729    12.076    70.000     0.086      15      24    32.0    12.0
   105.476    32.718    12.076    70.000     0.053      17      14    34.0    12.0
   105.460    32.706    12.076    70.000     0.040      56      14    36.0    12.0
   105.443    32.695    12.076    70.000     0.039      54      13    38.0    12.0
   105.427    32.683    12.076    70.000     0.022      55      14    40.0    12.0
   105.411    32.672    12.076    70.000     0.007      15       2    42.0    12.0
   105.394    32.660    12.076    70.000     0.061      37       5    44.0    12.0
   105.378    32.649    12.076    70.000     0.062      35       6    46.0    12.0
   105.361    32.637    12.076    70.000     0.118       7       6    48.0    12.0
   105.345    32.626    12.076    70.000     0.133       7       8    50.0    12.0
   105.329    32.614    12.076    70.000     0.104       8       8    52.0    12.0
   105.312    32.603    12.076    70.000     0.031       7       7    54.0    12.0
   105.296    32.591    12.076    70.000     0.023       9      35    56.0    12.0
   105.279    32.580    12.076    70.000     0.036       9      35    58.0    12.0
   105.263    32.568    12.076    70.000     0.046      10      35    60.0    12.0
   105.247    32.557    12.076    70.000     0.029       9      36    62.0    12.0
   105.230    32.545    12.076    70.000     0.009      92      10    64.0    12.0
   105.214    32.534    12.076    70.000     0.018      60       8    66.0    12.0
   105.198    32.522    12.076    70.000     0.031      34       2    68.0    12.0
   105.181    32.510    12.076    70.000     0.016      36       2    70.0    12.0
   105.165    32.499    12.076    70.000     0.015      56      11    72.0    12.0
   105.149    32.487    12.076    70.000     0.014      33      30    74.0    12.0
   105.132    32.476    12.076    70.000     0.023       7      22    76.0    12.0
   105.116    32.464    12.076    70.000     0.022       6      28    78.0    12.0
   105.100    32.453    12.076    70.000     0.027      97       1    80.0    12.0
   105.083    32.441    12.076    70.000     0.016      45      14    82.0    12.0
   105.067    32.429    12.076    70.000     0.007      30       2    84.0    12.0
   105.051    32.418    12.076    70.000     0.014      28       5    86.0    12.0
   105.034    32.406    12.076    70.000     0.022      25       6    88.0    12.0
   105.018    32.395    12.076    70.000     0.021      92      34    90.0    12.0
   105.002    32.383    12.076    70.000     0.034      93      35    92.0    12.0
   104.985    32.372    12.076    70.000     0.078      92      31    94.0    12.0
   104.969    32.360    12.076    70.000     0.066      92      32    96.0    12.0
   104.953    32.348    12.076    70.000     0.013       6       2    98.0    12.0
   104.937    32.337    12.076    70.000     0.037       7       2   100.0    12.0
   104.920    32.325    12.076    70.000     0.023       8       2   102.0    12.0
   104.904    32.314    12.076    70.000     0.033      41       9   104.0    12.0
   104.888    32.302    12.076    70.000     0.031      39      11   106.0    12.0
   104.872    32.291    12.076    70.000     0.042      42      26   108.0    12.0
   104.855    32.279    12.076    70.000     0.028      74      15   110.0    12.0
   104.839    32.267    12.076    70.000     0.074      74      10   112.0    12.0
   105.761    32.909    10.197    70.000     0.031      36      35     0.0    10.0
   105.744    32.897    10.197    70.000     0.077      38      35     2.0    10.0
   105.728    32.886    10.197    70.000     0.121      39      30     4.0    10.0
   105.711    32.874    10.197    70.000     0.071      40      32     6.0    10.0
   105.695    32.863    10.197    70.000     0.027      40      35     8.0    10.0
   105.678    32.851    10.197    70.000     0.045       5      33    10.0    10.0
   105.662    32.840    10.197    70.000     0.048       3      33    12.0    10.0
   105.645    32.828    10.197    70.000     0.035       5      33    14.0    10.0
   105.629    32.817    10.197    70.000     0.048      45      35    16.0    10.0
   105.612    32.805    10.197    70.000     0.014      63       2    18.0    10.0
   105.596    32.794    10.197    70.000     0.017      63       2    20.0    10.0
   105.579    32.782    10.197    70.000     0.038      42       5    22.0    10.0
   105.563    32.771    10.197    70.000     0.063      87       3    24.0    10.0
   105.547    32.759    10.197    70.000     0.092      85       3    26.0    10.0
   105.530    32.748    10.197    70.000     0.052      86       3    28.0    10.0
   105.514    32.736    10.197    70.000     0.036      67      37    30.0    10.0
   105.497    32.725    10.197    70.000     0.041      68      37    32.0    10.0
   105.481    32.713    10.197    70.000     0.046      34       3    34.0    10.0
   105.464    32.702    10.197    70.000     0.049      34       3    36.0    10.0
   105.448    32.690    10.197    70.000     0.042      35       3    38.0    10.0
   105.432    32.679    10.197    70.000     0.032      35       3    40.0    10.0
   105.415    32.667    10.197    70.000     0.010      94      37    42.0    10.0
   105.399    32.656    10.197    70.000     0.021      39      19    44.0    10.0
   105.382    32.644    10.197    70.000     0.039      44       5    46.0    10.0
   105.366    32.633    10.197    70.000     0.037      42       7    48.0    10.0
   105.350    32.621    10.197    70.000     0.022      43       8    50.0    10.0
   105.333    32.610    10.197    70.000     0.020      43      12    52.0    10.0
   105.317    32.598    10.197    70.000     0.031      43      16    54.0    10.0
   105.300    32.586    10.197    70.000     0.029      41      14    56.0    10.0
   105.284    32.575    10.197    70.000     0.025      42      34    58.0    10.0
   105.268    32.563    10.197    70.000     0.043      41      36    60.0    10.0
   105.251    32.552    10.197    70.000     0.066      28       1    62.0    10.0
   105.235    32.540    10.197    70.000     0.088      16      37    64.0    10.0
   105.219    32.529    10.197    70.000     0.029      16      37    66.0    10.0
   105.202    32.517    10.197    70.000     0.022      47      36    68.0    10.0
   105.186    32.506    10.197    70.000     0.048      49      35    70.0    10.0
   105.170    32.494    10.197    70.000     0.062      49      32    72.0    10.0
   105.153    32.483    10.197    70.000     0.017      48      31    74.0    10.0
   105.137    32.471    10.197    70.000     0.027      51       5    76.0    10.0
   105.121    32.459    10.197    70.000     0.045      50       5    78.0    10.0
   105.104    32.448    10.197    70.000     0.031      44       2    80.0    10.0
   105.088    32.436    10.197    70.000     0.045      72      35    82.0    10.0
   105.072    32.425    10.197    70.000     0.053      13       7    84.0    10.0
   105.055    32.413    10.197    70.000     0.066      14       9    86.0    10.0
   105.039    32.402    10.197    70.000     0.026      12       6    88.0    10.0
   105.023    32.390    10.197    70.000     0.012      39      29    90.0    10.0
   105.006    32.378    10.197    70.000     0.008      87      23    92.0    10.0
   104.990    32.367    10.197    70.000     0.032      87      32    94.0    10.0
   104.974    32.355    10.197    70.000     0.037      87      34    96.0    10.0
   104.958    32.344    10.197    70.000     0.071      87      35    98.0    10.0
   104.941    32.332    10.197    70.000     0.048      87      36   100.0    10.0
   104.925    32.321    10.197    70.000     0.049      87      35   102.0    10.0
   104.909    32.309    10.197    70.000     0.049      75       3   104.0    10.0
   104.892    32.297    10.197    70.000     0.068      75       3   106.0    10.0
   104.876    32.286    10.197    70.000     0.064      15      35   108.0    10.0
   104.860    32.274    10.197    70.000     0.060      15      30   110.0    10.0
   104.844    32.263    10.197    70.000     0.047      41      18   112.0    10.0
   105.765    32.904     8.318    70.000     0.010      50      34     0.0     8.0
   105.749    32.892     8.318    70.000     0.020      49      35     2.0     8.0
   105.732    32.881     8.318    70.000     0.031      48      35     4.0     8.0
   105.716    32.869     8.318    70.000     0.026      48      35     6.0     8.0
   105.699    32.858     8.318    70.000     0.030      49      35     8.0     8.0
   105.683    32.846     8.318    70.000     0.017      49      35    10.0     8.0
   105.666    32.835     8.318    70.000     0.017      90      33    12.0     8.0
   105.650    32.823     8.318    70.000     0.025      90      32    14.0     8.0
   105.633    32.812     8.318    70.000     0.028      57      32    16.0     8.0
   105.617    32.800     8.318    70.000     0.029      11      25    18.0     8.0
   105.601    32.789     8.318    70.000     0.026      54       7    20.0     8.0
   105.584    32.778     8.318    70.000     0.060      53       5    22.0     8.0
   105.568    32.766     8.318    70.000     0.055      52       4    24.0     8.0
   105.551    32.755     8.318    70.000     0.061      50       3    26.0     8.0
   105.535    32.743     8.318    70.000     0.076      50       3    28.0     8.0
   105.518    32.731     8.318    70.000     0.078      85       1    30.0     8.0
   105.502    32.720     8.318    70.000     0.072      86       1    32.0     8.0
   105.485    32.708     8.318    70.000     0.060      45       3    34.0     8.0
   105.469    32.697     8.318    70.000     0.053      46       5    36.0     8.0
   105.453    32.685     8.318    70.000     0.047      45       6    38.0     8.0
   105.436    32.674     8.318    70.000     0.031      40       3    40.0     8.0
   105.420    32.662     8.318    70.000     0.038      76       1    42.0     8.0
   105.403    32.651     8.318    70.000     0.052      74       1    44.0     8.0
   105.387    32.639     8.318    70.000     0.032      87      36    46.0     8.0
   105.371    32.628     8.318    70.000     0.024      57       6    48.0     8.0
   105.354    32.616     8.318    70.000     0.020      56       7    50.0     8.0
   105.338    32.605     8.318    70.000     0.021      22       1    52.0     8.0
   105.322    32.593     8.318    70.000     0.022      41      37    54.0     8.0
   105.305    32.582     8.318    70.000     0.034      42      37    56.0     8.0
   105.289    32.570     8.318    70.000     0.042       5      37    58.0     8.0
   105.272    32.559     8.318    70.000     0.062       4      37    60.0     8.0
   105.256    32.547     8.318    70.000     0.035       4      37    62.0     8.0
   105.240    32.536     8.318    70.000     0.027       4      37    64.0     8.0
   105.223    32.524     8.318    70.000     0.009       8      37    66.0     8.0
   105.207    32.512     8.318    70.000     0.046      58      33    68.0     8.0
   105.191    32.501     8.318    70.000     0.035      59      33    70.0     8.0
   105.174    32.489     8.318    70.000     0.029      17      33    72.0     8.0
   105.158    32.478     8.318    70.000     0.045      18      21    74.0     8.0
   105.142    32.466     8.318    70.000     0.098      18      30    76.0     8.0
   105.125    32.455     8.318    70.000     0.072      18      23    78.0     8.0
   105.109    32.443     8.318    70.000     0.043      89       1    80.0     8.0
   105.093    32.432     8.318    70.000     0.041      77      37    82.0     8.0
   105.076    32.420     8.318    70.000     0.063      54       3    84.0     8.0
   105.060    32.408     8.318    70.000     0.094      54       3    86.0     8.0
   105.044    32.397     8.318    70.000     0.072      53       4    88.0     8.0
   105.027    32.385     8.318    70.000     0.046      77      20    90.0     8.0
   105.011    32.374     8.318    70.000     0.046      75      13    92.0     8.0
   104.995    32.362     8.318    70.000     0.014      73      12    94.0     8.0
   104.979    32.351     8.318    70.000     0.006      18      36    96.0     8.0
   104.962    32.339     8.318    70.000     0.017      93      35    98.0     8.0
   104.946    32.327     8.318    70.000     0.042      93      36   100.0     8.0
   104.930    32.316     8.318    70.000     0.075      95      35   102.0     8.0
   104.913    32.304     8.318    70.000     0.068      93      36   104.0     8.0
   104.897    32.293     8.318    70.000     0.039      52      34   106.0     8.0
   104.881    32.281     8.318    70.000     0.041      50      30   108.0     8.0
   104.865    32.269     8.318    70.000     0.030      20       2   110.0     8.0
   104.848    32.258     8.318    70.000     0.036      20       2   112.0     8.0
   105.770    32.899     6.438    70.000     0.015      23      36     0.0     6.0
   105.753    32.888     6.438    70.000     0.013      54      35     2.0     6.0
   105.737    32.876     6.438    70.000     0.010      54      35     4.0     6.0
   105.720    32.865     6.438    70.000     0.015      15      36     6.0     6.0
   105.704    32.853     6.438    70.000     0.017      11      28     8.0     6.0
   105.687    32.842     6.438    70.000     0.014      14      17    10.0     6.0
   105.671    32.830     6.438    70.000     0.024      13      13    12.0     6.0
   105.655    32.819     6.438    70.000     0.053      14      15    14.0     6.0
   105.638    32.807     6.438    70.000     0.040      51      34    16.0     6.0
   105.622    32.796     6.438    70.000     0.050      54      32    18.0     6.0
   105.605    32.784     6.438    70.000     0.059      83      17    20.0     6.0
   105.589    32.773     6.438    70.000     0.044      53      24    22.0     6.0
   105.572    32.761     6.438    70.000     0.063      53      22    24.0     6.0
   105.556    32.750     6.438    70.000     0.063      53      14    26.0     6.0
   105.539    32.738     6.438    70.000     0.053      53       3    28.0     6.0
   105.523    32.727     6.438    70.000     0.047      53       3    30.0     6.0
   105.507    32.715     6.438    70.000     0.029      55       3    32.0     6.0
   105.490    32.704     6.438    70.000     0.024      71      24    34.0     6.0
   105.474    32.692     6.438    70.000     0.019      71      22    36.0     6.0
   105.457    32.681     6.438    70.000     0.009      66      18    38.0     6.0
   105.441    32.669     6.438    70.000     0.009      67      31    40.0     6.0
   105.425    32.658     6.438    70.000     0.010      63      28    42.0     6.0
   105.408    32.646     6.438    70.000     0.017      43       1    44.0     6.0
   105.392    32.635     6.438    70.000     0.037      60      25    46.0     6.0
   105.375    32.623     6.438    70.000     0.030      65       3    48.0     6.0
   105.359    32.612     6.438    70.000     0.045      66       3    50.0     6.0
   105.343    32.600     6.438    70.000     0.037      65       2    52.0     6.0
   105.326    32.589     6.438    70.000     0.022      64       2    54.0     6.0
   105.310    32.577     6.438    70.000     0.028      27       1    56.0     6.0
   105.293    32.565     6.438    70.000     0.073      26       2    58.0     6.0
   105.277    32.554     6.438    70.000     0.037      25       1    60.0     6.0
   105.261    32.542     6.438    70.000     0.017      45      27    62.0     6.0
   105.244    32.531     6.438    70.000     0.028      45      12    64.0     6.0
   105.228    32.519     6.438    70.000     0.026      43       8    66.0     6.0
   105.212    32.508     6.438    70.000     0.030      44       1    68.0     6.0
   105.195    32.496     6.438    70.000     0.033      45       1    70.0     6.0
   105.179    32.485     6.438    70.000     0.033      46       1    72.0     6.0
   105.163    32.473     6.438    70.000     0.046      46       1    74.0     6.0
   105.146    32.462     6.438    70.000     0.073      93      34    76.0     6.0
   105.130    32.450     6.438    70.000     0.133      94      33    78.0     6.0
   105.114    32.438     6.438    70.000     0.105      94      32    80.0     6.0
   105.097    32.427     6.438    70.000     0.079      60      10    82.0     6.0
   105.081    32.415     6.438    70.000     0.061      60       8    84.0     6.0
   105.065    32.404     6.438    70.000     0.029       8      31    86.0     6.0
   105.048    32.392     6.438    70.000     0.054       9      29    88.0     6.0
   105.032    32.381     6.438    70.000     0.051       7      18    90.0     6.0
   105.016    32.369     6.438    70.000     0.068      74      32    92.0     6.0
   104.999    32.357     6.438    70.000     0.106      74      30    94.0     6.0
   104.983    32.346     6.438    70.000     0.081      41      12    96.0     6.0
   104.967    32.334     6.438    70.000     0.054      41      10    98.0     6.0
   104.951    32.323     6.438    70.000     0.046      13       2   100.0     6.0
   104.934    32.311     6.438    70.000     0.094      12       2   102.0     6.0
   104.918    32.300     6.438    70.000     0.073      11       2   104.0     6.0
   104.902    32.288     6.438    70.000     0.069      23      33   106.0     6.0
   104.886    32.276     6.438    70.000     0.032      58      31   108.0     6.0
   104.869    32.265     6.438    70.000     0.032      56      31   110.0     6.0
   104.853    32.253     6.438    70.000     0.036      59      12   112.0     6.0
   105.774    32.894     4.559    70.000     0.020      27       9     0.0     4.0
   105.758    32.883     4.559    70.000     0.043      25      14     2.0     4.0
   105.742    32.871     4.559    70.000     0.059      24      20     4.0     4.0
   105.725    32.860     4.559    70.000     0.078      24      32     6.0     4.0
   105.709    32.848     4.559    70.000     0.060      23      32     8.0     4.0
   105.692    32.837     4.559    70.000     0.036      72      36    10.0     4.0
   105.676    32.825     4.559    70.000     0.054      52       3    12.0     4.0
   105.659    32.814     4.559    70.000     0.077      51       3    14.0     4.0
   105.643    32.802     4.559    70.000     0.036      52       2    16.0     4.0
   105.626    32.791     4.559    70.000     0.013      53       2    18.0     4.0
   105.610    32.779     4.559    70.000     0.007      17      37    20.0     4.0
   105.593    32.768     4.559    70.000     0.035      17      37    22.0     4.0
   105.577    32.757     4.559    70.000     0.068      19      37    24.0     4.0
   105.561    32.745     4.559    70.000     0.047      35       1    26.0     4.0
   105.544    32.734     4.559    70.000     0.103      69       4    28.0     4.0
   105.528    32.722     4.559    70.000     0.115      70       3    30.0     4.0
   105.511    32.710     4.559    70.000     0.053      65       5    32.0     4.0
   105.495    32.699     4.559    70.000     0.034      63       5    34.0     4.0
   105.478    32.687     4.559    70.000     0.024      24       2    36.0     4.0
   105.462    32.676     4.559    70.000     0.042      25       2    38.0     4.0
   105.446    32.664     4.559    70.000     0.057      77      30    40.0     4.0
   105.429    32.653     4.559    70.000     0.080      75      32    42.0     4.0
   105.413    32.641     4.559    70.000     0.068      77      32    44.0     4.0
   105.396    32.630     4.559    70.000     0.039      75      37    46.0     4.0
   105.380    32.618     4.559    70.000     0.035      57       2    48.0     4.0
   105.364    32.607     4.559    70.000     0.032      79       5    50.0     4.0
   105.347    32.595     4.559    70.000     0.027      78       5    52.0     4.0
   105.331    32.584     4.559    70.000     0.030      64      33    54.0     4.0
   105.314    32.572     4.559    70.000     0.036      64      35    56.0     4.0
   105.298    32.561     4.559    70.000     0.039      30      36    58.0     4.0
   105.282    32.549     4.559    70.000     0.062      28      36    60.0     4.0
   105.265    32.538     4.559    70.000     0.079      27      35    62.0     4.0
   105.249    32.526     4.559    70.000     0.039      27      35    64.0     4.0
   105.233    32.515     4.559    70.000     0.029      28       8    66.0     4.0
   105.216    32.503     4.559    70.000     0.069      28       6    68.0     4.0
   105.200    32.491     4.559    70.000     0.057      28       5    70.0     4.0
   105.184    32.480     4.559    70.000     0.021      27       5    72.0     4.0
   105.167    32.468     4.559    70.000     0.062      32       6    74.0     4.0
   105.151    32.457     4.559    70.000     0.059      32      15    76.0     4.0
   105.135    32.445     4.559    70.000     0.073      22      37    78.0     4.0
   105.118    32.434     4.559    70.000     0.097      28      31    80.0     4.0
   105.102    32.422     4.559    70.000     0.109      27      32    82.0     4.0
   105.086    32.411     4.559    70.000     0.061      28      31    84.0     4.0
   105.069    32.399     4.559    70.000     0.080      77       1    86.0     4.0
   105.053    32.387     4.559    70.000     0.130      75       1    88.0     4.0
   105.037    32.376     4.559    70.000     0.029      74       1    90.0     4.0
   105.020    32.364     4.559    70.000     0.010       5      35    92.0     4.0
   105.004    32.353     4.559    70.000     0.033       5      35    94.0     4.0
   104.988    32.341     4.559    70.000     0.041      62       4    96.0     4.0
   104.972    32.330     4.559    70.000     0.076      63       3    98.0     4.0
   104.955    32.318     4.559    70.000     0.089      42      35   100.0     4.0
   104.939    32.306     4.559    70.000     0.144      60       3   102.0     4.0
   104.923    32.295     4.559    70.000     0.116      41      33   104.0     4.0
   104.906    32.283     4.559    70.000     0.082      62       8   106.0     4.0
   104.890    32.272     4.559    70.000     0.031      62      12   108.0     4.0
   104.874    32.260     4.559    70.000     0.024       3      30   110.0     4.0
   104.858    32.248     4.559    70.000     0.031       1      21   112.0     4.0
   105.779    32.890     2.679    70.000     0.023      93       4     0.0     2.0
   105.763    32.878     2.679    70.000     0.032      16      16     2.0     2.0
   105.746    32.867     2.679    70.000     0.022      18      16     4.0     2.0
   105.730    32.855     2.679    70.000     0.019      89      35     6.0     2.0
   105.713    32.844     2.679    70.000     0.010      17      33     8.0     2.0
   105.697    32.832     2.679    70.000     0.007      43      34    10.0     2.0
   105.680    32.821     2.679    70.000     0.008      37      18    12.0     2.0
   105.664    32.809     2.679    70.000     0.017      37       8    14.0     2.0
   105.647    32.798     2.679    70.000     0.025      38       7    16.0     2.0
   105.631    32.786     2.679    70.000     0.035      72      23    18.0     2.0
   105.614    32.775     2.679    70.000     0.032      73      21    20.0     2.0
   105.598    32.763     2.679    70.000     0.032      68       2    22.0     2.0
   105.582    32.752     2.679    70.000     0.024      19       2    24.0     2.0
   105.565    32.740     2.679    70.000     0.033      23       8    26.0     2.0
   105.549    32.729     2.679    70.000     0.032      22       9    28.0     2.0
   105.532    32.717     2.679    70.000     0.034      86       3    30.0     2.0
   105.516    32.706     2.679    70.000     0.044      94      37    32.0     2.0
   105.499    32.694     2.679    70.000     0.070      92      37    34.0     2.0
   105.483    32.683     2.679    70.000     0.080      93      37    36.0     2.0
   105.467    32.671     2.679    70.000     0.079      92      24    38.0     2.0
   105.450    32.660     2.679    70.000     0.069      91      24    40.0     2.0
   105.434    32.648     2.679    70.000     0.050      90      23    42.0     2.0
   105.417    32.637     2.679    70.000     0.027      90      19    44.0     2.0
   105.401    32.625     2.679    70.000     0.010      13       3    46.0     2.0
   105.385    32.614     2.679    70.000     0.026      97       4    48.0     2.0
   105.368    32.602     2.679    70.000     0.025      97       3    50.0     2.0
   105.352    32.591     2.679    70.000     0.036      96       3    52.0     2.0
   105.336    32.579     2.679    70.000     0.016      78      31    54.0     2.0
   105.319    32.568     2.679    70.000     0.008      79      35    56.0     2.0
   105.303    32.556     2.679    70.000     0.016      96      28    58.0     2.0
   105.286    32.544     2.679    70.000     0.019      62      23    60.0     2.0
   105.270    32.533     2.679    70.000     0.027      66      37    62.0     2.0
   105.254    32.521     2.679    70.000     0.028      63      30    64.0     2.0
   105.237    32.510     2.679    70.000     0.037      98      16    66.0     2.0
   105.221    32.498     2.679    70.000     0.046      41       4    68.0     2.0
   105.205    32.487     2.679    70.000     0.038      40       4    70.0     2.0
   105.188    32.475     2.679    70.000     0.011      38       5    72.0     2.0
   105.172    32.464     2.679    70.000     0.014      79       8    74.0     2.0
   105.156    32.452     2.679    70.000     0.020      77       8    76.0     2.0
   105.139    32.441     2.679    70.000     0.048      37      37    78.0     2.0
   105.123    32.429     2.679    70.000     0.062      38      37    80.0     2.0
   105.107    32.417     2.679    70.000     0.035      37      36    82.0     2.0
   105.090    32.406     2.679    70.000     0.041      94       3    84.0     2.0
   105.074    32.394     2.679    70.000     0.035      93       5    86.0     2.0
   105.058    32.383     2.679    70.000     0.040      63       2    88.0     2.0
   105.041    32.371     2.679    70.000     0.087      96      30    90.0     2.0
   105.025    32.360     2.679    70.000     0.101      94      28    92.0     2.0
   105.009    32.348     2.679    70.000     0.113      94      25    94.0     2.0
   104.993    32.336     2.679    70.000     0.071      95      24    96.0     2.0
   104.976    32.325     2.679    70.000     0.034      58      31    98.0     2.0
   104.960    32.313     2.679    70.000     0.050      45       1   100.0     2.0
   104.944    32.302     2.679    70.000     0.034      44       1   102.0     2.0
   104.927    32.290     2.679    70.000     0.024      83      13   104.0     2.0
   104.911    32.278     2.679    70.000     0.054      81      11   106.0     2.0
   104.895    32.267     2.679    70.000     0.088      78      11   108.0     2.0
   104.879    32.255     2.679    70.000     0.083      80      14   110.0     2.0
   104.862    32.244     2.679    70.000     0.046      77      13   112.0     2.0
   105.784    32.885     0.800    70.000     0.020      74      37     0.0     0.0
   105.767    32.873     0.800    70.000     0.007      76      37     2.0     0.0
   105.751    32.862     0.800    70.000     0.005      42       7     4.0     0.0
   105.734    32.850     0.800    70.000     0.003      40       2     6.0     0.0
   105.718    32.839     0.800    70.000     0.008      38       3     8.0     0.0
   105.701    32.827     0.800    70.000     0.009      38      13    10.0     0.0
   105.685    32.816     0.800    70.000     0.020      38      19    12.0     0.0
   105.668    32.804     0.800    70.000     0.032      40      14    14.0     0.0
   105.652    32.793     0.800    70.000     0.053      40      22    16.0     0.0
   105.636    32.781     0.800    70.000     0.104      40      33    18.0     0.0
   105.619    32.770     0.800    70.000     0.080      41      33    20.0     0.0
   105.603    32.758     0.800    70.000     0.066      43      31    22.0     0.0
   105.586    32.747     0.800    70.000     0.039      80      36    24.0     0.0
   105.570    32.736     0.800    70.000     0.080      78      36    26.0     0.0
   105.553    32.724     0.800    70.000     0.061      79      36    28.0     0.0
   105.537    32.713     0.800    70.000     0.056      98       1    30.0     0.0
   105.521    32.701     0.800    70.000     0.060      98       3    32.0     0.0
   105.504    32.689     0.800    70.000     0.066      59      15    34.0     0.0
   105.488    32.678     0.800    70.000     0.026     100       4    36.0     0.0
   105.471    32.666     0.800    70.000     0.025     100       7    38.0     0.0
   105.455    32.655     0.800    70.000     0.020      62      29    40.0     0.0
   105.438    32.643     0.800    70.000     0.018      93       1    42.0     0.0
   105.422    32.632     0.800    70.000     0.011      94       1    44.0     0.0
   105.406    32.620     0.800    70.000     0.014      17      33    46.0     0.0
   105.389    32.609     0.800    70.000     0.021      47      33    48.0     0.0
   105.373    32.597     0.800    70.000     0.045      50      32    50.0     0.0
   105.357    32.586     0.800    70.000     0.029      50      32    52.0     0.0
   105.340    32.574     0.800    70.000     0.016      15      35    54.0     0.0
   105.324    32.563     0.800    70.000     0.007      57       9    56.0     0.0
   105.307    32.551     0.800    70.000     0.027      60      36    58.0     0.0
   105.291    32.540     0.800    70.000     0.104      59      36    60.0     0.0
   105.275    32.528     0.800    70.000     0.098      58      36    62.0     0.0
   105.258    32.517     0.800    70.000     0.050      58      36    64.0     0.0
   105.242    32.505     0.800    70.000     0.008       6       1    66.0     0.0
   105.226    32.494     0.800    70.000     0.019       5       1    68.0     0.0
   105.209    32.482     0.800    70.000     0.020       4       1    70.0     0.0
   105.193    32.470     0.800    70.000     0.012      28      31    72.0     0.0
   105.177    32.459     0.800    70.000     0.014      49      18    74.0     0.0
   105.160    32.447     0.800    70.000     0.019      50      20    76.0     0.0
   105.144    32.436     0.800    70.000     0.035      67       1    78.0     0.0
   105.128    32.424     0.800    70.000     0.045      85      10    80.0     0.0
   105.111    32.413     0.800    70.000     0.080      86      22    82.0     0.0
   105.095    32.401     0.800    70.000     0.048      87      28    84.0     0.0
   105.079    32.390     0.800    70.000     0.028      88      33    86.0     0.0
   105.062    32.378     0.800    70.000     0.015      90      35    88.0     0.0
   105.046    32.366     0.800    70.000     0.014      62      35    90.0     0.0
   105.030    32.355     0.800    70.000     0.023      61      35    92.0     0.0
   105.013    32.343     0.800    70.000     0.039      31      29    94.0     0.0
   104.997    32.332     0.800    70.000     0.032      31      30    96.0     0.0
   104.981    32.320     0.800    70.000     0.024      25      35    98.0     0.0
   104.965    32.309     0.800    70.000     0.010      96      15   100.0     0.0
   104.948    32.297     0.800    70.000     0.014      73      37   102.0     0.0
   104.932    32.285     0.800    70.000     0.021       9      10   104.0     0.0
   104.916    32.274     0.800    70.000     0.041       9      10   106.0     0.0
   104.900    32.262     0.800    70.000     0.022      48      23   108.0     0.0
   104.883    32.251     0.800    70.000     0.027      45      23   110.0     0.0
   104.867    32.239     0.800    70.000     0.021      45      25   112.0     0.0
