   104.700    32.381    33.161    54.000     0.121      55      17     0.0    40.0
   104.685    32.368    33.161    54.000     0.084      24      22     2.0    40.0
   104.670    32.355    33.161    54.000     0.112      23      29     4.0    40.0
   104.655    32.342    33.161    54.000     0.107      23      22     6.0    40.0
   104.641    32.329    33.161    54.000     0.062      22      27     8.0    40.0
   104.626    32.316    33.161    54.000     0.019      25       8    10.0    40.0
   104.611    32.303    33.161    54.000     0.010      82      37    12.0    40.0
   104.596    32.290    33.161    54.000     0.029      82      37    14.0    40.0
   104.581    32.278    33.161    54.000     0.004      82      37    16.0    40.0
   104.567    32.265    33.161    54.000     0.005      87      14    18.0    40.0
   104.552    32.252    33.161    54.000     0.008      11      20    20.0    40.0
   104.537    32.239    33.161    54.000     0.014      81       3    22.0    40.0
   104.522    32.226    33.161    54.000     0.013      79       3    24.0    40.0
   104.508    32.213    33.161    54.000     0.011      79       3    26.0    40.0
   104.493    32.200    33.161    54.000     0.015      78      34    28.0    40.0
   104.478    32.187    33.161    54.000     0.048      77      34    30.0    40.0
   104.463    32.174    33.161    54.000     0.072      80      34    32.0    40.0
   104.449    32.161    33.161    54.000     0.104      80      34    34.0    40.0
   104.434    32.148    33.161    54.000     0.070      81      32    36.0    40.0
   104.419    32.135    33.161    54.000     0.033      22       2    38.0    40.0
   104.404    32.122    33.161    54.000     0.060      43      37    40.0    40.0
   104.390    32.109    33.161    54.000     0.072      26       4    42.0    40.0
   104.375    32.096    33.161    54.000     0.060       8      37    44.0    40.0
   104.360    32.083    33.161    54.000     0.061     100       1    46.0    40.0
   104.346    32.070    33.161    54.000     0.070     100       1    48.0    40.0
   104.331    32.057    33.161    54.000     0.092      89      37    50.0    40.0
   104.316    32.044    33.161    54.000     0.094      88      37    52.0    40.0
   104.301    32.031    33.161    54.000     0.025      87      37    54.0    40.0
   104.287    32.018    33.161    54.000     0.014       4       4    56.0    40.0
   104.272    32.005    33.161    54.000     0.009       5       4    58.0    40.0
   104.257    31.992    33.161    54.000     0.009      97      24    60.0    40.0
   104.243    31.979    33.161    54.000     0.006      55       1    62.0    40.0
   104.228    31.966    33.161    54.000     0.012      63      37    64.0    40.0
   104.709    32.374    31.543    54.000     0.099      24      10     0.0    38.0
   104.694    32.361    31.543    54.000     0.093      23      24     2.0    38.0
   104.679    32.348    31.543    54.000     0.144      22      26     4.0    38.0
   104.664    32.335    31.543    54.000     0.117      24      26     6.0    38.0
   104.649    32.322    31.543    54.000     0.166      25      34     8.0    38.0
   104.635    32.309    31.543    54.000     0.176      25      35    10.0    38.0
   104.620    32.296    31.543    54.000     0.112      23      33    12.0    38.0
   104.605    32.283    31.543    54.000     0.057      24      36    14.0    38.0
   104.590    32.270    31.543    54.000     0.015      27      34    16.0    38.0
   104.576    32.257    31.543    54.000     0.012       2      26    18.0    38.0
   104.561    32.244    31.543    54.000     0.014      84      20    20.0    38.0
   104.546    32.231    31.543    54.000     0.029      38      27    22.0    38.0
   104.531    32.218    31.543    54.000     0.025      36      31    24.0    38.0
   104.517    32.205    31.543    54.000     0.017      86      26    26.0    38.0
   104.502    32.192    31.543    54.000     0.019      27       2    28.0    38.0
   104.487    32.179    31.543    54.000     0.038       9      37    30.0    38.0
   104.472    32.166    31.543    54.000     0.057      10      37    32.0    38.0
   104.458    32.154    31.543    54.000     0.087       8      37    34.0    38.0
   104.443    32.141    31.543    54.000     0.081       7      37    36.0    38.0
   104.428    32.128    31.543    54.000     0.055       6      37    38.0    38.0
   104.413    32.115    31.543    54.000     0.031      24       1    40.0    38.0
   104.399    32.102    31.543    54.000     0.021      23       1    42.0    38.0
   104.384    32.089    31.543    54.000     0.033      61       3    44.0    38.0
   104.369    32.076    31.543    54.000     0.047      33       3    46.0    38.0
   104.355    32.063    31.543    54.000     0.052      34       3    48.0    38.0
   104.340    32.050    31.543    54.000     0.030      36       3    50.0    38.0
   104.325    32.037    31.543    54.000     0.035      39       4    52.0    38.0
   104.310    32.024    31.543    54.000     0.024      40       4    54.0    38.0
   104.296    32.011    31.543    54.000     0.034      13      17    56.0    38.0
   104.281    31.998    31.543    54.000     0.032      13      10    58.0    38.0
   104.266    31.985    31.543    54.000     0.042      14      12    60.0    38.0
   104.252    31.972    31.543    54.000     0.062      95      37    62.0    38.0
   104.237    31.959    31.543    54.000     0.031      79      16    64.0    38.0
   104.718    32.366    29.925    54.000     0.012      26       5     0.0    36.0
   104.703    32.353    29.925    54.000     0.009     100      22     2.0    36.0
   104.688    32.340    29.925    54.000     0.020      44       2     4.0    36.0
   104.673    32.328    29.925    54.000     0.039      26      36     6.0    36.0
   104.658    32.315    29.925    54.000     0.099      26      33     8.0    36.0
   104.644    32.302    29.925    54.000     0.096      25      32    10.0    36.0
   104.629    32.289    29.925    54.000     0.100      26      30    12.0    36.0
   104.614    32.276    29.925    54.000     0.115      27      24    14.0    36.0
   104.599    32.263    29.925    54.000     0.097      27      16    16.0    36.0
   104.585    32.250    29.925    54.000     0.077      27      15    18.0    36.0
   104.570    32.237    29.925    54.000     0.036       1      30    20.0    36.0
   104.555    32.224    29.925    54.000     0.057      85      26    22.0    36.0
   104.540    32.211    29.925    54.000     0.039      81      29    24.0    36.0
   104.526    32.198    29.925    54.000     0.043      82      33    26.0    36.0
   104.511    32.185    29.925    54.000     0.016       8      37    28.0    36.0
   104.496    32.172    29.925    54.000     0.017      26       1    30.0    36.0
   104.481    32.159    29.925    54.000     0.020      87      32    32.0    36.0
   104.467    32.146    29.925    54.000     0.021      26       1    34.0    36.0
   104.452    32.133    29.925    54.000     0.015      25       1    36.0    36.0
   104.437    32.120    29.925    54.000     0.025     100      22    38.0    36.0
   104.422    32.107    29.925    54.000     0.033     100      28    40.0    36.0
   104.408    32.094    29.925    54.000     0.020      76      28    42.0    36.0
   104.393    32.081    29.925    54.000     0.027      75      28    44.0    36.0
   104.378    32.068    29.925    54.000     0.025       6       7    46.0    36.0
   104.364    32.055    29.925    54.000     0.043       7       6    48.0    36.0
   104.349    32.042    29.925    54.000     0.038       6       6    50.0    36.0
   104.334    32.029    29.925    54.000     0.028      35       2    52.0    36.0
   104.319    32.016    29.925    54.000     0.033      84      19    54.0    36.0
   104.305    32.003    29.925    54.000     0.059      84      17    56.0    36.0
   104.290    31.990    29.925    54.000     0.043      84      23    58.0    36.0
   104.275    31.977    29.925    54.000     0.070      41       3    60.0    36.0
   104.261    31.964    29.925    54.000     0.089      42       3    62.0    36.0
   104.246    31.951    29.925    54.000     0.060       5       3    64.0    36.0
   104.727    32.359    28.307    54.000     0.047       8      35     0.0    34.0
   104.712    32.346    28.307    54.000     0.076      36      19     2.0    34.0
   104.697    32.333    28.307    54.000     0.075      36      28     4.0    34.0
   104.682    32.320    28.307    54.000     0.061      36      31     6.0    34.0
   104.667    32.307    28.307    54.000     0.040      53       1     8.0    34.0
   104.653    32.294    28.307    54.000     0.045      64      34    10.0    34.0
   104.638    32.281    28.307    54.000     0.031      70      37    12.0    34.0
   104.623    32.268    28.307    54.000     0.040      69      37    14.0    34.0
   104.608    32.255    28.307    54.000     0.047      22      18    16.0    34.0
   104.594    32.242    28.307    54.000     0.076      22      23    18.0    34.0
   104.579    32.230    28.307    54.000     0.054      23      27    20.0    34.0
   104.564    32.217    28.307    54.000     0.026      23      21    22.0    34.0
   104.549    32.204    28.307    54.000     0.021      53      32    24.0    34.0
   104.534    32.191    28.307    54.000     0.022      84      34    26.0    34.0
   104.520    32.178    28.307    54.000     0.021      84      33    28.0    34.0
   104.505    32.165    28.307    54.000     0.017      84      33    30.0    34.0
   104.490    32.152    28.307    54.000     0.019      54      32    32.0    34.0
   104.476    32.139    28.307    54.000     0.037      10       2    34.0    34.0
   104.461    32.126    28.307    54.000     0.077      11       3    36.0    34.0
   104.446    32.113    28.307    54.000     0.077      11       6    38.0    34.0
   104.431    32.100    28.307    54.000     0.067      10      11    40.0    34.0
   104.417    32.087    28.307    54.000     0.058      11      14    42.0    34.0
   104.402    32.074    28.307    54.000     0.088      34      23    44.0    34.0
   104.387    32.061    28.307    54.000     0.057      35      29    46.0    34.0
   104.372    32.048    28.307    54.000     0.019      35      29    48.0    34.0
   104.358    32.035    28.307    54.000     0.045      70      27    50.0    34.0
   104.343    32.022    28.307    54.000     0.017      71      26    52.0    34.0
   104.328    32.009    28.307    54.000     0.021      76      14    54.0    34.0
   104.314    31.996    28.307    54.000     0.021      75      18    56.0    34.0
   104.299    31.983    28.307    54.000     0.057      23      37    58.0    34.0
   104.284    31.970    28.307    54.000     0.082      86      36    60.0    34.0
   104.270    31.957    28.307    54.000     0.138      54      36    62.0    34.0
   104.255    31.944    28.307    54.000     0.163      54      36    64.0    34.0
   104.736    32.352    26.689    54.000     0.036       5      19     0.0    32.0
   104.721    32.339    26.689    54.000     0.050       5      13     2.0    32.0
   104.706    32.326    26.689    54.000     0.067      42      35     4.0    32.0
   104.691    32.313    26.689    54.000     0.079      42      35     6.0    32.0
   104.676    32.300    26.689    54.000     0.045      69      36     8.0    32.0
   104.662    32.287    26.689    54.000     0.047      69      35    10.0    32.0
   104.647    32.274    26.689    54.000     0.027      67      35    12.0    32.0
   104.632    32.261    26.689    54.000     0.062      94      33    14.0    32.0
   104.617    32.248    26.689    54.000     0.038      95      31    16.0    32.0
   104.602    32.235    26.689    54.000     0.042      92      32    18.0    32.0
   104.588    32.222    26.689    54.000     0.038      22      31    20.0    32.0
   104.573    32.209    26.689    54.000     0.055      22      30    22.0    32.0
   104.558    32.196    26.689    54.000     0.031      69      14    24.0    32.0
   104.543    32.183    26.689    54.000     0.024      22      29    26.0    32.0
   104.529    32.170    26.689    54.000     0.021      99      13    28.0    32.0
   104.514    32.157    26.689    54.000     0.025      66       5    30.0    32.0
   104.499    32.144    26.689    54.000     0.018      29      37    32.0    32.0
   104.484    32.131    26.689    54.000     0.017      29      37    34.0    32.0
   104.470    32.118    26.689    54.000     0.024      42       2    36.0    32.0
   104.455    32.105    26.689    54.000     0.048      12       2    38.0    32.0
   104.440    32.093    26.689    54.000     0.031      13       2    40.0    32.0
   104.426    32.080    26.689    54.000     0.014      15       2    42.0    32.0
   104.411    32.067    26.689    54.000     0.026      44       4    44.0    32.0
   104.396    32.054    26.689    54.000     0.022      37      31    46.0    32.0
   104.381    32.041    26.689    54.000     0.041      36      29    48.0    32.0
   104.367    32.028    26.689    54.000     0.043      49       3    50.0    32.0
   104.352    32.015    26.689    54.000     0.056      42      26    52.0    32.0
   104.337    32.002    26.689    54.000     0.087      44      24    54.0    32.0
   104.323    31.989    26.689    54.000     0.082      45      10    56.0    32.0
   104.308    31.976    26.689    54.000     0.078      43       8    58.0    32.0
   104.293    31.963    26.689    54.000     0.031      43       8    60.0    32.0
   104.279    31.950    26.689    54.000     0.021      97       1    62.0    32.0
   104.264    31.937    26.689    54.000     0.086      97       1    64.0    32.0
   104.745    32.344    25.071    54.000     0.030       1      37     0.0    30.0
   104.730    32.331    25.071    54.000     0.036       3      10     2.0    30.0
   104.715    32.318    25.071    54.000     0.022       6      12     4.0    30.0
   104.700    32.305    25.071    54.000     0.025       6      22     6.0    30.0
   104.685    32.292    25.071    54.000     0.015       6      30     8.0    30.0
   104.671    32.279    25.071    54.000     0.026      35      31    10.0    30.0
   104.656    32.267    25.071    54.000     0.031      35      25    12.0    30.0
   104.641    32.254    25.071    54.000     0.019      35      30    14.0    30.0
   104.626    32.241    25.071    54.000     0.047      37      12    16.0    30.0
   104.611    32.228    25.071    54.000     0.079      36      10    18.0    30.0
   104.597    32.215    25.071    54.000     0.047      69      14    20.0    30.0
   104.582    32.202    25.071    54.000     0.047      98      20    22.0    30.0
   104.567    32.189    25.071    54.000     0.054      94      19    24.0    30.0
   104.552    32.176    25.071    54.000     0.051      95       6    26.0    30.0
   104.538    32.163    25.071    54.000     0.042      96       8    28.0    30.0
   104.523    32.150    25.071    54.000     0.008      93      10    30.0    30.0
   104.508    32.137    25.071    54.000     0.005      71      31    32.0    30.0
   104.493    32.124    25.071    54.000     0.004      93      36    34.0    30.0
   104.479    32.111    25.071    54.000     0.009      93      36    36.0    30.0
   104.464    32.098    25.071    54.000     0.017      69       5    38.0    30.0
   104.449    32.085    25.071    54.000     0.014      69       5    40.0    30.0
   104.435    32.072    25.071    54.000     0.016      72       4    42.0    30.0
   104.420    32.059    25.071    54.000     0.012      77       8    44.0    30.0
   104.405    32.046    25.071    54.000     0.013      76       6    46.0    30.0
   104.390    32.033    25.071    54.000     0.013      76      16    48.0    30.0
   104.376    32.020    25.071    54.000     0.028      31      37    50.0    30.0
   104.361    32.007    25.071    54.000     0.021      82       3    52.0    30.0
   104.346    31.994    25.071    54.000     0.021      40      19    54.0    30.0
   104.332    31.981    25.071    54.000     0.019      43      18    56.0    30.0
   104.317    31.968    25.071    54.000     0.020      75      33    58.0    30.0
   104.302    31.955    25.071    54.000     0.040      75      33    60.0    30.0
   104.288    31.942    25.071    54.000     0.047      55       2    62.0    30.0
   104.273    31.929    25.071    54.000     0.060      57       2    64.0    30.0
   104.753    32.337    23.452    54.000     0.010      79      37     0.0    28.0
   104.739    32.324    23.452    54.000     0.007       1      37     2.0    28.0
   104.724    32.311    23.452    54.000     0.021       1      37     4.0    28.0
   104.709    32.298    23.452    54.000     0.020       1      37     6.0    28.0
   104.694    32.285    23.452    54.000     0.025       3      37     8.0    28.0
   104.679    32.272    23.452    54.000     0.017       4      37    10.0    28.0
   104.665    32.259    23.452    54.000     0.022      36      31    12.0    28.0
   104.650    32.246    23.452    54.000     0.025      33      31    14.0    28.0
   104.635    32.233    23.452    54.000     0.071      33      32    16.0    28.0
   104.620    32.220    23.452    54.000     0.063      36      19    18.0    28.0
   104.606    32.207    23.452    54.000     0.093      34      19    20.0    28.0
   104.591    32.194    23.452    54.000     0.067      34      19    22.0    28.0
   104.576    32.181    23.452    54.000     0.051      32      23    24.0    28.0
   104.561    32.169    23.452    54.000     0.045      34      29    26.0    28.0
   104.547    32.156    23.452    54.000     0.030      35      32    28.0    28.0
   104.532    32.143    23.452    54.000     0.010      90      28    30.0    28.0
   104.517    32.130    23.452    54.000     0.010      34       4    32.0    28.0
   104.502    32.117    23.452    54.000     0.012      33       2    34.0    28.0
   104.488    32.104    23.452    54.000     0.023      96      36    36.0    28.0
   104.473    32.091    23.452    54.000     0.014      90      36    38.0    28.0
   104.458    32.078    23.452    54.000     0.028      90      37    40.0    28.0
   104.443    32.065    23.452    54.000     0.034      92      37    42.0    28.0
   104.429    32.052    23.452    54.000     0.021      91      30    44.0    28.0
   104.414    32.039    23.452    54.000     0.024      92      35    46.0    28.0
   104.399    32.026    23.452    54.000     0.013      94      36    48.0    28.0
   104.385    32.013    23.452    54.000     0.015      95      34    50.0    28.0
   104.370    32.000    23.452    54.000     0.026      91      10    52.0    28.0
   104.355    31.987    23.452    54.000     0.054      92      10    54.0    28.0
   104.341    31.974    23.452    54.000     0.073      93       6    56.0    28.0
   104.326    31.961    23.452    54.000     0.087      93       6    58.0    28.0
   104.311    31.948    23.452    54.000     0.081      94      15    60.0    28.0
   104.296    31.935    23.452    54.000     0.152      94      22    62.0    28.0
   104.282    31.922    23.452    54.000     0.140      73      37    64.0    28.0
   104.762    32.329    21.834    54.000     0.015      99      34     0.0    26.0
   104.748    32.316    21.834    54.000     0.009      52      24     2.0    26.0
   104.733    32.304    21.834    54.000     0.012      51      22     4.0    26.0
   104.718    32.291    21.834    54.000     0.015      48      24     6.0    26.0
   104.703    32.278    21.834    54.000     0.022      49      17     8.0    26.0
   104.688    32.265    21.834    54.000     0.043      44      23    10.0    26.0
   104.674    32.252    21.834    54.000     0.038      44      25    12.0    26.0
   104.659    32.239    21.834    54.000     0.053      78      34    14.0    26.0
   104.644    32.226    21.834    54.000     0.088      79      34    16.0    26.0
   104.629    32.213    21.834    54.000     0.044      79      31    18.0    26.0
   104.615    32.200    21.834    54.000     0.029      78      30    20.0    26.0
   104.600    32.187    21.834    54.000     0.020      78      24    22.0    26.0
   104.585    32.174    21.834    54.000     0.008      78      27    24.0    26.0
   104.570    32.161    21.834    54.000     0.005      30      32    26.0    26.0
   104.556    32.148    21.834    54.000     0.012      70      23    28.0    26.0
   104.541    32.135    21.834    54.000     0.022      69      19    30.0    26.0
   104.526    32.122    21.834    54.000     0.023      69      22    32.0    26.0
   104.511    32.109    21.834    54.000     0.020      69      21    34.0    26.0
   104.497    32.096    21.834    54.000     0.023      68       9    36.0    26.0
   104.482    32.083    21.834    54.000     0.017      67      10    38.0    26.0
   104.467    32.070    21.834    54.000     0.013      39       1    40.0    26.0
   104.452    32.057    21.834    54.000     0.020      36       1    42.0    26.0
   104.438    32.044    21.834    54.000     0.029      21      20    44.0    26.0
   104.423    32.032    21.834    54.000     0.039      23      36    46.0    26.0
   104.408    32.019    21.834    54.000     0.040      22      23    48.0    26.0
   104.394    32.006    21.834    54.000     0.046      26      33    50.0    26.0
   104.379    31.993    21.834    54.000     0.026      24      33    52.0    26.0
   104.364    31.980    21.834    54.000     0.065      96       4    54.0    26.0
   104.349    31.967    21.834    54.000     0.056      96       4    56.0    26.0
   104.335    31.954    21.834    54.000     0.063      93       4    58.0    26.0
   104.320    31.941    21.834    54.000     0.027      92       4    60.0    26.0
   104.305    31.928    21.834    54.000     0.017      65      24    62.0    26.0
   104.291    31.915    21.834    54.000     0.023      93      33    64.0    26.0
   104.771    32.322    20.216    54.000     0.018     100      33     0.0    24.0
   104.757    32.309    20.216    54.000     0.022      11      26     2.0    24.0
   104.742    32.296    20.216    54.000     0.022      46       7     4.0    24.0
   104.727    32.283    20.216    54.000     0.024      46       5     6.0    24.0
   104.712    32.270    20.216    54.000     0.008      52      37     8.0    24.0
   104.697    32.257    20.216    54.000     0.020     100       5    10.0    24.0
   104.683    32.244    20.216    54.000     0.065      46      36    12.0    24.0
   104.668    32.231    20.216    54.000     0.116      45      36    14.0    24.0
   104.653    32.219    20.216    54.000     0.071      46      34    16.0    24.0
   104.638    32.206    20.216    54.000     0.057      43      36    18.0    24.0
   104.624    32.193    20.216    54.000     0.060      80      35    20.0    24.0
   104.609    32.180    20.216    54.000     0.062      80      35    22.0    24.0
   104.594    32.167    20.216    54.000     0.035      80      34    24.0    24.0
   104.579    32.154    20.216    54.000     0.035      22       7    26.0    24.0
   104.564    32.141    20.216    54.000     0.017      80      18    28.0    24.0
   104.550    32.128    20.216    54.000     0.017      44       1    30.0    24.0
   104.535    32.115    20.216    54.000     0.016      43       1    32.0    24.0
   104.520    32.102    20.216    54.000     0.013      38       1    34.0    24.0
   104.506    32.089    20.216    54.000     0.014      44       1    36.0    24.0
   104.491    32.076    20.216    54.000     0.032      44       1    38.0    24.0
   104.476    32.063    20.216    54.000     0.067      43       1    40.0    24.0
   104.461    32.050    20.216    54.000     0.029      43       1    42.0    24.0
   104.447    32.037    20.216    54.000     0.013      64      37    44.0    24.0
   104.432    32.024    20.216    54.000     0.018       6       1    46.0    24.0
   104.417    32.011    20.216    54.000     0.032       7       1    48.0    24.0
   104.403    31.998    20.216    54.000     0.034       9       1    50.0    24.0
   104.388    31.985    20.216    54.000     0.051      23      28    52.0    24.0
   104.373    31.972    20.216    54.000     0.036      51      29    54.0    24.0
   104.358    31.959    20.216    54.000     0.047      17       3    56.0    24.0
   104.344    31.946    20.216    54.000     0.093      16       2    58.0    24.0
   104.329    31.933    20.216    54.000     0.135      19       3    60.0    24.0
   104.314    31.920    20.216    54.000     0.202      16       2    62.0    24.0
   104.300    31.907    20.216    54.000     0.115      18       2    64.0    24.0
   104.780    32.315    18.598    54.000     0.125      17      22     0.0    22.0
   104.766    32.302    18.598    54.000     0.079      17      11     2.0    22.0
   104.751    32.289    18.598    54.000     0.068      19      25     4.0    22.0
   104.736    32.276    18.598    54.000     0.044      18      22     6.0    22.0
   104.721    32.263    18.598    54.000     0.016      98      23     8.0    22.0
   104.706    32.250    18.598    54.000     0.012      97      25    10.0    22.0
   104.692    32.237    18.598    54.000     0.007      67       8    12.0    22.0
   104.677    32.224    18.598    54.000     0.005       8      18    14.0    22.0
   104.662    32.211    18.598    54.000     0.012       7      37    16.0    22.0
   104.647    32.198    18.598    54.000     0.014       6      37    18.0    22.0
   104.632    32.185    18.598    54.000     0.009      45      30    20.0    22.0
   104.618    32.172    18.598    54.000     0.020      32       1    22.0    22.0
   104.603    32.159    18.598    54.000     0.034      79      14    24.0    22.0
   104.588    32.146    18.598    54.000     0.054      77      12    26.0    22.0
   104.573    32.133    18.598    54.000     0.050      78      18    28.0    22.0
   104.559    32.120    18.598    54.000     0.027      81      23    30.0    22.0
   104.544    32.108    18.598    54.000     0.016      80      27    32.0    22.0
   104.529    32.095    18.598    54.000     0.011      79      25    34.0    22.0
   104.514    32.082    18.598    54.000     0.031      67      37    36.0    22.0
   104.500    32.069    18.598    54.000     0.054      67      37    38.0    22.0
   104.485    32.056    18.598    54.000     0.044      20       2    40.0    22.0
   104.470    32.043    18.598    54.000     0.055      20       2    42.0    22.0
   104.456    32.030    18.598    54.000     0.062      47       2    44.0    22.0
   104.441    32.017    18.598    54.000     0.049      49       2    46.0    22.0
   104.426    32.004    18.598    54.000     0.039      50       2    48.0    22.0
   104.411    31.991    18.598    54.000     0.042      51       2    50.0    22.0
   104.397    31.978    18.598    54.000     0.014      12       2    52.0    22.0
   104.382    31.965    18.598    54.000     0.013      49      17    54.0    22.0
   104.367    31.952    18.598    54.000     0.023      26      10    56.0    22.0
   104.353    31.939    18.598    54.000     0.043      19       2    58.0    22.0
   104.338    31.926    18.598    54.000     0.074      27      13    60.0    22.0
   104.323    31.913    18.598    54.000     0.087      25       8    62.0    22.0
   104.309    31.900    18.598    54.000     0.086      27       9    64.0    22.0
   104.789    32.307    16.980    54.000     0.035      71       5     0.0    20.0
   104.774    32.294    16.980    54.000     0.028      20      15     2.0    20.0
   104.760    32.281    16.980    54.000     0.015      77      34     4.0    20.0
   104.745    32.268    16.980    54.000     0.011      61       1     6.0    20.0
   104.730    32.256    16.980    54.000     0.013      82       1     8.0    20.0
   104.715    32.243    16.980    54.000     0.009      30      18    10.0    20.0
   104.701    32.230    16.980    54.000     0.006      24       1    12.0    20.0
   104.686    32.217    16.980    54.000     0.009      34      37    14.0    20.0
   104.671    32.204    16.980    54.000     0.017      21       2    16.0    20.0
   104.656    32.191    16.980    54.000     0.037      95      37    18.0    20.0
   104.641    32.178    16.980    54.000     0.069      95      37    20.0    20.0
   104.627    32.165    16.980    54.000     0.049      95      37    22.0    20.0
   104.612    32.152    16.980    54.000     0.023      40      14    24.0    20.0
   104.597    32.139    16.980    54.000     0.045      78       8    26.0    20.0
   104.582    32.126    16.980    54.000     0.016      78       7    28.0    20.0
   104.568    32.113    16.980    54.000     0.008      20      36    30.0    20.0
   104.553    32.100    16.980    54.000     0.014      78      33    32.0    20.0
   104.538    32.087    16.980    54.000     0.023      95       2    34.0    20.0
   104.523    32.074    16.980    54.000     0.089      73      35    36.0    20.0
   104.509    32.061    16.980    54.000     0.106      73      35    38.0    20.0
   104.494    32.048    16.980    54.000     0.090      73      34    40.0    20.0
   104.479    32.035    16.980    54.000     0.067      54       6    42.0    20.0
   104.465    32.022    16.980    54.000     0.043      53       6    44.0    20.0
   104.450    32.009    16.980    54.000     0.029      21       1    46.0    20.0
   104.435    31.996    16.980    54.000     0.033      22       2    48.0    20.0
   104.420    31.983    16.980    54.000     0.017      23       2    50.0    20.0
   104.406    31.970    16.980    54.000     0.020      61      20    52.0    20.0
   104.391    31.958    16.980    54.000     0.029      61      22    54.0    20.0
   104.376    31.945    16.980    54.000     0.015      39      37    56.0    20.0
   104.362    31.932    16.980    54.000     0.016      25       2    58.0    20.0
   104.347    31.919    16.980    54.000     0.016      30       4    60.0    20.0
   104.332    31.906    16.980    54.000     0.022      27       9    62.0    20.0
   104.318    31.893    16.980    54.000     0.028      27      21    64.0    20.0
   104.798    32.300    15.362    54.000     0.017      70       3     0.0    18.0
   104.783    32.287    15.362    54.000     0.023      84      32     2.0    18.0
   104.769    32.274    15.362    54.000     0.020      83      32     4.0    18.0
   104.754    32.261    15.362    54.000     0.017      40      37     6.0    18.0
   104.739    32.248    15.362    54.000     0.025      42      37     8.0    18.0
   104.724    32.235    15.362    54.000     0.014      42      37    10.0    18.0
   104.709    32.222    15.362    54.000     0.009      21      25    12.0    18.0
   104.695    32.209    15.362    54.000     0.024      17      16    14.0    18.0
   104.680    32.196    15.362    54.000     0.010      78       1    16.0    18.0
   104.665    32.183    15.362    54.000     0.020      93      36    18.0    18.0
   104.650    32.170    15.362    54.000     0.016      92      36    20.0    18.0
   104.636    32.158    15.362    54.000     0.018      95      32    22.0    18.0
   104.621    32.145    15.362    54.000     0.026       8      25    24.0    18.0
   104.606    32.132    15.362    54.000     0.044      93      16    26.0    18.0
   104.591    32.119    15.362    54.000     0.044      92      17    28.0    18.0
   104.577    32.106    15.362    54.000     0.055      93       5    30.0    18.0
   104.562    32.093    15.362    54.000     0.051      92       4    32.0    18.0
   104.547    32.080    15.362    54.000     0.033      78      37    34.0    18.0
   104.532    32.067    15.362    54.000     0.046      78      37    36.0    18.0
   104.518    32.054    15.362    54.000     0.025      93       2    38.0    18.0
   104.503    32.041    15.362    54.000     0.024      92       2    40.0    18.0
   104.488    32.028    15.362    54.000     0.059      93       2    42.0    18.0
   104.473    32.015    15.362    54.000     0.073      62       1    44.0    18.0
   104.459    32.002    15.362    54.000     0.096      63       2    46.0    18.0
   104.444    31.989    15.362    54.000     0.107      74      37    48.0    18.0
   104.429    31.976    15.362    54.000     0.057      75      37    50.0    18.0
   104.415    31.963    15.362    54.000     0.032      74      37    52.0    18.0
   104.400    31.950    15.362    54.000     0.008      77      37    54.0    18.0
   104.385    31.937    15.362    54.000     0.012      32       2    56.0    18.0
   104.371    31.924    15.362    54.000     0.023      33       2    58.0    18.0
   104.356    31.911    15.362    54.000     0.027      95       2    60.0    18.0
   104.341    31.898    15.362    54.000     0.046      98       2    62.0    18.0
   104.327    31.885    15.362    54.000     0.078       1      11    64.0    18.0
   104.807    32.292    13.744    54.000     0.056      57       6     0.0    16.0
   104.792    32.280    13.744    54.000     0.041      59       5     2.0    16.0
   104.778    32.267    13.744    54.000     0.013      53       5     4.0    16.0
   104.763    32.254    13.744    54.000     0.011      52       7     6.0    16.0
   104.748    32.241    13.744    54.000     0.009      24      15     8.0    16.0
   104.733    32.228    13.744    54.000     0.023      20       9    10.0    16.0
   104.718    32.215    13.744    54.000     0.036      20       9    12.0    16.0
   104.704    32.202    13.744    54.000     0.022      18      18    14.0    16.0
   104.689    32.189    13.744    54.000     0.012      15      14    16.0    16.0
   104.674    32.176    13.744    54.000     0.020       2       2    18.0    16.0
   104.659    32.163    13.744    54.000     0.030      99       1    20.0    16.0
   104.645    32.150    13.744    54.000     0.026      99       1    22.0    16.0
   104.630    32.137    13.744    54.000     0.035      94      16    24.0    16.0
   104.615    32.124    13.744    54.000     0.065      92      17    26.0    16.0
   104.600    32.111    13.744    54.000     0.081      92      11    28.0    16.0
   104.586    32.098    13.744    54.000     0.096      94      11    30.0    16.0
   104.571    32.085    13.744    54.000     0.063      94       9    32.0    16.0
   104.556    32.072    13.744    54.000     0.052      91      29    34.0    16.0
   104.541    32.059    13.744    54.000     0.077      91      26    36.0    16.0
   104.527    32.047    13.744    54.000     0.088      91      29    38.0    16.0
   104.512    32.034    13.744    54.000     0.054      93      32    40.0    16.0
   104.497    32.021    13.744    54.000     0.028      33       2    42.0    16.0
   104.482    32.008    13.744    54.000     0.019      36       2    44.0    16.0
   104.468    31.995    13.744    54.000     0.029      40       2    46.0    16.0
   104.453    31.982    13.744    54.000     0.041      40       2    48.0    16.0
   104.438    31.969    13.744    54.000     0.041      39       2    50.0    16.0
   104.424    31.956    13.744    54.000     0.031      96       2    52.0    16.0
   104.409    31.943    13.744    54.000     0.063      96       2    54.0    16.0
   104.394    31.930    13.744    54.000     0.060      97       2    56.0    16.0
   104.380    31.917    13.744    54.000     0.065      97       3    58.0    16.0
   104.365    31.904    13.744    54.000     0.091      98       2    60.0    16.0
   104.350    31.891    13.744    54.000     0.032       6       4    62.0    16.0
   104.336    31.878    13.744    54.000     0.053      37       4    64.0    16.0
   104.816    32.285    12.126    54.000     0.042      90       6     0.0    14.0
   104.801    32.272    12.126    54.000     0.038      25      14     2.0    14.0
   104.786    32.259    12.126    54.000     0.028      14       1     4.0    14.0
   104.772    32.246    12.126    54.000     0.036      16       1     6.0    14.0
   104.757    32.233    12.126    54.000     0.029      30      37     8.0    14.0
   104.742    32.220    12.126    54.000     0.008      76       7    10.0    14.0
   104.727    32.207    12.126    54.000     0.012      88      37    12.0    14.0
   104.713    32.195    12.126    54.000     0.010      73       8    14.0    14.0
   104.698    32.182    12.126    54.000     0.015      97       1    16.0    14.0
   104.683    32.169    12.126    54.000     0.045       5       2    18.0    14.0
   104.668    32.156    12.126    54.000     0.070       5       2    20.0    14.0
   104.653    32.143    12.126    54.000     0.038       6       2    22.0    14.0
   104.639    32.130    12.126    54.000     0.041      91       3    24.0    14.0
   104.624    32.117    12.126    54.000     0.040      13       7    26.0    14.0
   104.609    32.104    12.126    54.000     0.038      92      21    28.0    14.0
   104.594    32.091    12.126    54.000     0.027      92      27    30.0    14.0
   104.580    32.078    12.126    54.000     0.028      92      28    32.0    14.0
   104.565    32.065    12.126    54.000     0.026       9       9    34.0    14.0
   104.550    32.052    12.126    54.000     0.042       8       9    36.0    14.0
   104.536    32.039    12.126    54.000     0.050       9      10    38.0    14.0
   104.521    32.026    12.126    54.000     0.021       9      12    40.0    14.0
   104.506    32.013    12.126    54.000     0.028      63      28    42.0    14.0
   104.491    32.000    12.126    54.000     0.061      63      34    44.0    14.0
   104.477    31.987    12.126    54.000     0.053      65      36    46.0    14.0
   104.462    31.974    12.126    54.000     0.045      62      37    48.0    14.0
   104.447    31.961    12.126    54.000     0.033      52       1    50.0    14.0
   104.433    31.948    12.126    54.000     0.013      46       4    52.0    14.0
   104.418    31.935    12.126    54.000     0.012      71      21    54.0    14.0
   104.403    31.922    12.126    54.000     0.017      74      27    56.0    14.0
   104.388    31.909    12.126    54.000     0.021      12       7    58.0    14.0
   104.374    31.896    12.126    54.000     0.019      40       2    60.0    14.0
   104.359    31.884    12.126    54.000     0.027      40       8    62.0    14.0
   104.344    31.871    12.126    54.000     0.026       5       2    64.0    14.0
   104.825    32.278    10.508    54.000     0.012      17       2     0.0    12.0
   104.810    32.265    10.508    54.000     0.036      96       1     2.0    12.0
   104.795    32.252    10.508    54.000     0.026      19       2     4.0    12.0
   104.781    32.239    10.508    54.000     0.020      17       1     6.0    12.0
   104.766    32.226    10.508    54.000     0.060      42       2     8.0    12.0
   104.751    32.213    10.508    54.000     0.086      41       2    10.0    12.0
   104.736    32.200    10.508    54.000     0.063      41       2    12.0    12.0
   104.722    32.187    10.508    54.000     0.042       4      21    14.0    12.0
   104.707    32.174    10.508    54.000     0.035       3      20    16.0    12.0
   104.692    32.161    10.508    54.000     0.025      58      34    18.0    12.0
   104.677    32.148    10.508    54.000     0.028      92       1    20.0    12.0
   104.662    32.135    10.508    54.000     0.029      91       1    22.0    12.0
   104.648    32.122    10.508    54.000     0.036      90       4    24.0    12.0
   104.633    32.109    10.508    54.000     0.021      25      37    26.0    12.0
   104.618    32.097    10.508    54.000     0.029      20      32    28.0    12.0
   104.603    32.084    10.508    54.000     0.041      20      31    30.0    12.0
   104.589    32.071    10.508    54.000     0.015      17      35    32.0    12.0
   104.574    32.058    10.508    54.000     0.005      17      34    34.0    12.0
   104.559    32.045    10.508    54.000     0.007      14      35    36.0    12.0
   104.544    32.032    10.508    54.000     0.021      21       1    38.0    12.0
   104.530    32.019    10.508    54.000     0.022      11      35    40.0    12.0
   104.515    32.006    10.508    54.000     0.026      10      34    42.0    12.0
   104.500    31.993    10.508    54.000     0.041       9      33    44.0    12.0
   104.486    31.980    10.508    54.000     0.070      43      35    46.0    12.0
   104.471    31.967    10.508    54.000     0.157      41      35    48.0    12.0
   104.456    31.954    10.508    54.000     0.057      43      36    50.0    12.0
   104.441    31.941    10.508    54.000     0.020      45      33    52.0    12.0
   104.427    31.928    10.508    54.000     0.046      40       8    54.0    12.0
   104.412    31.915    10.508    54.000     0.065      41       5    56.0    12.0
   104.397    31.902    10.508    54.000     0.067      43       9    58.0    12.0
   104.383    31.889    10.508    54.000     0.036      43       8    60.0    12.0
   104.368    31.876    10.508    54.000     0.038      17      35    62.0    12.0
   104.353    31.863    10.508    54.000     0.049      18      33    64.0    12.0
   104.834    32.270     8.890    54.000     0.015      73      24     0.0    10.0
   104.819    32.257     8.890    54.000     0.020      74      16     2.0    10.0
   104.804    32.244     8.890    54.000     0.022      78      17     4.0    10.0
   104.790    32.231     8.890    54.000     0.031       5       1     6.0    10.0
   104.775    32.219     8.890    54.000     0.058       7       1     8.0    10.0
   104.760    32.206     8.890    54.000     0.033      54      37    10.0    10.0
   104.745    32.193     8.890    54.000     0.048      40       1    12.0    10.0
   104.730    32.180     8.890    54.000     0.082      91      17    14.0    10.0
   104.716    32.167     8.890    54.000     0.055      90      10    16.0    10.0
   104.701    32.154     8.890    54.000     0.039      88       5    18.0    10.0
   104.686    32.141     8.890    54.000     0.037      29      31    20.0    10.0
   104.671    32.128     8.890    54.000     0.035     100      34    22.0    10.0
   104.657    32.115     8.890    54.000     0.052      28      29    24.0    10.0
   104.642    32.102     8.890    54.000     0.090      28      29    26.0    10.0
   104.627    32.089     8.890    54.000     0.065      27      28    28.0    10.0
   104.612    32.076     8.890    54.000     0.043      24      20    30.0    10.0
   104.598    32.063     8.890    54.000     0.031      23      27    32.0    10.0
   104.583    32.050     8.890    54.000     0.057      99       1    34.0    10.0
   104.568    32.037     8.890    54.000     0.086      99       1    36.0    10.0
   104.553    32.024     8.890    54.000     0.075      97       1    38.0    10.0
   104.539    32.011     8.890    54.000     0.107      96       1    40.0    10.0
   104.524    31.998     8.890    54.000     0.085      85      36    42.0    10.0
   104.509    31.986     8.890    54.000     0.055      49      22    44.0    10.0
   104.495    31.973     8.890    54.000     0.062      80      36    46.0    10.0
   104.480    31.960     8.890    54.000     0.024       9      30    48.0    10.0
   104.465    31.947     8.890    54.000     0.050       6      28    50.0    10.0
   104.450    31.934     8.890    54.000     0.071      39       4    52.0    10.0
   104.436    31.921     8.890    54.000     0.053       6      14    54.0    10.0
   104.421    31.908     8.890    54.000     0.037       8      12    56.0    10.0
   104.406    31.895     8.890    54.000     0.022       8       7    58.0    10.0
   104.392    31.882     8.890    54.000     0.021      33       1    60.0    10.0
   104.377    31.869     8.890    54.000     0.031      79       2    62.0    10.0
   104.362    31.856     8.890    54.000     0.020      43      36    64.0    10.0
   104.843    32.263     7.272    54.000     0.017      39       3     0.0     8.0
   104.828    32.250     7.272    54.000     0.031       4       1     2.0     8.0
   104.813    32.237     7.272    54.000     0.050      18      37     4.0     8.0
   104.799    32.224     7.272    54.000     0.071      17      37     6.0     8.0
   104.784    32.211     7.272    54.000     0.050      18      37     8.0     8.0
   104.769    32.198     7.272    54.000     0.029       4       1    10.0     8.0
   104.754    32.185     7.272    54.000     0.023      87       2    12.0     8.0
   104.739    32.172     7.272    54.000     0.018      21      37    14.0     8.0
   104.725    32.159     7.272    54.000     0.018      55      17    16.0     8.0
   104.710    32.147     7.272    54.000     0.017      69      37    18.0     8.0
   104.695    32.134     7.272    54.000     0.024      55       5    20.0     8.0
   104.680    32.121     7.272    54.000     0.026      51       3    22.0     8.0
   104.666    32.108     7.272    54.000     0.044      51       3    24.0     8.0
   104.651    32.095     7.272    54.000     0.032      30      20    26.0     8.0
   104.636    32.082     7.272    54.000     0.036      32      32    28.0     8.0
   104.621    32.069     7.272    54.000     0.019      32      33    30.0     8.0
   104.607    32.056     7.272    54.000     0.022      73      10    32.0     8.0
   104.592    32.043     7.272    54.000     0.036      71       9    34.0     8.0
   104.577    32.030     7.272    54.000     0.025      82      37    36.0     8.0
   104.562    32.017     7.272    54.000     0.035      81      37    38.0     8.0
   104.548    32.004     7.272    54.000     0.043      83      36    40.0     8.0
   104.533    31.991     7.272    54.000     0.020      55      36    42.0     8.0
   104.518    31.978     7.272    54.000     0.035      54      34    44.0     8.0
   104.503    31.965     7.272    54.000     0.032      56      35    46.0     8.0
   104.489    31.952     7.272    54.000     0.035      54      35    48.0     8.0
   104.474    31.939     7.272    54.000     0.036      54      36    50.0     8.0
   104.459    31.926     7.272    54.000     0.018       8      18    52.0     8.0
   104.445    31.913     7.272    54.000     0.023      91      36    54.0     8.0
   104.430    31.900     7.272    54.000     0.024       5      19    56.0     8.0
   104.415    31.887     7.272    54.000     0.031      53      15    58.0     8.0
   104.401    31.874     7.272    54.000     0.047      55      19    60.0     8.0
   104.386    31.861     7.272    54.000     0.038      55      22    62.0     8.0
   104.371    31.848     7.272    54.000     0.027      24       4    64.0     8.0
   104.852    32.255     5.654    54.000     0.011      66      32     0.0     6.0
   104.837    32.243     5.654    54.000     0.011      65      31     2.0     6.0
   104.822    32.230     5.654    54.000     0.012      14      37     4.0     6.0
   104.807    32.217     5.654    54.000     0.015      16      36     6.0     6.0
   104.793    32.204     5.654    54.000     0.028      88       2     8.0     6.0
   104.778    32.191     5.654    54.000     0.054      89       2    10.0     6.0
   104.763    32.178     5.654    54.000     0.024      90       3    12.0     6.0
   104.748    32.165     5.654    54.000     0.042      46      36    14.0     6.0
   104.734    32.152     5.654    54.000     0.031      46      36    16.0     6.0
   104.719    32.139     5.654    54.000     0.020      49      22    18.0     6.0
   104.704    32.126     5.654    54.000     0.019      51      20    20.0     6.0
   104.689    32.113     5.654    54.000     0.019      89      37    22.0     6.0
   104.674    32.100     5.654    54.000     0.015      92      36    24.0     6.0
   104.660    32.087     5.654    54.000     0.010      92      36    26.0     6.0
   104.645    32.074     5.654    54.000     0.013      74      21    28.0     6.0
   104.630    32.061     5.654    54.000     0.016      29      36    30.0     6.0
   104.616    32.049     5.654    54.000     0.017      29      36    32.0     6.0
   104.601    32.036     5.654    54.000     0.013      28      36    34.0     6.0
   104.586    32.023     5.654    54.000     0.013      12       2    36.0     6.0
   104.571    32.010     5.654    54.000     0.030       6       1    38.0     6.0
   104.557    31.997     5.654    54.000     0.033       7       1    40.0     6.0
   104.542    31.984     5.654    54.000     0.043      24      35    42.0     6.0
   104.527    31.971     5.654    54.000     0.105      24      35    44.0     6.0
   104.512    31.958     5.654    54.000     0.199      25      36    46.0     6.0
   104.498    31.945     5.654    54.000     0.111      25      35    48.0     6.0
   104.483    31.932     5.654    54.000     0.037      51      19    50.0     6.0
   104.468    31.919     5.654    54.000     0.040      55      22    52.0     6.0
   104.454    31.906     5.654    54.000     0.093      54      10    54.0     6.0
   104.439    31.893     5.654    54.000     0.087      24       4    56.0     6.0
   104.424    31.880     5.654    54.000     0.094      25       7    58.0     6.0
   104.410    31.867     5.654    54.000     0.097      26       6    60.0     6.0
   104.395    31.854     5.654    54.000     0.049       4      37    62.0     6.0
   104.380    31.841     5.654    54.000     0.082       4      37    64.0     6.0
   104.861    32.248     4.036    54.000     0.019      93       3     0.0     4.0
   104.846    32.235     4.036    54.000     0.018       4      36     2.0     4.0
   104.831    32.222     4.036    54.000     0.024       4      37     4.0     4.0
   104.816    32.209     4.036    54.000     0.029       4      37     6.0     4.0
   104.802    32.196     4.036    54.000     0.037       6      37     8.0     4.0
   104.787    32.183     4.036    54.000     0.046       6      37    10.0     4.0
   104.772    32.171     4.036    54.000     0.065       6      37    12.0     4.0
   104.757    32.158     4.036    54.000     0.055       5      37    14.0     4.0
   104.742    32.145     4.036    54.000     0.022       3      37    16.0     4.0
   104.728    32.132     4.036    54.000     0.010      81      23    18.0     4.0
   104.713    32.119     4.036    54.000     0.017      21      28    20.0     4.0
   104.698    32.106     4.036    54.000     0.026      18      28    22.0     4.0
   104.683    32.093     4.036    54.000     0.028      18      28    24.0     4.0
   104.669    32.080     4.036    54.000     0.013      41       6    26.0     4.0
   104.654    32.067     4.036    54.000     0.017      21      23    28.0     4.0
   104.639    32.054     4.036    54.000     0.006      40      16    30.0     4.0
   104.624    32.041     4.036    54.000     0.008      98      23    32.0     4.0
   104.610    32.028     4.036    54.000     0.010      42      34    34.0     4.0
   104.595    32.015     4.036    54.000     0.013      71      35    36.0     4.0
   104.580    32.002     4.036    54.000     0.020      69      32    38.0     4.0
   104.566    31.989     4.036    54.000     0.013      21       2    40.0     4.0
   104.551    31.976     4.036    54.000     0.026      39      37    42.0     4.0
   104.536    31.963     4.036    54.000     0.025      39      37    44.0     4.0
   104.521    31.950     4.036    54.000     0.026      38      37    46.0     4.0
   104.507    31.937     4.036    54.000     0.019      26       5    48.0     4.0
   104.492    31.925     4.036    54.000     0.040      25       8    50.0     4.0
   104.477    31.912     4.036    54.000     0.037      23      14    52.0     4.0
   104.463    31.899     4.036    54.000     0.039      26      18    54.0     4.0
   104.448    31.886     4.036    54.000     0.046      27      15    56.0     4.0
   104.433    31.873     4.036    54.000     0.033      65       8    58.0     4.0
   104.418    31.860     4.036    54.000     0.029      64       7    60.0     4.0
   104.404    31.847     4.036    54.000     0.017      65      15    62.0     4.0
   104.389    31.834     4.036    54.000     0.011       2       5    64.0     4.0
   104.870    32.241     2.418    54.000     0.008      15      37     0.0     2.0
   104.855    32.228     2.418    54.000     0.008      17      37     2.0     2.0
   104.840    32.215     2.418    54.000     0.005      97      37     4.0     2.0
   104.825    32.202     2.418    54.000     0.025     100      36     6.0     2.0
   104.811    32.189     2.418    54.000     0.021      99      36     8.0     2.0
   104.796    32.176     2.418    54.000     0.030     100      36    10.0     2.0
   104.781    32.163     2.418    54.000     0.039       7       3    12.0     2.0
   104.766    32.150     2.418    54.000     0.035      73      30    14.0     2.0
   104.751    32.137     2.418    54.000     0.043      72      31    16.0     2.0
   104.737    32.124     2.418    54.000     0.021      67      31    18.0     2.0
   104.722    32.111     2.418    54.000     0.022      69      31    20.0     2.0
   104.707    32.098     2.418    54.000     0.023       8      32    22.0     2.0
   104.692    32.086     2.418    54.000     0.018       9      31    24.0     2.0
   104.678    32.073     2.418    54.000     0.013       9      31    26.0     2.0
   104.663    32.060     2.418    54.000     0.008      58       4    28.0     2.0
   104.648    32.047     2.418    54.000     0.015      56       9    30.0     2.0
   104.633    32.034     2.418    54.000     0.021      55      27    32.0     2.0
   104.619    32.021     2.418    54.000     0.011      92      29    34.0     2.0
   104.604    32.008     2.418    54.000     0.011      93      37    36.0     2.0
   104.589    31.995     2.418    54.000     0.026      73       4    38.0     2.0
   104.574    31.982     2.418    54.000     0.024      72       5    40.0     2.0
   104.560    31.969     2.418    54.000     0.017      73       6    42.0     2.0
   104.545    31.956     2.418    54.000     0.023      68       7    44.0     2.0
   104.530    31.943     2.418    54.000     0.026      36       9    46.0     2.0
   104.516    31.930     2.418    54.000     0.035      70      18    48.0     2.0
   104.501    31.917     2.418    54.000     0.050      67      16    50.0     2.0
   104.486    31.904     2.418    54.000     0.043      66      18    52.0     2.0
   104.471    31.891     2.418    54.000     0.032      67      19    54.0     2.0
   104.457    31.878     2.418    54.000     0.037      97       2    56.0     2.0
   104.442    31.865     2.418    54.000     0.059      86      37    58.0     2.0
   104.427    31.852     2.418    54.000     0.028      89      37    60.0     2.0
   104.413    31.839     2.418    54.000     0.031      12       5    62.0     2.0
   104.398    31.826     2.418    54.000     0.035      89      37    64.0     2.0
   104.879    32.233     0.800    54.000     0.010      79       3     0.0     0.0
   104.864    32.220     0.800    54.000     0.010      82       5     2.0     0.0
   104.849    32.207     0.800    54.000     0.013      79       7     4.0     0.0
   104.834    32.195     0.800    54.000     0.018      90      37     6.0     0.0
   104.819    32.182     0.800    54.000     0.021      90      37     8.0     0.0
   104.805    32.169     0.800    54.000     0.032      90      37    10.0     0.0
   104.790    32.156     0.800    54.000     0.042      78       1    12.0     0.0
   104.775    32.143     0.800    54.000     0.039      76       1    14.0     0.0
   104.760    32.130     0.800    54.000     0.025      76       1    16.0     0.0
   104.746    32.117     0.800    54.000     0.011       7      37    18.0     0.0
   104.731    32.104     0.800    54.000     0.024       7      36    20.0     0.0
   104.716    32.091     0.800    54.000     0.042      13       6    22.0     0.0
   104.701    32.078     0.800    54.000     0.015      13       8    24.0     0.0
   104.687    32.065     0.800    54.000     0.015      17       4    26.0     0.0
   104.672    32.052     0.800    54.000     0.012      96       8    28.0     0.0
   104.657    32.039     0.800    54.000     0.010      93       9    30.0     0.0
   104.642    32.026     0.800    54.000     0.010      93      10    32.0     0.0
   104.628    32.013     0.800    54.000     0.006      58      37    34.0     0.0
   104.613    32.000     0.800    54.000     0.006      58      37    36.0     0.0
   104.598    31.988     0.800    54.000     0.016      23      37    38.0     0.0
   104.583    31.975     0.800    54.000     0.013      24      37    40.0     0.0
   104.569    31.962     0.800    54.000     0.009      67      35    42.0     0.0
   104.554    31.949     0.800    54.000     0.014      74       3    44.0     0.0
   104.539    31.936     0.800    54.000     0.032       8      33    46.0     0.0
   104.525    31.923     0.800    54.000     0.024      98       5    48.0     0.0
   104.510    31.910     0.800    54.000     0.035      71      23    50.0     0.0
   104.495    31.897     0.800    54.000     0.033       9      35    52.0     0.0
   104.480    31.884     0.800    54.000     0.078      75      36    54.0     0.0
   104.466    31.871     0.800    54.000     0.124      74      36    56.0     0.0
   104.451    31.858     0.800    54.000     0.140      74      36    58.0     0.0
   104.436    31.845     0.800    54.000     0.062      73      36    60.0     0.0
   104.422    31.832     0.800    54.000     0.047      20      37    62.0     0.0
   104.407    31.819     0.800    54.000     0.056      19      37    64.0     0.0
