   103.535    31.374    23.947    34.000     0.031      45      13     0.0    40.0
   103.521    31.360    23.947    34.000     0.045      15      16     2.0    40.0
   103.507    31.347    23.947    34.000     0.028      14      14     4.0    40.0
   103.492    31.334    23.947    34.000     0.040      48      33     6.0    40.0
   103.478    31.321    23.947    34.000     0.034      49      33     8.0    40.0
   103.464    31.308    23.947    34.000     0.059      92      23    10.0    40.0
   103.449    31.295    23.947    34.000     0.064      93      24    12.0    40.0
   103.435    31.281    23.947    34.000     0.062      91      22    14.0    40.0
   103.421    31.268    23.947    34.000     0.026      94      26    16.0    40.0
   103.406    31.255    23.947    34.000     0.013      90      16    18.0    40.0
   103.392    31.242    23.947    34.000     0.008      20       3    20.0    40.0
   103.378    31.229    23.947    34.000     0.029      48       1    22.0    40.0
   103.363    31.216    23.947    34.000     0.075      48       1    24.0    40.0
   103.349    31.202    23.947    34.000     0.045      49       2    26.0    40.0
   103.335    31.189    23.947    34.000     0.043      50       4    28.0    40.0
   103.320    31.176    23.947    34.000     0.029      50       4    30.0    40.0
   103.306    31.163    23.947    34.000     0.030      50      22    32.0    40.0
   103.292    31.150    23.947    34.000     0.030      49      12    34.0    40.0
   103.277    31.136    23.947    34.000     0.029      48      14    36.0    40.0
   103.263    31.123    23.947    34.000     0.020      49      15    38.0    40.0
   103.249    31.110    23.947    34.000     0.008      19      36    40.0    40.0
   103.235    31.097    23.947    34.000     0.027      33       1    42.0    40.0
   103.220    31.084    23.947    34.000     0.059      35       3    44.0    40.0
   103.206    31.070    23.947    34.000     0.095      36       3    46.0    40.0
   103.192    31.057    23.947    34.000     0.143      36       2    48.0    40.0
   103.178    31.044    23.947    34.000     0.132      34       3    50.0    40.0
   103.163    31.031    23.947    34.000     0.043      34       3    52.0    40.0
   103.149    31.018    23.947    34.000     0.033      90      29    54.0    40.0
   103.135    31.004    23.947    34.000     0.010      92      29    56.0    40.0
   103.120    30.991    23.947    34.000     0.012      40       2    58.0    40.0
   103.106    30.978    23.947    34.000     0.011      19      16    60.0    40.0
   103.092    30.965    23.947    34.000     0.019      12      14    62.0    40.0
   103.078    30.951    23.947    34.000     0.014      13      13    64.0    40.0
   103.548    31.363    22.829    34.000     0.043      15       9     0.0    38.0
   103.534    31.350    22.829    34.000     0.021      13      14     2.0    38.0
   103.519    31.337    22.829    34.000     0.031      82      30     4.0    38.0
   103.505    31.324    22.829    34.000     0.035      80      31     6.0    38.0
   103.491    31.311    22.829    34.000     0.024       4       1     8.0    38.0
   103.476    31.298    22.829    34.000     0.037       9       1    10.0    38.0
   103.462    31.284    22.829    34.000     0.071      61       8    12.0    38.0
   103.448    31.271    22.829    34.000     0.158      59       7    14.0    38.0
   103.433    31.258    22.829    34.000     0.117      60       8    16.0    38.0
   103.419    31.245    22.829    34.000     0.041      59       7    18.0    38.0
   103.405    31.232    22.829    34.000     0.016      57       3    20.0    38.0
   103.390    31.218    22.829    34.000     0.026      61      33    22.0    38.0
   103.376    31.205    22.829    34.000     0.049      64      34    24.0    38.0
   103.362    31.192    22.829    34.000     0.079      62      35    26.0    38.0
   103.347    31.179    22.829    34.000     0.060      37      35    28.0    38.0
   103.333    31.166    22.829    34.000     0.040      38      32    30.0    38.0
   103.319    31.153    22.829    34.000     0.017      36      34    32.0    38.0
   103.305    31.139    22.829    34.000     0.007      67      30    34.0    38.0
   103.290    31.126    22.829    34.000     0.010      67      29    36.0    38.0
   103.276    31.113    22.829    34.000     0.016      35       3    38.0    38.0
   103.262    31.100    22.829    34.000     0.039      34       9    40.0    38.0
   103.247    31.087    22.829    34.000     0.084      36       5    42.0    38.0
   103.233    31.073    22.829    34.000     0.092      33       8    44.0    38.0
   103.219    31.060    22.829    34.000     0.070      34       9    46.0    38.0
   103.204    31.047    22.829    34.000     0.028      34       8    48.0    38.0
   103.190    31.034    22.829    34.000     0.034      65       3    50.0    38.0
   103.176    31.021    22.829    34.000     0.017      52      37    52.0    38.0
   103.162    31.007    22.829    34.000     0.014      99      32    54.0    38.0
   103.147    30.994    22.829    34.000     0.011     100      32    56.0    38.0
   103.133    30.981    22.829    34.000     0.015      99      32    58.0    38.0
   103.119    30.968    22.829    34.000     0.024      14      13    60.0    38.0
   103.105    30.954    22.829    34.000     0.023      15      12    62.0    38.0
   103.090    30.941    22.829    34.000     0.030      47      15    64.0    38.0
   103.561    31.353    21.710    34.000     0.025       4      31     0.0    36.0
   103.547    31.340    21.710    34.000     0.011      10      18     2.0    36.0
   103.532    31.327    21.710    34.000     0.028      40      37     4.0    36.0
   103.518    31.314    21.710    34.000     0.041       6      14     6.0    36.0
   103.503    31.301    21.710    34.000     0.026       7       4     8.0    36.0
   103.489    31.287    21.710    34.000     0.033      61      14    10.0    36.0
   103.475    31.274    21.710    34.000     0.067      60      12    12.0    36.0
   103.460    31.261    21.710    34.000     0.057      60       9    14.0    36.0
   103.446    31.248    21.710    34.000     0.029      25      26    16.0    36.0
   103.432    31.235    21.710    34.000     0.010      62       3    18.0    36.0
   103.417    31.221    21.710    34.000     0.009      61       2    20.0    36.0
   103.403    31.208    21.710    34.000     0.008      22       1    22.0    36.0
   103.389    31.195    21.710    34.000     0.019      65      32    24.0    36.0
   103.374    31.182    21.710    34.000     0.024      66      31    26.0    36.0
   103.360    31.169    21.710    34.000     0.021      64      31    28.0    36.0
   103.346    31.156    21.710    34.000     0.022      35      31    30.0    36.0
   103.332    31.142    21.710    34.000     0.010      59      31    32.0    36.0
   103.317    31.129    21.710    34.000     0.017      62      21    34.0    36.0
   103.303    31.116    21.710    34.000     0.023      63      20    36.0    36.0
   103.289    31.103    21.710    34.000     0.030      34      12    38.0    36.0
   103.274    31.090    21.710    34.000     0.058      33      10    40.0    36.0
   103.260    31.076    21.710    34.000     0.063      48      37    42.0    36.0
   103.246    31.063    21.710    34.000     0.063      48      37    44.0    36.0
   103.231    31.050    21.710    34.000     0.025      49      37    46.0    36.0
   103.217    31.037    21.710    34.000     0.019      89       1    48.0    36.0
   103.203    31.024    21.710    34.000     0.017      52      37    50.0    36.0
   103.189    31.010    21.710    34.000     0.009      54      37    52.0    36.0
   103.174    30.997    21.710    34.000     0.022      18      20    54.0    36.0
   103.160    30.984    21.710    34.000     0.014      17      20    56.0    36.0
   103.146    30.971    21.710    34.000     0.029      49      19    58.0    36.0
   103.132    30.958    21.710    34.000     0.022      49      13    60.0    36.0
   103.117    30.944    21.710    34.000     0.009      50      14    62.0    36.0
   103.103    30.931    21.710    34.000     0.009     100       5    64.0    36.0
   103.574    31.343    20.592    34.000     0.024      25       5     0.0    34.0
   103.559    31.330    20.592    34.000     0.052      27       6     2.0    34.0
   103.545    31.317    20.592    34.000     0.073      56       7     4.0    34.0
   103.531    31.303    20.592    34.000     0.124      31       4     6.0    34.0
   103.516    31.290    20.592    34.000     0.097      30       5     8.0    34.0
   103.502    31.277    20.592    34.000     0.052      46      37    10.0    34.0
   103.487    31.264    20.592    34.000     0.026      44      37    12.0    34.0
   103.473    31.251    20.592    34.000     0.017      25       2    14.0    34.0
   103.459    31.238    20.592    34.000     0.024      68      10    16.0    34.0
   103.444    31.224    20.592    34.000     0.023      71      11    18.0    34.0
   103.430    31.211    20.592    34.000     0.029      27      24    20.0    34.0
   103.416    31.198    20.592    34.000     0.012      26      21    22.0    34.0
   103.401    31.185    20.592    34.000     0.007      28      27    24.0    34.0
   103.387    31.172    20.592    34.000     0.016      61      34    26.0    34.0
   103.373    31.159    20.592    34.000     0.031      63      31    28.0    34.0
   103.359    31.145    20.592    34.000     0.051      64      27    30.0    34.0
   103.344    31.132    20.592    34.000     0.049      63      28    32.0    34.0
   103.330    31.119    20.592    34.000     0.014      62      28    34.0    34.0
   103.316    31.106    20.592    34.000     0.011      99      23    36.0    34.0
   103.301    31.093    20.592    34.000     0.026      99      24    38.0    34.0
   103.287    31.079    20.592    34.000     0.020       5      17    40.0    34.0
   103.273    31.066    20.592    34.000     0.007      97      24    42.0    34.0
   103.258    31.053    20.592    34.000     0.007      48      36    44.0    34.0
   103.244    31.040    20.592    34.000     0.028      11      37    46.0    34.0
   103.230    31.027    20.592    34.000     0.031      11      37    48.0    34.0
   103.216    31.013    20.592    34.000     0.033      47      27    50.0    34.0
   103.201    31.000    20.592    34.000     0.080      49      16    52.0    34.0
   103.187    30.987    20.592    34.000     0.068      48      18    54.0    34.0
   103.173    30.974    20.592    34.000     0.041      21      20    56.0    34.0
   103.159    30.961    20.592    34.000     0.024      50       6    58.0    34.0
   103.144    30.947    20.592    34.000     0.011      50       8    60.0    34.0
   103.130    30.934    20.592    34.000     0.009      51      30    62.0    34.0
   103.116    30.921    20.592    34.000     0.014      67       1    64.0    34.0
   103.586    31.333    19.474    34.000     0.041      93       3     0.0    32.0
   103.572    31.320    19.474    34.000     0.041       2      16     2.0    32.0
   103.558    31.306    19.474    34.000     0.050      62       8     4.0    32.0
   103.543    31.293    19.474    34.000     0.107      62       7     6.0    32.0
   103.529    31.280    19.474    34.000     0.105      62       5     8.0    32.0
   103.515    31.267    19.474    34.000     0.031      70      31    10.0    32.0
   103.500    31.254    19.474    34.000     0.049      28       2    12.0    32.0
   103.486    31.241    19.474    34.000     0.064      26       3    14.0    32.0
   103.472    31.227    19.474    34.000     0.039      26       2    16.0    32.0
   103.457    31.214    19.474    34.000     0.028      25      15    18.0    32.0
   103.443    31.201    19.474    34.000     0.030      26      17    20.0    32.0
   103.429    31.188    19.474    34.000     0.028      27      29    22.0    32.0
   103.414    31.175    19.474    34.000     0.034      25      28    24.0    32.0
   103.400    31.162    19.474    34.000     0.025      27      34    26.0    32.0
   103.386    31.148    19.474    34.000     0.017       3      37    28.0    32.0
   103.371    31.135    19.474    34.000     0.032      64      33    30.0    32.0
   103.357    31.122    19.474    34.000     0.032      99       1    32.0    32.0
   103.343    31.109    19.474    34.000     0.019      50       3    34.0    32.0
   103.328    31.096    19.474    34.000     0.013      49       3    36.0    32.0
   103.314    31.082    19.474    34.000     0.012      47       2    38.0    32.0
   103.300    31.069    19.474    34.000     0.006      99      28    40.0    32.0
   103.285    31.056    19.474    34.000     0.009      24       3    42.0    32.0
   103.271    31.043    19.474    34.000     0.021      14      37    44.0    32.0
   103.257    31.030    19.474    34.000     0.030      24       2    46.0    32.0
   103.243    31.016    19.474    34.000     0.027      24       2    48.0    32.0
   103.228    31.003    19.474    34.000     0.031      19      19    50.0    32.0
   103.214    30.990    19.474    34.000     0.047      17      24    52.0    32.0
   103.200    30.977    19.474    34.000     0.047      18      21    54.0    32.0
   103.186    30.964    19.474    34.000     0.030      46      32    56.0    32.0
   103.171    30.950    19.474    34.000     0.016      22      24    58.0    32.0
   103.157    30.937    19.474    34.000     0.018      48      30    60.0    32.0
   103.143    30.924    19.474    34.000     0.032      51      32    62.0    32.0
   103.129    30.911    19.474    34.000     0.034      50      32    64.0    32.0
   103.599    31.323    18.355    34.000     0.161      17      36     0.0    30.0
   103.585    31.309    18.355    34.000     0.083      18      36     2.0    30.0
   103.570    31.296    18.355    34.000     0.049      97       4     4.0    30.0
   103.556    31.283    18.355    34.000     0.029      61       8     6.0    30.0
   103.542    31.270    18.355    34.000     0.016      65       6     8.0    30.0
   103.527    31.257    18.355    34.000     0.020      39      21    10.0    30.0
   103.513    31.244    18.355    34.000     0.022      68      17    12.0    30.0
   103.499    31.230    18.355    34.000     0.020      20      36    14.0    30.0
   103.484    31.217    18.355    34.000     0.018      17      36    16.0    30.0
   103.470    31.204    18.355    34.000     0.014      20      36    18.0    30.0
   103.456    31.191    18.355    34.000     0.014      37       2    20.0    30.0
   103.441    31.178    18.355    34.000     0.059      53      19    22.0    30.0
   103.427    31.164    18.355    34.000     0.049      52      19    24.0    30.0
   103.413    31.151    18.355    34.000     0.029      28      33    26.0    30.0
   103.398    31.138    18.355    34.000     0.017      53      10    28.0    30.0
   103.384    31.125    18.355    34.000     0.016      53       8    30.0    30.0
   103.370    31.112    18.355    34.000     0.025      52       8    32.0    30.0
   103.355    31.099    18.355    34.000     0.027      53       9    34.0    30.0
   103.341    31.085    18.355    34.000     0.015      52      11    36.0    30.0
   103.327    31.072    18.355    34.000     0.008      52       1    38.0    30.0
   103.312    31.059    18.355    34.000     0.003      82      32    40.0    30.0
   103.298    31.046    18.355    34.000     0.006      22       4    42.0    30.0
   103.284    31.033    18.355    34.000     0.014      35      37    44.0    30.0
   103.270    31.019    18.355    34.000     0.013      35      37    46.0    30.0
   103.255    31.006    18.355    34.000     0.008      48       4    48.0    30.0
   103.241    30.993    18.355    34.000     0.014       8      37    50.0    30.0
   103.227    30.980    18.355    34.000     0.012      71      35    52.0    30.0
   103.213    30.967    18.355    34.000     0.022      21       3    54.0    30.0
   103.198    30.953    18.355    34.000     0.012      67      36    56.0    30.0
   103.184    30.940    18.355    34.000     0.015      70      32    58.0    30.0
   103.170    30.927    18.355    34.000     0.017      70      35    60.0    30.0
   103.156    30.914    18.355    34.000     0.012      48      36    62.0    30.0
   103.141    30.901    18.355    34.000     0.013      84       2    64.0    30.0
   103.612    31.312    17.237    34.000     0.127       3       1     0.0    28.0
   103.597    31.299    17.237    34.000     0.054       4       1     2.0    28.0
   103.583    31.286    17.237    34.000     0.041      17      34     4.0    28.0
   103.569    31.273    17.237    34.000     0.026      18      27     6.0    28.0
   103.554    31.260    17.237    34.000     0.014      18      27     8.0    28.0
   103.540    31.246    17.237    34.000     0.016      71       2    10.0    28.0
   103.526    31.233    17.237    34.000     0.021      72       7    12.0    28.0
   103.511    31.220    17.237    34.000     0.018      72       3    14.0    28.0
   103.497    31.207    17.237    34.000     0.013      72       3    16.0    28.0
   103.483    31.194    17.237    34.000     0.019      59      36    18.0    28.0
   103.468    31.181    17.237    34.000     0.027      52       8    20.0    28.0
   103.454    31.167    17.237    34.000     0.031      51      10    22.0    28.0
   103.440    31.154    17.237    34.000     0.017      79       9    24.0    28.0
   103.425    31.141    17.237    34.000     0.025      49      25    26.0    28.0
   103.411    31.128    17.237    34.000     0.015      77      21    28.0    28.0
   103.397    31.115    17.237    34.000     0.013      27      19    30.0    28.0
   103.382    31.102    17.237    34.000     0.012       4      27    32.0    28.0
   103.368    31.088    17.237    34.000     0.013      59      21    34.0    28.0
   103.354    31.075    17.237    34.000     0.030      60      18    36.0    28.0
   103.339    31.062    17.237    34.000     0.027      61      17    38.0    28.0
   103.325    31.049    17.237    34.000     0.026      62      19    40.0    28.0
   103.311    31.036    17.237    34.000     0.009      60      23    42.0    28.0
   103.297    31.022    17.237    34.000     0.003      16       7    44.0    28.0
   103.282    31.009    17.237    34.000     0.007      14       1    46.0    28.0
   103.268    30.996    17.237    34.000     0.007      11      12    48.0    28.0
   103.254    30.983    17.237    34.000     0.010      11      11    50.0    28.0
   103.240    30.970    17.237    34.000     0.014       8      24    52.0    28.0
   103.225    30.956    17.237    34.000     0.025       6      24    54.0    28.0
   103.211    30.943    17.237    34.000     0.007      96      32    56.0    28.0
   103.197    30.930    17.237    34.000     0.012      95      32    58.0    28.0
   103.182    30.917    17.237    34.000     0.017      15      36    60.0    28.0
   103.168    30.904    17.237    34.000     0.019      69      33    62.0    28.0
   103.154    30.890    17.237    34.000     0.015       1       1    64.0    28.0
   103.624    31.302    16.118    34.000     0.042       4       2     0.0    26.0
   103.610    31.289    16.118    34.000     0.059      85       5     2.0    26.0
   103.596    31.276    16.118    34.000     0.046      82      20     4.0    26.0
   103.581    31.263    16.118    34.000     0.060      80      21     6.0    26.0
   103.567    31.249    16.118    34.000     0.076      79      19     8.0    26.0
   103.553    31.236    16.118    34.000     0.101      79      15    10.0    26.0
   103.538    31.223    16.118    34.000     0.060      77      14    12.0    26.0
   103.524    31.210    16.118    34.000     0.030      48       8    14.0    26.0
   103.510    31.197    16.118    34.000     0.022      47       4    16.0    26.0
   103.495    31.184    16.118    34.000     0.013       8      29    18.0    26.0
   103.481    31.170    16.118    34.000     0.011       9      17    20.0    26.0
   103.467    31.157    16.118    34.000     0.026       8      13    22.0    26.0
   103.452    31.144    16.118    34.000     0.035       9      10    24.0    26.0
   103.438    31.131    16.118    34.000     0.018       6      13    26.0    26.0
   103.424    31.118    16.118    34.000     0.011       2       1    28.0    26.0
   103.409    31.105    16.118    34.000     0.014       4      29    30.0    26.0
   103.395    31.091    16.118    34.000     0.020       4      26    32.0    26.0
   103.381    31.078    16.118    34.000     0.015       3       9    34.0    26.0
   103.366    31.065    16.118    34.000     0.023       3       3    36.0    26.0
   103.352    31.052    16.118    34.000     0.020      66      10    38.0    26.0
   103.338    31.039    16.118    34.000     0.018       4       1    40.0    26.0
   103.324    31.025    16.118    34.000     0.012      70      13    42.0    26.0
   103.309    31.012    16.118    34.000     0.010      69       8    44.0    26.0
   103.295    30.999    16.118    34.000     0.029       9       3    46.0    26.0
   103.281    30.986    16.118    34.000     0.028       4      33    48.0    26.0
   103.266    30.973    16.118    34.000     0.022       4      34    50.0    26.0
   103.252    30.959    16.118    34.000     0.027       8      28    52.0    26.0
   103.238    30.946    16.118    34.000     0.032       8      29    54.0    26.0
   103.224    30.933    16.118    34.000     0.018       8      32    56.0    26.0
   103.209    30.920    16.118    34.000     0.013     100      15    58.0    26.0
   103.195    30.907    16.118    34.000     0.024      62       3    60.0    26.0
   103.181    30.893    16.118    34.000     0.029       4       1    62.0    26.0
   103.167    30.880    16.118    34.000     0.038      99      31    64.0    26.0
   103.637    31.292    15.000    34.000     0.008      86       4     0.0    24.0
   103.623    31.279    15.000    34.000     0.015      16      20     2.0    24.0
   103.608    31.266    15.000    34.000     0.022      20      18     4.0    24.0
   103.594    31.252    15.000    34.000     0.029      49      19     6.0    24.0
   103.580    31.239    15.000    34.000     0.078      81      23     8.0    24.0
   103.565    31.226    15.000    34.000     0.096      49      13    10.0    24.0
   103.551    31.213    15.000    34.000     0.070      50      14    12.0    24.0
   103.537    31.200    15.000    34.000     0.033      49      12    14.0    24.0
   103.522    31.187    15.000    34.000     0.009      87      36    16.0    24.0
   103.508    31.173    15.000    34.000     0.015      11      29    18.0    24.0
   103.494    31.160    15.000    34.000     0.020      10      29    20.0    24.0
   103.479    31.147    15.000    34.000     0.023      12      29    22.0    24.0
   103.465    31.134    15.000    34.000     0.019      22      37    24.0    24.0
   103.451    31.121    15.000    34.000     0.028      36       1    26.0    24.0
   103.436    31.107    15.000    34.000     0.056      36       1    28.0    24.0
   103.422    31.094    15.000    34.000     0.072      35       1    30.0    24.0
   103.408    31.081    15.000    34.000     0.031      38       1    32.0    24.0
   103.393    31.068    15.000    34.000     0.040      51      36    34.0    24.0
   103.379    31.055    15.000    34.000     0.044      20      37    36.0    24.0
   103.365    31.042    15.000    34.000     0.029      69      17    38.0    24.0
   103.351    31.028    15.000    34.000     0.032      70      15    40.0    24.0
   103.336    31.015    15.000    34.000     0.050      73      15    42.0    24.0
   103.322    31.002    15.000    34.000     0.042      73      12    44.0    24.0
   103.308    30.989    15.000    34.000     0.024      36      32    46.0    24.0
   103.293    30.976    15.000    34.000     0.020      34      31    48.0    24.0
   103.279    30.962    15.000    34.000     0.027      33      31    50.0    24.0
   103.265    30.949    15.000    34.000     0.035      33      26    52.0    24.0
   103.251    30.936    15.000    34.000     0.028      33      25    54.0    24.0
   103.236    30.923    15.000    34.000     0.022       5      35    56.0    24.0
   103.222    30.910    15.000    34.000     0.013       4      34    58.0    24.0
   103.208    30.896    15.000    34.000     0.014      26      12    60.0    24.0
   103.194    30.883    15.000    34.000     0.031      98      27    62.0    24.0
   103.179    30.870    15.000    34.000     0.018      24      23    64.0    24.0
   103.650    31.282    13.882    34.000     0.045      94      36     0.0    22.0
   103.635    31.268    13.882    34.000     0.023      94      36     2.0    22.0
   103.621    31.255    13.882    34.000     0.028      22      14     4.0    22.0
   103.607    31.242    13.882    34.000     0.022      20      10     6.0    22.0
   103.592    31.229    13.882    34.000     0.020      48      13     8.0    22.0
   103.578    31.216    13.882    34.000     0.015      79      33    10.0    22.0
   103.564    31.203    13.882    34.000     0.013      20      34    12.0    22.0
   103.549    31.189    13.882    34.000     0.009      97       3    14.0    22.0
   103.535    31.176    13.882    34.000     0.011      96       6    16.0    22.0
   103.521    31.163    13.882    34.000     0.029      95       5    18.0    22.0
   103.506    31.150    13.882    34.000     0.073      94       3    20.0    22.0
   103.492    31.137    13.882    34.000     0.061      94       3    22.0    22.0
   103.478    31.124    13.882    34.000     0.038      97       7    24.0    22.0
   103.463    31.110    13.882    34.000     0.020      96       8    26.0    22.0
   103.449    31.097    13.882    34.000     0.058      95      24    28.0    22.0
   103.435    31.084    13.882    34.000     0.069      95      28    30.0    22.0
   103.420    31.071    13.882    34.000     0.067      96      28    32.0    22.0
   103.406    31.058    13.882    34.000     0.065      97      27    34.0    22.0
   103.392    31.045    13.882    34.000     0.043      72       7    36.0    22.0
   103.378    31.031    13.882    34.000     0.051      71       6    38.0    22.0
   103.363    31.018    13.882    34.000     0.026      70       8    40.0    22.0
   103.349    31.005    13.882    34.000     0.029      97       4    42.0    22.0
   103.335    30.992    13.882    34.000     0.009      58      37    44.0    22.0
   103.320    30.979    13.882    34.000     0.027      41      30    46.0    22.0
   103.306    30.965    13.882    34.000     0.031      39      29    48.0    22.0
   103.292    30.952    13.882    34.000     0.020      38      24    50.0    22.0
   103.278    30.939    13.882    34.000     0.019      43      36    52.0    22.0
   103.263    30.926    13.882    34.000     0.009      38      30    54.0    22.0
   103.249    30.913    13.882    34.000     0.009      12      34    56.0    22.0
   103.235    30.899    13.882    34.000     0.009      60      20    58.0    22.0
   103.221    30.886    13.882    34.000     0.008      31      12    60.0    22.0
   103.206    30.873    13.882    34.000     0.006      30      12    62.0    22.0
   103.192    30.860    13.882    34.000     0.007      52      20    64.0    22.0
   103.663    31.271    12.763    34.000     0.038      94      36     0.0    20.0
   103.648    31.258    12.763    34.000     0.044      96      21     2.0    20.0
   103.634    31.245    12.763    34.000     0.054      98      22     4.0    20.0
   103.619    31.232    12.763    34.000     0.051      96      21     6.0    20.0
   103.605    31.219    12.763    34.000     0.023      49       1     8.0    20.0
   103.591    31.206    12.763    34.000     0.018      96       3    10.0    20.0
   103.576    31.192    12.763    34.000     0.037      94       3    12.0    20.0
   103.562    31.179    12.763    34.000     0.039      93       3    14.0    20.0
   103.548    31.166    12.763    34.000     0.054      95       9    16.0    20.0
   103.533    31.153    12.763    34.000     0.043      95      10    18.0    20.0
   103.519    31.140    12.763    34.000     0.053     100       2    20.0    20.0
   103.505    31.127    12.763    34.000     0.063      98       2    22.0    20.0
   103.490    31.113    12.763    34.000     0.027      99       3    24.0    20.0
   103.476    31.100    12.763    34.000     0.033      21      21    26.0    20.0
   103.462    31.087    12.763    34.000     0.031      20      23    28.0    20.0
   103.447    31.074    12.763    34.000     0.016      24      22    30.0    20.0
   103.433    31.061    12.763    34.000     0.027      24      23    32.0    20.0
   103.419    31.048    12.763    34.000     0.037      43       1    34.0    20.0
   103.405    31.034    12.763    34.000     0.050      42       1    36.0    20.0
   103.390    31.021    12.763    34.000     0.038      42       1    38.0    20.0
   103.376    31.008    12.763    34.000     0.021      76      10    40.0    20.0
   103.362    30.995    12.763    34.000     0.018      14      16    42.0    20.0
   103.347    30.982    12.763    34.000     0.036      16      19    44.0    20.0
   103.333    30.968    12.763    34.000     0.037      16      19    46.0    20.0
   103.319    30.955    12.763    34.000     0.015      19      35    48.0    20.0
   103.305    30.942    12.763    34.000     0.023      20      35    50.0    20.0
   103.290    30.929    12.763    34.000     0.012      89       2    52.0    20.0
   103.276    30.916    12.763    34.000     0.008      37      16    54.0    20.0
   103.262    30.902    12.763    34.000     0.008       2      12    56.0    20.0
   103.248    30.889    12.763    34.000     0.034      12      34    58.0    20.0
   103.233    30.876    12.763    34.000     0.034      11      34    60.0    20.0
   103.219    30.863    12.763    34.000     0.025       8      37    62.0    20.0
   103.205    30.850    12.763    34.000     0.017      20       1    64.0    20.0
   103.675    31.261    11.645    34.000     0.024      97       4     0.0    18.0
   103.661    31.248    11.645    34.000     0.032      33      31     2.0    18.0
   103.647    31.235    11.645    34.000     0.024      93       5     4.0    18.0
   103.632    31.222    11.645    34.000     0.023      96       4     6.0    18.0
   103.618    31.209    11.645    34.000     0.014      96      27     8.0    18.0
   103.603    31.195    11.645    34.000     0.011      50       1    10.0    18.0
   103.589    31.182    11.645    34.000     0.016      49       1    12.0    18.0
   103.575    31.169    11.645    34.000     0.019      35      37    14.0    18.0
   103.560    31.156    11.645    34.000     0.023      34      37    16.0    18.0
   103.546    31.143    11.645    34.000     0.021      47       1    18.0    18.0
   103.532    31.130    11.645    34.000     0.024      50      18    20.0    18.0
   103.517    31.116    11.645    34.000     0.033      24      20    22.0    18.0
   103.503    31.103    11.645    34.000     0.049      24      24    24.0    18.0
   103.489    31.090    11.645    34.000     0.047      22      24    26.0    18.0
   103.474    31.077    11.645    34.000     0.012      23       5    28.0    18.0
   103.460    31.064    11.645    34.000     0.029      21       5    30.0    18.0
   103.446    31.051    11.645    34.000     0.022      22       5    32.0    18.0
   103.432    31.037    11.645    34.000     0.017      23      10    34.0    18.0
   103.417    31.024    11.645    34.000     0.012      20       2    36.0    18.0
   103.403    31.011    11.645    34.000     0.012      24      34    38.0    18.0
   103.389    30.998    11.645    34.000     0.035      23      34    40.0    18.0
   103.374    30.985    11.645    34.000     0.037      25      35    42.0    18.0
   103.360    30.971    11.645    34.000     0.057      23      34    44.0    18.0
   103.346    30.958    11.645    34.000     0.065      22      35    46.0    18.0
   103.332    30.945    11.645    34.000     0.023      23      35    48.0    18.0
   103.317    30.932    11.645    34.000     0.009      19      35    50.0    18.0
   103.303    30.919    11.645    34.000     0.008      96      12    52.0    18.0
   103.289    30.905    11.645    34.000     0.013      81      35    54.0    18.0
   103.274    30.892    11.645    34.000     0.010      34      10    56.0    18.0
   103.260    30.879    11.645    34.000     0.008      69      19    58.0    18.0
   103.246    30.866    11.645    34.000     0.020      37      28    60.0    18.0
   103.232    30.853    11.645    34.000     0.021       8      31    62.0    18.0
   103.217    30.839    11.645    34.000     0.033       9      34    64.0    18.0
   103.688    31.251    10.526    34.000     0.069       2      23     0.0    16.0
   103.674    31.238    10.526    34.000     0.057       2      18     2.0    16.0
   103.659    31.225    10.526    34.000     0.038       5       3     4.0    16.0
   103.645    31.211    10.526    34.000     0.043       6       4     6.0    16.0
   103.631    31.198    10.526    34.000     0.039      71      37     8.0    16.0
   103.616    31.185    10.526    34.000     0.023      67      36    10.0    16.0
   103.602    31.172    10.526    34.000     0.018      66      36    12.0    16.0
   103.587    31.159    10.526    34.000     0.011      13      37    14.0    16.0
   103.573    31.146    10.526    34.000     0.029      14      37    16.0    16.0
   103.559    31.132    10.526    34.000     0.043      15      37    18.0    16.0
   103.544    31.119    10.526    34.000     0.018      25       6    20.0    16.0
   103.530    31.106    10.526    34.000     0.029      80      32    22.0    16.0
   103.516    31.093    10.526    34.000     0.020      79      27    24.0    16.0
   103.501    31.080    10.526    34.000     0.013      81      33    26.0    16.0
   103.487    31.067    10.526    34.000     0.017      13      37    28.0    16.0
   103.473    31.053    10.526    34.000     0.034      27       5    30.0    16.0
   103.459    31.040    10.526    34.000     0.016      27       6    32.0    16.0
   103.444    31.027    10.526    34.000     0.008      78      14    34.0    16.0
   103.430    31.014    10.526    34.000     0.007       8      36    36.0    16.0
   103.416    31.001    10.526    34.000     0.021      27      35    38.0    16.0
   103.401    30.988    10.526    34.000     0.040      26      33    40.0    16.0
   103.387    30.974    10.526    34.000     0.038      26      34    42.0    16.0
   103.373    30.961    10.526    34.000     0.027      27      33    44.0    16.0
   103.358    30.948    10.526    34.000     0.020      60      19    46.0    16.0
   103.344    30.935    10.526    34.000     0.013      63      17    48.0    16.0
   103.330    30.922    10.526    34.000     0.011      32      10    50.0    16.0
   103.316    30.908    10.526    34.000     0.008      29       7    52.0    16.0
   103.301    30.895    10.526    34.000     0.005      30       5    54.0    16.0
   103.287    30.882    10.526    34.000     0.004      77      27    56.0    16.0
   103.273    30.869    10.526    34.000     0.012     100      25    58.0    16.0
   103.259    30.856    10.526    34.000     0.027     100      21    60.0    16.0
   103.244    30.842    10.526    34.000     0.038      38      31    62.0    16.0
   103.230    30.829    10.526    34.000     0.022      36      35    64.0    16.0
   103.701    31.241     9.408    34.000     0.016      11       3     0.0    14.0
   103.686    31.228     9.408    34.000     0.044      10       3     2.0    14.0
   103.672    31.214     9.408    34.000     0.064       8       5     4.0    14.0
   103.658    31.201     9.408    34.000     0.024      84       4     6.0    14.0
   103.643    31.188     9.408    34.000     0.024      82       4     8.0    14.0
   103.629    31.175     9.408    34.000     0.038      68      37    10.0    14.0
   103.614    31.162     9.408    34.000     0.013      78       9    12.0    14.0
   103.600    31.149     9.408    34.000     0.008      79      10    14.0    14.0
   103.586    31.135     9.408    34.000     0.013      33       5    16.0    14.0
   103.571    31.122     9.408    34.000     0.012      36       3    18.0    14.0
   103.557    31.109     9.408    34.000     0.018      72       2    20.0    14.0
   103.543    31.096     9.408    34.000     0.033      72       1    22.0    14.0
   103.528    31.083     9.408    34.000     0.029      31      16    24.0    14.0
   103.514    31.070     9.408    34.000     0.032      72       3    26.0    14.0
   103.500    31.056     9.408    34.000     0.062      74       1    28.0    14.0
   103.486    31.043     9.408    34.000     0.053      73       1    30.0    14.0
   103.471    31.030     9.408    34.000     0.048       9      12    32.0    14.0
   103.457    31.017     9.408    34.000     0.078       9      12    34.0    14.0
   103.443    31.004     9.408    34.000     0.048      10       8    36.0    14.0
   103.428    30.991     9.408    34.000     0.049      10      25    38.0    14.0
   103.414    30.977     9.408    34.000     0.030       9      26    40.0    14.0
   103.400    30.964     9.408    34.000     0.031      91      13    42.0    14.0
   103.385    30.951     9.408    34.000     0.039       3      16    44.0    14.0
   103.371    30.938     9.408    34.000     0.057       1      11    46.0    14.0
   103.357    30.925     9.408    34.000     0.071       1       7    48.0    14.0
   103.343    30.911     9.408    34.000     0.031       1       6    50.0    14.0
   103.328    30.898     9.408    34.000     0.014      96      37    52.0    14.0
   103.314    30.885     9.408    34.000     0.007      25      27    54.0    14.0
   103.300    30.872     9.408    34.000     0.010      24      23    56.0    14.0
   103.286    30.859     9.408    34.000     0.036      74       8    58.0    14.0
   103.271    30.845     9.408    34.000     0.053      75      10    60.0    14.0
   103.257    30.832     9.408    34.000     0.042      76      20    62.0    14.0
   103.243    30.819     9.408    34.000     0.038      76      24    64.0    14.0
   103.713    31.230     8.290    34.000     0.022      16       1     0.0    12.0
   103.699    31.217     8.290    34.000     0.060      28      37     2.0    12.0
   103.685    31.204     8.290    34.000     0.068      27      37     4.0    12.0
   103.670    31.191     8.290    34.000     0.027      53       6     6.0    12.0
   103.656    31.178     8.290    34.000     0.026      37      29     8.0    12.0
   103.642    31.165     8.290    34.000     0.018      35      31    10.0    12.0
   103.627    31.152     8.290    34.000     0.018      75      21    12.0    12.0
   103.613    31.138     8.290    34.000     0.014      73      21    14.0    12.0
   103.598    31.125     8.290    34.000     0.023      36       3    16.0    12.0
   103.584    31.112     8.290    34.000     0.039      36       5    18.0    12.0
   103.570    31.099     8.290    34.000     0.054      38       7    20.0    12.0
   103.555    31.086     8.290    34.000     0.046      69       4    22.0    12.0
   103.541    31.073     8.290    34.000     0.051      69       2    24.0    12.0
   103.527    31.059     8.290    34.000     0.036      70       2    26.0    12.0
   103.513    31.046     8.290    34.000     0.055      72       2    28.0    12.0
   103.498    31.033     8.290    34.000     0.024      72       1    30.0    12.0
   103.484    31.020     8.290    34.000     0.027      10       7    32.0    12.0
   103.470    31.007     8.290    34.000     0.020      37       3    34.0    12.0
   103.455    30.994     8.290    34.000     0.020       7       4    36.0    12.0
   103.441    30.980     8.290    34.000     0.013       8       5    38.0    12.0
   103.427    30.967     8.290    34.000     0.019      97      13    40.0    12.0
   103.412    30.954     8.290    34.000     0.014      96      11    42.0    12.0
   103.398    30.941     8.290    34.000     0.020      74      37    44.0    12.0
   103.384    30.928     8.290    34.000     0.014      33      30    46.0    12.0
   103.370    30.914     8.290    34.000     0.015      12      35    48.0    12.0
   103.355    30.901     8.290    34.000     0.006      10      35    50.0    12.0
   103.341    30.888     8.290    34.000     0.005       9      35    52.0    12.0
   103.327    30.875     8.290    34.000     0.015      23      16    54.0    12.0
   103.313    30.862     8.290    34.000     0.029      22      23    56.0    12.0
   103.298    30.848     8.290    34.000     0.039      51      23    58.0    12.0
   103.284    30.835     8.290    34.000     0.041      50      11    60.0    12.0
   103.270    30.822     8.290    34.000     0.065      15      12    62.0    12.0
   103.255    30.809     8.290    34.000     0.074      15       6    64.0    12.0
   103.726    31.220     7.171    34.000     0.047      30      37     0.0    10.0
   103.712    31.207     7.171    34.000     0.048      28      37     2.0    10.0
   103.697    31.194     7.171    34.000     0.046      30      37     4.0    10.0
   103.683    31.181     7.171    34.000     0.017      64      36     6.0    10.0
   103.669    31.168     7.171    34.000     0.021       1      34     8.0    10.0
   103.654    31.154     7.171    34.000     0.028       1      32    10.0    10.0
   103.640    31.141     7.171    34.000     0.015      72      29    12.0    10.0
   103.626    31.128     7.171    34.000     0.015      69      26    14.0    10.0
   103.611    31.115     7.171    34.000     0.020       1      26    16.0    10.0
   103.597    31.102     7.171    34.000     0.021      65       4    18.0    10.0
   103.583    31.089     7.171    34.000     0.066      67      11    20.0    10.0
   103.568    31.075     7.171    34.000     0.062      39       4    22.0    10.0
   103.554    31.062     7.171    34.000     0.088      40       3    24.0    10.0
   103.540    31.049     7.171    34.000     0.112      70       1    26.0    10.0
   103.525    31.036     7.171    34.000     0.079      70       1    28.0    10.0
   103.511    31.023     7.171    34.000     0.036      70       1    30.0    10.0
   103.497    31.010     7.171    34.000     0.041      68       2    32.0    10.0
   103.482    30.996     7.171    34.000     0.034      18      35    34.0    10.0
   103.468    30.983     7.171    34.000     0.058      63       7    36.0    10.0
   103.454    30.970     7.171    34.000     0.098      61       4    38.0    10.0
   103.439    30.957     7.171    34.000     0.047      59       6    40.0    10.0
   103.425    30.944     7.171    34.000     0.037      44      36    42.0    10.0
   103.411    30.931     7.171    34.000     0.016      12      31    44.0    10.0
   103.397    30.917     7.171    34.000     0.015     100      28    46.0    10.0
   103.382    30.904     7.171    34.000     0.018      60      34    48.0    10.0
   103.368    30.891     7.171    34.000     0.014      47       2    50.0    10.0
   103.354    30.878     7.171    34.000     0.012      87      35    52.0    10.0
   103.339    30.865     7.171    34.000     0.026      91      32    54.0    10.0
   103.325    30.851     7.171    34.000     0.052      91      27    56.0    10.0
   103.311    30.838     7.171    34.000     0.041      91      26    58.0    10.0
   103.297    30.825     7.171    34.000     0.058      89      25    60.0    10.0
   103.282    30.812     7.171    34.000     0.052      88      24    62.0    10.0
   103.268    30.799     7.171    34.000     0.069      87      24    64.0    10.0
   103.739    31.210     6.053    34.000     0.040      49       2     0.0     8.0
   103.724    31.197     6.053    34.000     0.022      51       1     2.0     8.0
   103.710    31.184     6.053    34.000     0.027       1      29     4.0     8.0
   103.696    31.171     6.053    34.000     0.052       3      27     6.0     8.0
   103.681    31.157     6.053    34.000     0.087       2      28     8.0     8.0
   103.667    31.144     6.053    34.000     0.038       1      28    10.0     8.0
   103.653    31.131     6.053    34.000     0.030      67       8    12.0     8.0
   103.638    31.118     6.053    34.000     0.012      68      33    14.0     8.0
   103.624    31.105     6.053    34.000     0.033      68      27    16.0     8.0
   103.610    31.092     6.053    34.000     0.025      68      27    18.0     8.0
   103.595    31.078     6.053    34.000     0.015      68      18    20.0     8.0
   103.581    31.065     6.053    34.000     0.021      44       4    22.0     8.0
   103.567    31.052     6.053    34.000     0.049      31      37    24.0     8.0
   103.552    31.039     6.053    34.000     0.105      43       3    26.0     8.0
   103.538    31.026     6.053    34.000     0.107      83      36    28.0     8.0
   103.524    31.013     6.053    34.000     0.088      83      36    30.0     8.0
   103.509    30.999     6.053    34.000     0.062      82      36    32.0     8.0
   103.495    30.986     6.053    34.000     0.022      59      24    34.0     8.0
   103.481    30.973     6.053    34.000     0.030      23      18    36.0     8.0
   103.466    30.960     6.053    34.000     0.048      19      33    38.0     8.0
   103.452    30.947     6.053    34.000     0.039      19      30    40.0     8.0
   103.438    30.934     6.053    34.000     0.018      15      34    42.0     8.0
   103.423    30.920     6.053    34.000     0.013      15      34    44.0     8.0
   103.409    30.907     6.053    34.000     0.009      22      21    46.0     8.0
   103.395    30.894     6.053    34.000     0.023      68      37    48.0     8.0
   103.381    30.881     6.053    34.000     0.016      81       2    50.0     8.0
   103.366    30.868     6.053    34.000     0.028      92      32    52.0     8.0
   103.352    30.854     6.053    34.000     0.019      93      32    54.0     8.0
   103.338    30.841     6.053    34.000     0.025      58      34    56.0     8.0
   103.324    30.828     6.053    34.000     0.024      58      33    58.0     8.0
   103.309    30.815     6.053    34.000     0.027      88      22    60.0     8.0
   103.295    30.802     6.053    34.000     0.020      88      15    62.0     8.0
   103.281    30.788     6.053    34.000     0.045      84      18    64.0     8.0
   103.751    31.200     4.935    34.000     0.016      96      30     0.0     6.0
   103.737    31.187     4.935    34.000     0.013      97      31     2.0     6.0
   103.723    31.173     4.935    34.000     0.014      98       7     4.0     6.0
   103.708    31.160     4.935    34.000     0.019      98       6     6.0     6.0
   103.694    31.147     4.935    34.000     0.031       5      36     8.0     6.0
   103.680    31.134     4.935    34.000     0.043       5      36    10.0     6.0
   103.665    31.121     4.935    34.000     0.023       4      37    12.0     6.0
   103.651    31.108     4.935    34.000     0.028       2      37    14.0     6.0
   103.637    31.095     4.935    34.000     0.021       1      37    16.0     6.0
   103.622    31.081     4.935    34.000     0.041      74      30    18.0     6.0
   103.608    31.068     4.935    34.000     0.037      72      30    20.0     6.0
   103.594    31.055     4.935    34.000     0.056      52      12    22.0     6.0
   103.579    31.042     4.935    34.000     0.067      52      11    24.0     6.0
   103.565    31.029     4.935    34.000     0.044      55       2    26.0     6.0
   103.551    31.016     4.935    34.000     0.062      39      37    28.0     6.0
   103.536    31.002     4.935    34.000     0.068      38      37    30.0     6.0
   103.522    30.989     4.935    34.000     0.029      37      37    32.0     6.0
   103.508    30.976     4.935    34.000     0.024      90      27    34.0     6.0
   103.493    30.963     4.935    34.000     0.037      90      30    36.0     6.0
   103.479    30.950     4.935    34.000     0.050      90      32    38.0     6.0
   103.465    30.937     4.935    34.000     0.084      89      32    40.0     6.0
   103.450    30.923     4.935    34.000     0.033      88      32    42.0     6.0
   103.436    30.910     4.935    34.000     0.013      86      34    44.0     6.0
   103.422    30.897     4.935    34.000     0.018      58      35    46.0     6.0
   103.408    30.884     4.935    34.000     0.010      56      35    48.0     6.0
   103.393    30.871     4.935    34.000     0.015      27      36    50.0     6.0
   103.379    30.857     4.935    34.000     0.015      29      35    52.0     6.0
   103.365    30.844     4.935    34.000     0.023      11       2    54.0     6.0
   103.351    30.831     4.935    34.000     0.025      13      13    56.0     6.0
   103.336    30.818     4.935    34.000     0.034      12      11    58.0     6.0
   103.322    30.805     4.935    34.000     0.024      11      19    60.0     6.0
   103.308    30.791     4.935    34.000     0.022      34       3    62.0     6.0
   103.294    30.778     4.935    34.000     0.049      35       3    64.0     6.0
   103.764    31.189     3.816    34.000     0.014      36      22     0.0     4.0
   103.750    31.176     3.816    34.000     0.013      99      21     2.0     4.0
   103.735    31.163     3.816    34.000     0.011      31      18     4.0     4.0
   103.721    31.150     3.816    34.000     0.027      94      33     6.0     4.0
   103.707    31.137     3.816    34.000     0.025      93      33     8.0     4.0
   103.692    31.124     3.816    34.000     0.035      98      36    10.0     4.0
   103.678    31.111     3.816    34.000     0.015      96      35    12.0     4.0
   103.664    31.097     3.816    34.000     0.016      30      34    14.0     4.0
   103.649    31.084     3.816    34.000     0.018       6      35    16.0     4.0
   103.635    31.071     3.816    34.000     0.025       6      35    18.0     4.0
   103.621    31.058     3.816    34.000     0.015      52      16    20.0     4.0
   103.606    31.045     3.816    34.000     0.040      76      37    22.0     4.0
   103.592    31.032     3.816    34.000     0.094      75      37    24.0     4.0
   103.578    31.018     3.816    34.000     0.135      73      36    26.0     4.0
   103.563    31.005     3.816    34.000     0.211      60       1    28.0     4.0
   103.549    30.992     3.816    34.000     0.106      58       1    30.0     4.0
   103.535    30.979     3.816    34.000     0.036       5       9    32.0     4.0
   103.520    30.966     3.816    34.000     0.046       3      12    34.0     4.0
   103.506    30.953     3.816    34.000     0.053       3      12    36.0     4.0
   103.492    30.939     3.816    34.000     0.044      90      31    38.0     4.0
   103.477    30.926     3.816    34.000     0.072       4      21    40.0     4.0
   103.463    30.913     3.816    34.000     0.044      91      35    42.0     4.0
   103.449    30.900     3.816    34.000     0.038      88      31    44.0     4.0
   103.435    30.887     3.816    34.000     0.056      88      18    46.0     4.0
   103.420    30.874     3.816    34.000     0.037      88      19    48.0     4.0
   103.406    30.860     3.816    34.000     0.023       1      34    50.0     4.0
   103.392    30.847     3.816    34.000     0.025      47       5    52.0     4.0
   103.377    30.834     3.816    34.000     0.027      44       4    54.0     4.0
   103.363    30.821     3.816    34.000     0.033      75      19    56.0     4.0
   103.349    30.808     3.816    34.000     0.059      76      18    58.0     4.0
   103.335    30.794     3.816    34.000     0.092      76      18    60.0     4.0
   103.320    30.781     3.816    34.000     0.075      76      18    62.0     4.0
   103.306    30.768     3.816    34.000     0.059      77      19    64.0     4.0
   103.777    31.179     2.698    34.000     0.020       7       3     0.0     2.0
   103.762    31.166     2.698    34.000     0.019       8       3     2.0     2.0
   103.748    31.153     2.698    34.000     0.010      56      37     4.0     2.0
   103.734    31.140     2.698    34.000     0.034      90       1     6.0     2.0
   103.719    31.127     2.698    34.000     0.042      91       1     8.0     2.0
   103.705    31.114     2.698    34.000     0.028      90       3    10.0     2.0
   103.691    31.100     2.698    34.000     0.012      90       1    12.0     2.0
   103.676    31.087     2.698    34.000     0.017       5       8    14.0     2.0
   103.662    31.074     2.698    34.000     0.036      43      35    16.0     2.0
   103.648    31.061     2.698    34.000     0.057      90      28    18.0     2.0
   103.633    31.048     2.698    34.000     0.032      88      32    20.0     2.0
   103.619    31.035     2.698    34.000     0.010      69      15    22.0     2.0
   103.605    31.021     2.698    34.000     0.029       6      34    24.0     2.0
   103.590    31.008     2.698    34.000     0.071      19       1    26.0     2.0
   103.576    30.995     2.698    34.000     0.072      18       1    28.0     2.0
   103.562    30.982     2.698    34.000     0.055      17       1    30.0     2.0
   103.547    30.969     2.698    34.000     0.053      65       1    32.0     2.0
   103.533    30.956     2.698    34.000     0.028      75      35    34.0     2.0
   103.519    30.942     2.698    34.000     0.013      45      35    36.0     2.0
   103.504    30.929     2.698    34.000     0.021      45      35    38.0     2.0
   103.490    30.916     2.698    34.000     0.022      45      33    40.0     2.0
   103.476    30.903     2.698    34.000     0.027      44      35    42.0     2.0
   103.462    30.890     2.698    34.000     0.018      86      16    44.0     2.0
   103.447    30.877     2.698    34.000     0.025      50      28    46.0     2.0
   103.433    30.863     2.698    34.000     0.017      48      28    48.0     2.0
   103.419    30.850     2.698    34.000     0.021      44      36    50.0     2.0
   103.404    30.837     2.698    34.000     0.024      46      36    52.0     2.0
   103.390    30.824     2.698    34.000     0.039      44      36    54.0     2.0
   103.376    30.811     2.698    34.000     0.032      34       6    56.0     2.0
   103.362    30.797     2.698    34.000     0.049       2       7    58.0     2.0
   103.347    30.784     2.698    34.000     0.069       4       7    60.0     2.0
   103.333    30.771     2.698    34.000     0.051       2       9    62.0     2.0
   103.319    30.758     2.698    34.000     0.045       1      16    64.0     2.0
   103.789    31.169     1.579    34.000     0.009      64      37     0.0     0.0
   103.775    31.156     1.579    34.000     0.016      65      37     2.0     0.0
   103.761    31.143     1.579    34.000     0.019      81       6     4.0     0.0
   103.746    31.130     1.579    34.000     0.018      65      37     6.0     0.0
   103.732    31.116     1.579    34.000     0.018      52       1     8.0     0.0
   103.718    31.103     1.579    34.000     0.011      77       6    10.0     0.0
   103.703    31.090     1.579    34.000     0.009      78      16    12.0     0.0
   103.689    31.077     1.579    34.000     0.009       6       1    14.0     0.0
   103.675    31.064     1.579    34.000     0.015      37       4    16.0     0.0
   103.660    31.051     1.579    34.000     0.011      40       5    18.0     0.0
   103.646    31.038     1.579    34.000     0.014       1       4    20.0     0.0
   103.632    31.024     1.579    34.000     0.017       3       4    22.0     0.0
   103.617    31.011     1.579    34.000     0.022       2       7    24.0     0.0
   103.603    30.998     1.579    34.000     0.025       3       7    26.0     0.0
   103.589    30.985     1.579    34.000     0.012       3      20    28.0     0.0
   103.574    30.972     1.579    34.000     0.021      78       4    30.0     0.0
   103.560    30.959     1.579    34.000     0.043      80      30    32.0     0.0
   103.546    30.945     1.579    34.000     0.039      78      29    34.0     0.0
   103.531    30.932     1.579    34.000     0.047      78      30    36.0     0.0
   103.517    30.919     1.579    34.000     0.027      78      32    38.0     0.0
   103.503    30.906     1.579    34.000     0.019      81      36    40.0     0.0
   103.488    30.893     1.579    34.000     0.012      19       6    42.0     0.0
   103.474    30.880     1.579    34.000     0.010      17       8    44.0     0.0
   103.460    30.866     1.579    34.000     0.011      70       1    46.0     0.0
   103.446    30.853     1.579    34.000     0.021      56      37    48.0     0.0
   103.431    30.840     1.579    34.000     0.051      54      36    50.0     0.0
   103.417    30.827     1.579    34.000     0.055      55      37    52.0     0.0
   103.403    30.814     1.579    34.000     0.029      54      36    54.0     0.0
   103.389    30.800     1.579    34.000     0.022      35       3    56.0     0.0
   103.374    30.787     1.579    34.000     0.030      35       4    58.0     0.0
   103.360    30.774     1.579    34.000     0.036       1      10    60.0     0.0
   103.346    30.761     1.579    34.000     0.024      35      18    62.0     0.0
   103.332    30.748     1.579    34.000     0.032      37      31    64.0     0.0
