   104.700    32.381    33.161    54.000     0.009      75      21     0.0    40.0
   104.685    32.368    33.161    54.000     0.028      76      26     2.0    40.0
   104.670    32.355    33.161    54.000     0.011      76      29     4.0    40.0
   104.655    32.342    33.161    54.000     0.019      29       8     6.0    40.0
   104.641    32.329    33.161    54.000     0.025      29       8     8.0    40.0
   104.626    32.316    33.161    54.000     0.031      17      37    10.0    40.0
   104.611    32.303    33.161    54.000     0.020       3       1    12.0    40.0
   104.596    32.290    33.161    54.000     0.012      56       3    14.0    40.0
   104.581    32.278    33.161    54.000     0.014      84       2    16.0    40.0
   104.567    32.265    33.161    54.000     0.019      83       3    18.0    40.0
   104.552    32.252    33.161    54.000     0.027       1      30    20.0    40.0
   104.537    32.239    33.161    54.000     0.028      48       1    22.0    40.0
   104.522    32.226    33.161    54.000     0.021      48       2    24.0    40.0
   104.508    32.213    33.161    54.000     0.018      48       2    26.0    40.0
   104.493    32.200    33.161    54.000     0.014      62      37    28.0    40.0
   104.478    32.187    33.161    54.000     0.008      62      37    30.0    40.0
   104.463    32.174    33.161    54.000     0.017      88      27    32.0    40.0
   104.449    32.161    33.161    54.000     0.024      88      33    34.0    40.0
   104.434    32.148    33.161    54.000     0.039      88      33    36.0    40.0
   104.419    32.135    33.161    54.000     0.022      84      34    38.0    40.0
   104.404    32.122    33.161    54.000     0.036      85      33    40.0    40.0
   104.390    32.109    33.161    54.000     0.017      85      35    42.0    40.0
   104.375    32.096    33.161    54.000     0.012      20      32    44.0    40.0
   104.360    32.083    33.161    54.000     0.011      18      33    46.0    40.0
   104.346    32.070    33.161    54.000     0.013      18      35    48.0    40.0
   104.331    32.057    33.161    54.000     0.015      17      30    50.0    40.0
   104.316    32.044    33.161    54.000     0.022       6       1    52.0    40.0
   104.301    32.031    33.161    54.000     0.026      90      15    54.0    40.0
   104.287    32.018    33.161    54.000     0.018      91       7    56.0    40.0
   104.272    32.005    33.161    54.000     0.034      91      21    58.0    40.0
   104.257    31.992    33.161    54.000     0.024       3      12    60.0    40.0
   104.243    31.979    33.161    54.000     0.043       5      22    62.0    40.0
   104.228    31.966    33.161    54.000     0.027       4      23    64.0    40.0
   104.709    32.374    31.543    54.000     0.017      13      36     0.0    38.0
   104.694    32.361    31.543    54.000     0.016      14      36     2.0    38.0
   104.679    32.348    31.543    54.000     0.021      77      31     4.0    38.0
   104.664    32.335    31.543    54.000     0.052      78      32     6.0    38.0
   104.649    32.322    31.543    54.000     0.059      77      31     8.0    38.0
   104.635    32.309    31.543    54.000     0.047      77      30    10.0    38.0
   104.620    32.296    31.543    54.000     0.028      88       1    12.0    38.0
   104.605    32.283    31.543    54.000     0.035      86       2    14.0    38.0
   104.590    32.270    31.543    54.000     0.016      86       3    16.0    38.0
   104.576    32.257    31.543    54.000     0.019      45      13    18.0    38.0
   104.561    32.244    31.543    54.000     0.017      46      11    20.0    38.0
   104.546    32.231    31.543    54.000     0.023      79       2    22.0    38.0
   104.531    32.218    31.543    54.000     0.037      14       2    24.0    38.0
   104.517    32.205    31.543    54.000     0.071      17       2    26.0    38.0
   104.502    32.192    31.543    54.000     0.063      14       2    28.0    38.0
   104.487    32.179    31.543    54.000     0.057       1      37    30.0    38.0
   104.472    32.166    31.543    54.000     0.027       2      37    32.0    38.0
   104.458    32.154    31.543    54.000     0.025      92      32    34.0    38.0
   104.443    32.141    31.543    54.000     0.013     100       1    36.0    38.0
   104.428    32.128    31.543    54.000     0.018      87      32    38.0    38.0
   104.413    32.115    31.543    54.000     0.009      54      21    40.0    38.0
   104.399    32.102    31.543    54.000     0.008      56      24    42.0    38.0
   104.384    32.089    31.543    54.000     0.007      18      32    44.0    38.0
   104.369    32.076    31.543    54.000     0.015      16      32    46.0    38.0
   104.355    32.063    31.543    54.000     0.024       1       1    48.0    38.0
   104.340    32.050    31.543    54.000     0.042      18      29    50.0    38.0
   104.325    32.037    31.543    54.000     0.043      17      26    52.0    38.0
   104.310    32.024    31.543    54.000     0.046      17      31    54.0    38.0
   104.296    32.011    31.543    54.000     0.052       9       5    56.0    38.0
   104.281    31.998    31.543    54.000     0.063       4       1    58.0    38.0
   104.266    31.985    31.543    54.000     0.056       4       1    60.0    38.0
   104.252    31.972    31.543    54.000     0.026       3       1    62.0    38.0
   104.237    31.959    31.543    54.000     0.037      93      37    64.0    38.0
   104.718    32.366    29.925    54.000     0.010      17      36     0.0    36.0
   104.703    32.353    29.925    54.000     0.009      13      35     2.0    36.0
   104.688    32.340    29.925    54.000     0.030      10      34     4.0    36.0
   104.673    32.328    29.925    54.000     0.032      10      35     6.0    36.0
   104.658    32.315    29.925    54.000     0.027      11      34     8.0    36.0
   104.644    32.302    29.925    54.000     0.030      10      36    10.0    36.0
   104.629    32.289    29.925    54.000     0.023      46      13    12.0    36.0
   104.614    32.276    29.925    54.000     0.031      43      17    14.0    36.0
   104.599    32.263    29.925    54.000     0.053      44      15    16.0    36.0
   104.585    32.250    29.925    54.000     0.050      43      27    18.0    36.0
   104.570    32.237    29.925    54.000     0.029      44      31    20.0    36.0
   104.555    32.224    29.925    54.000     0.031      40      33    22.0    36.0
   104.540    32.211    29.925    54.000     0.039      40      33    24.0    36.0
   104.526    32.198    29.925    54.000     0.034      39      34    26.0    36.0
   104.511    32.185    29.925    54.000     0.036      99      14    28.0    36.0
   104.496    32.172    29.925    54.000     0.041      99      23    30.0    36.0
   104.481    32.159    29.925    54.000     0.044      18       2    32.0    36.0
   104.467    32.146    29.925    54.000     0.051      96      25    34.0    36.0
   104.452    32.133    29.925    54.000     0.076      94      18    36.0    36.0
   104.437    32.120    29.925    54.000     0.045      93      16    38.0    36.0
   104.422    32.107    29.925    54.000     0.037      94      16    40.0    36.0
   104.408    32.094    29.925    54.000     0.024      95       8    42.0    36.0
   104.393    32.081    29.925    54.000     0.021      94       7    44.0    36.0
   104.378    32.068    29.925    54.000     0.022      40       2    46.0    36.0
   104.364    32.055    29.925    54.000     0.033     100      37    48.0    36.0
   104.349    32.042    29.925    54.000     0.033      18      34    50.0    36.0
   104.334    32.029    29.925    54.000     0.026      17      34    52.0    36.0
   104.319    32.016    29.925    54.000     0.055      17      32    54.0    36.0
   104.305    32.003    29.925    54.000     0.047      15      32    56.0    36.0
   104.290    31.990    29.925    54.000     0.036      18      20    58.0    36.0
   104.275    31.977    29.925    54.000     0.039      17      20    60.0    36.0
   104.261    31.964    29.925    54.000     0.029      78       3    62.0    36.0
   104.246    31.951    29.925    54.000     0.016      17      31    64.0    36.0
   104.727    32.359    28.307    54.000     0.012      20      27     0.0    34.0
   104.712    32.346    28.307    54.000     0.016      19      27     2.0    34.0
   104.697    32.333    28.307    54.000     0.023      18      26     4.0    34.0
   104.682    32.320    28.307    54.000     0.027      18      31     6.0    34.0
   104.667    32.307    28.307    54.000     0.031      16      34     8.0    34.0
   104.653    32.294    28.307    54.000     0.025      14      35    10.0    34.0
   104.638    32.281    28.307    54.000     0.031      43      14    12.0    34.0
   104.623    32.268    28.307    54.000     0.055      71      28    14.0    34.0
   104.608    32.255    28.307    54.000     0.060      72      29    16.0    34.0
   104.594    32.242    28.307    54.000     0.028      69      28    18.0    34.0
   104.579    32.230    28.307    54.000     0.029      15      13    20.0    34.0
   104.564    32.217    28.307    54.000     0.040      99       3    22.0    34.0
   104.549    32.204    28.307    54.000     0.051      99       3    24.0    34.0
   104.534    32.191    28.307    54.000     0.064      97       3    26.0    34.0
   104.520    32.178    28.307    54.000     0.042      95       3    28.0    34.0
   104.505    32.165    28.307    54.000     0.030      95       3    30.0    34.0
   104.490    32.152    28.307    54.000     0.036      93       3    32.0    34.0
   104.476    32.139    28.307    54.000     0.024      72      36    34.0    34.0
   104.461    32.126    28.307    54.000     0.047      73      36    36.0    34.0
   104.446    32.113    28.307    54.000     0.051      72      36    38.0    34.0
   104.431    32.100    28.307    54.000     0.023      69      32    40.0    34.0
   104.417    32.087    28.307    54.000     0.017      73      36    42.0    34.0
   104.402    32.074    28.307    54.000     0.017       1      29    44.0    34.0
   104.387    32.061    28.307    54.000     0.007      28      37    46.0    34.0
   104.372    32.048    28.307    54.000     0.007      25      36    48.0    34.0
   104.358    32.035    28.307    54.000     0.012      25      36    50.0    34.0
   104.343    32.022    28.307    54.000     0.010      23      36    52.0    34.0
   104.328    32.009    28.307    54.000     0.010      80       4    54.0    34.0
   104.314    31.996    28.307    54.000     0.026     100      32    56.0    34.0
   104.299    31.983    28.307    54.000     0.036      19      17    58.0    34.0
   104.284    31.970    28.307    54.000     0.042      18      16    60.0    34.0
   104.270    31.957    28.307    54.000     0.053      19      15    62.0    34.0
   104.255    31.944    28.307    54.000     0.055      18      12    64.0    34.0
   104.736    32.352    26.689    54.000     0.013      97       7     0.0    32.0
   104.721    32.339    26.689    54.000     0.011      59      32     2.0    32.0
   104.706    32.326    26.689    54.000     0.013      59      32     4.0    32.0
   104.691    32.313    26.689    54.000     0.015      25      30     6.0    32.0
   104.676    32.300    26.689    54.000     0.014      25      27     8.0    32.0
   104.662    32.287    26.689    54.000     0.014      25      32    10.0    32.0
   104.647    32.274    26.689    54.000     0.014     100      33    12.0    32.0
   104.632    32.261    26.689    54.000     0.015     100      33    14.0    32.0
   104.617    32.248    26.689    54.000     0.019     100      27    16.0    32.0
   104.602    32.235    26.689    54.000     0.023      98      26    18.0    32.0
   104.588    32.222    26.689    54.000     0.021      99      26    20.0    32.0
   104.573    32.209    26.689    54.000     0.015      12      32    22.0    32.0
   104.558    32.196    26.689    54.000     0.023      98       3    24.0    32.0
   104.543    32.183    26.689    54.000     0.029      98       2    26.0    32.0
   104.529    32.170    26.689    54.000     0.040      99       2    28.0    32.0
   104.514    32.157    26.689    54.000     0.040      98       2    30.0    32.0
   104.499    32.144    26.689    54.000     0.030      97       2    32.0    32.0
   104.484    32.131    26.689    54.000     0.016     100      31    34.0    32.0
   104.470    32.118    26.689    54.000     0.021     100      36    36.0    32.0
   104.455    32.105    26.689    54.000     0.019     100      33    38.0    32.0
   104.440    32.093    26.689    54.000     0.005       1      23    40.0    32.0
   104.426    32.080    26.689    54.000     0.009      41      37    42.0    32.0
   104.411    32.067    26.689    54.000     0.010      37      37    44.0    32.0
   104.396    32.054    26.689    54.000     0.017       1      33    46.0    32.0
   104.381    32.041    26.689    54.000     0.029      93      37    48.0    32.0
   104.367    32.028    26.689    54.000     0.026      91      37    50.0    32.0
   104.352    32.015    26.689    54.000     0.018     100       9    52.0    32.0
   104.337    32.002    26.689    54.000     0.022     100       8    54.0    32.0
   104.323    31.989    26.689    54.000     0.030     100      22    56.0    32.0
   104.308    31.976    26.689    54.000     0.077     100      26    58.0    32.0
   104.293    31.963    26.689    54.000     0.099     100      28    60.0    32.0
   104.279    31.950    26.689    54.000     0.085     100      29    62.0    32.0
   104.264    31.937    26.689    54.000     0.036     100      24    64.0    32.0
   104.745    32.344    25.071    54.000     0.014      27      11     0.0    30.0
   104.730    32.331    25.071    54.000     0.008      25       2     2.0    30.0
   104.715    32.318    25.071    54.000     0.011       1       6     4.0    30.0
   104.700    32.305    25.071    54.000     0.013      30      36     6.0    30.0
   104.685    32.292    25.071    54.000     0.021      30      36     8.0    30.0
   104.671    32.279    25.071    54.000     0.014      60      36    10.0    30.0
   104.656    32.267    25.071    54.000     0.013      59      35    12.0    30.0
   104.641    32.254    25.071    54.000     0.033      13       1    14.0    30.0
   104.626    32.241    25.071    54.000     0.021      58      22    16.0    30.0
   104.611    32.228    25.071    54.000     0.013      58      18    18.0    30.0
   104.597    32.215    25.071    54.000     0.011      59       4    20.0    30.0
   104.582    32.202    25.071    54.000     0.013      95      30    22.0    30.0
   104.567    32.189    25.071    54.000     0.012      93      31    24.0    30.0
   104.552    32.176    25.071    54.000     0.011      92      31    26.0    30.0
   104.538    32.163    25.071    54.000     0.014      90      31    28.0    30.0
   104.523    32.150    25.071    54.000     0.019      89      31    30.0    30.0
   104.508    32.137    25.071    54.000     0.019      20       3    32.0    30.0
   104.493    32.124    25.071    54.000     0.025      19       3    34.0    30.0
   104.479    32.111    25.071    54.000     0.013      16       2    36.0    30.0
   104.464    32.098    25.071    54.000     0.006      15       3    38.0    30.0
   104.449    32.085    25.071    54.000     0.005      20       3    40.0    30.0
   104.435    32.072    25.071    54.000     0.005      42      31    42.0    30.0
   104.420    32.059    25.071    54.000     0.013      39      29    44.0    30.0
   104.405    32.046    25.071    54.000     0.010      39      28    46.0    30.0
   104.390    32.033    25.071    54.000     0.008      89      36    48.0    30.0
   104.376    32.020    25.071    54.000     0.009      94      33    50.0    30.0
   104.361    32.007    25.071    54.000     0.008      94      34    52.0    30.0
   104.346    31.994    25.071    54.000     0.012      11       1    54.0    30.0
   104.332    31.981    25.071    54.000     0.010      61       6    56.0    30.0
   104.317    31.968    25.071    54.000     0.015      67      19    58.0    30.0
   104.302    31.955    25.071    54.000     0.034      95      12    60.0    30.0
   104.288    31.942    25.071    54.000     0.047      97      20    62.0    30.0
   104.273    31.929    25.071    54.000     0.062     100      26    64.0    30.0
   104.753    32.337    23.452    54.000     0.010      88       2     0.0    28.0
   104.739    32.324    23.452    54.000     0.009      23      36     2.0    28.0
   104.724    32.311    23.452    54.000     0.012      26      36     4.0    28.0
   104.709    32.298    23.452    54.000     0.014      25      36     6.0    28.0
   104.694    32.285    23.452    54.000     0.018      89      34     8.0    28.0
   104.679    32.272    23.452    54.000     0.019     100       1    10.0    28.0
   104.665    32.259    23.452    54.000     0.012      99       1    12.0    28.0
   104.650    32.246    23.452    54.000     0.013      10       1    14.0    28.0
   104.635    32.233    23.452    54.000     0.017      13       1    16.0    28.0
   104.620    32.220    23.452    54.000     0.027      93       2    18.0    28.0
   104.606    32.207    23.452    54.000     0.019      91       3    20.0    28.0
   104.591    32.194    23.452    54.000     0.024      90       3    22.0    28.0
   104.576    32.181    23.452    54.000     0.039      89       2    24.0    28.0
   104.561    32.169    23.452    54.000     0.031      88       2    26.0    28.0
   104.547    32.156    23.452    54.000     0.017      86       2    28.0    28.0
   104.532    32.143    23.452    54.000     0.015      26       2    30.0    28.0
   104.517    32.130    23.452    54.000     0.014      26       2    32.0    28.0
   104.502    32.117    23.452    54.000     0.007      27       2    34.0    28.0
   104.488    32.104    23.452    54.000     0.005      62      36    36.0    28.0
   104.473    32.091    23.452    54.000     0.004      59      32    38.0    28.0
   104.458    32.078    23.452    54.000     0.002      71       1    40.0    28.0
   104.443    32.065    23.452    54.000     0.003      69       1    42.0    28.0
   104.429    32.052    23.452    54.000     0.002      19       1    44.0    28.0
   104.414    32.039    23.452    54.000     0.003      59      10    46.0    28.0
   104.399    32.026    23.452    54.000     0.005      62       2    48.0    28.0
   104.385    32.013    23.452    54.000     0.010       3      34    50.0    28.0
   104.370    32.000    23.452    54.000     0.014       2      32    52.0    28.0
   104.355    31.987    23.452    54.000     0.022       3      31    54.0    28.0
   104.341    31.974    23.452    54.000     0.024       3      30    56.0    28.0
   104.326    31.961    23.452    54.000     0.030       2      29    58.0    28.0
   104.311    31.948    23.452    54.000     0.032      31      26    60.0    28.0
   104.296    31.935    23.452    54.000     0.038      29      28    62.0    28.0
   104.282    31.922    23.452    54.000     0.048      31      32    64.0    28.0
   104.762    32.329    21.834    54.000     0.020      38       8     0.0    26.0
   104.748    32.316    21.834    54.000     0.019       3      36     2.0    26.0
   104.733    32.304    21.834    54.000     0.023       1      36     4.0    26.0
   104.718    32.291    21.834    54.000     0.029      13       1     6.0    26.0
   104.703    32.278    21.834    54.000     0.019       7       6     8.0    26.0
   104.688    32.265    21.834    54.000     0.028      55       7    10.0    26.0
   104.674    32.252    21.834    54.000     0.030      56       7    12.0    26.0
   104.659    32.239    21.834    54.000     0.020      55      11    14.0    26.0
   104.644    32.226    21.834    54.000     0.032      35      36    16.0    26.0
   104.629    32.213    21.834    54.000     0.034      34      36    18.0    26.0
   104.615    32.200    21.834    54.000     0.034      34      37    20.0    26.0
   104.600    32.187    21.834    54.000     0.020      79      36    22.0    26.0
   104.585    32.174    21.834    54.000     0.016      94       1    24.0    26.0
   104.570    32.161    21.834    54.000     0.013      89       2    26.0    26.0
   104.556    32.148    21.834    54.000     0.017      87       2    28.0    26.0
   104.541    32.135    21.834    54.000     0.021      85       3    30.0    26.0
   104.526    32.122    21.834    54.000     0.038      33       6    32.0    26.0
   104.511    32.109    21.834    54.000     0.043      32       6    34.0    26.0
   104.497    32.096    21.834    54.000     0.042      34       4    36.0    26.0
   104.482    32.083    21.834    54.000     0.039      32       5    38.0    26.0
   104.467    32.070    21.834    54.000     0.027      34       6    40.0    26.0
   104.452    32.057    21.834    54.000     0.018      57      30    42.0    26.0
   104.438    32.044    21.834    54.000     0.010      32       9    44.0    26.0
   104.423    32.032    21.834    54.000     0.014      33      22    46.0    26.0
   104.408    32.019    21.834    54.000     0.012      84      33    48.0    26.0
   104.394    32.006    21.834    54.000     0.027      82      33    50.0    26.0
   104.379    31.993    21.834    54.000     0.032      83      33    52.0    26.0
   104.364    31.980    21.834    54.000     0.043      37      36    54.0    26.0
   104.349    31.967    21.834    54.000     0.023      22       1    56.0    26.0
   104.335    31.954    21.834    54.000     0.021       4      34    58.0    26.0
   104.320    31.941    21.834    54.000     0.059       2      34    60.0    26.0
   104.305    31.928    21.834    54.000     0.058       2      34    62.0    26.0
   104.291    31.915    21.834    54.000     0.034       1      31    64.0    26.0
   104.771    32.322    20.216    54.000     0.012      77       7     0.0    24.0
   104.757    32.309    20.216    54.000     0.014      97       1     2.0    24.0
   104.742    32.296    20.216    54.000     0.013      97       1     4.0    24.0
   104.727    32.283    20.216    54.000     0.020      94       1     6.0    24.0
   104.712    32.270    20.216    54.000     0.024      94       1     8.0    24.0
   104.697    32.257    20.216    54.000     0.010      97       1    10.0    24.0
   104.683    32.244    20.216    54.000     0.012      62       1    12.0    24.0
   104.668    32.231    20.216    54.000     0.021      28      14    14.0    24.0
   104.653    32.219    20.216    54.000     0.022      28       9    16.0    24.0
   104.638    32.206    20.216    54.000     0.044      26      12    18.0    24.0
   104.624    32.193    20.216    54.000     0.023      28       4    20.0    24.0
   104.609    32.180    20.216    54.000     0.021      27       4    22.0    24.0
   104.594    32.167    20.216    54.000     0.008       1       8    24.0    24.0
   104.579    32.154    20.216    54.000     0.008      77      31    26.0    24.0
   104.564    32.141    20.216    54.000     0.010      75      31    28.0    24.0
   104.550    32.128    20.216    54.000     0.010      78      17    30.0    24.0
   104.535    32.115    20.216    54.000     0.007      28      34    32.0    24.0
   104.520    32.102    20.216    54.000     0.007      29      32    34.0    24.0
   104.506    32.089    20.216    54.000     0.008      27      32    36.0    24.0
   104.491    32.076    20.216    54.000     0.014       7       4    38.0    24.0
   104.476    32.063    20.216    54.000     0.020      27      33    40.0    24.0
   104.461    32.050    20.216    54.000     0.017      25      33    42.0    24.0
   104.447    32.037    20.216    54.000     0.009      25      32    44.0    24.0
   104.432    32.024    20.216    54.000     0.008      95       1    46.0    24.0
   104.417    32.011    20.216    54.000     0.010      96       1    48.0    24.0
   104.403    31.998    20.216    54.000     0.022      97       1    50.0    24.0
   104.388    31.985    20.216    54.000     0.042      81      34    52.0    24.0
   104.373    31.972    20.216    54.000     0.111      78      33    54.0    24.0
   104.358    31.959    20.216    54.000     0.086      79      33    56.0    24.0
   104.344    31.946    20.216    54.000     0.099      78      33    58.0    24.0
   104.329    31.933    20.216    54.000     0.059      80      28    60.0    24.0
   104.314    31.920    20.216    54.000     0.064      81      18    62.0    24.0
   104.300    31.907    20.216    54.000     0.067      80      13    64.0    24.0
   104.780    32.315    18.598    54.000     0.029      44      37     0.0    22.0
   104.766    32.302    18.598    54.000     0.030      28       1     2.0    22.0
   104.751    32.289    18.598    54.000     0.031      27       1     4.0    22.0
   104.736    32.276    18.598    54.000     0.039      26       2     6.0    22.0
   104.721    32.263    18.598    54.000     0.037      26       1     8.0    22.0
   104.706    32.250    18.598    54.000     0.024       9      37    10.0    22.0
   104.692    32.237    18.598    54.000     0.011      97       1    12.0    22.0
   104.677    32.224    18.598    54.000     0.011      84      37    14.0    22.0
   104.662    32.211    18.598    54.000     0.014      33       7    16.0    22.0
   104.647    32.198    18.598    54.000     0.036      35       3    18.0    22.0
   104.632    32.185    18.598    54.000     0.043      33       8    20.0    22.0
   104.618    32.172    18.598    54.000     0.033      33       5    22.0    22.0
   104.603    32.159    18.598    54.000     0.020      34       3    24.0    22.0
   104.588    32.146    18.598    54.000     0.013      28      16    26.0    22.0
   104.573    32.133    18.598    54.000     0.009      77      23    28.0    22.0
   104.559    32.120    18.598    54.000     0.014      75      19    30.0    22.0
   104.544    32.108    18.598    54.000     0.017      75      24    32.0    22.0
   104.529    32.095    18.598    54.000     0.011      73      17    34.0    22.0
   104.514    32.082    18.598    54.000     0.012      33      36    36.0    22.0
   104.500    32.069    18.598    54.000     0.003      51      16    38.0    22.0
   104.485    32.056    18.598    54.000     0.005     100      17    40.0    22.0
   104.470    32.043    18.598    54.000     0.004      31      33    42.0    22.0
   104.456    32.030    18.598    54.000     0.008      27      29    44.0    22.0
   104.441    32.017    18.598    54.000     0.012      24      30    46.0    22.0
   104.426    32.004    18.598    54.000     0.014      25      29    48.0    22.0
   104.411    31.991    18.598    54.000     0.008      25      32    50.0    22.0
   104.397    31.978    18.598    54.000     0.010      93       1    52.0    22.0
   104.382    31.965    18.598    54.000     0.013      92       1    54.0    22.0
   104.367    31.952    18.598    54.000     0.013      95       1    56.0    22.0
   104.353    31.939    18.598    54.000     0.019      81      37    58.0    22.0
   104.338    31.926    18.598    54.000     0.021      80      37    60.0    22.0
   104.323    31.913    18.598    54.000     0.021      78      30    62.0    22.0
   104.309    31.900    18.598    54.000     0.020      82      28    64.0    22.0
   104.789    32.307    16.980    54.000     0.020      93       6     0.0    20.0
   104.774    32.294    16.980    54.000     0.011      91       5     2.0    20.0
   104.760    32.281    16.980    54.000     0.010      45      34     4.0    20.0
   104.745    32.268    16.980    54.000     0.010      65       3     6.0    20.0
   104.730    32.256    16.980    54.000     0.016      64       3     8.0    20.0
   104.715    32.243    16.980    54.000     0.012      44      30    10.0    20.0
   104.701    32.230    16.980    54.000     0.010      45      30    12.0    20.0
   104.686    32.217    16.980    54.000     0.007      10      37    14.0    20.0
   104.671    32.204    16.980    54.000     0.007      40       2    16.0    20.0
   104.656    32.191    16.980    54.000     0.015      40       3    18.0    20.0
   104.641    32.178    16.980    54.000     0.035      41       2    20.0    20.0
   104.627    32.165    16.980    54.000     0.055      40       2    22.0    20.0
   104.612    32.152    16.980    54.000     0.029      42       2    24.0    20.0
   104.597    32.139    16.980    54.000     0.014      14       7    26.0    20.0
   104.582    32.126    16.980    54.000     0.011      14       7    28.0    20.0
   104.568    32.113    16.980    54.000     0.006      11       3    30.0    20.0
   104.553    32.100    16.980    54.000     0.005      41      36    32.0    20.0
   104.538    32.087    16.980    54.000     0.017      41      36    34.0    20.0
   104.523    32.074    16.980    54.000     0.019      40      35    36.0    20.0
   104.509    32.061    16.980    54.000     0.030      41      36    38.0    20.0
   104.494    32.048    16.980    54.000     0.015      19       3    40.0    20.0
   104.479    32.035    16.980    54.000     0.011      19       4    42.0    20.0
   104.465    32.022    16.980    54.000     0.019      17      24    44.0    20.0
   104.450    32.009    16.980    54.000     0.022      17      22    46.0    20.0
   104.435    31.996    16.980    54.000     0.014      92      18    48.0    20.0
   104.420    31.983    16.980    54.000     0.041      43       3    50.0    20.0
   104.406    31.970    16.980    54.000     0.050      41       2    52.0    20.0
   104.391    31.958    16.980    54.000     0.059      41       5    54.0    20.0
   104.376    31.945    16.980    54.000     0.073      40       7    56.0    20.0
   104.362    31.932    16.980    54.000     0.068      39       8    58.0    20.0
   104.347    31.919    16.980    54.000     0.045      10      12    60.0    20.0
   104.332    31.906    16.980    54.000     0.032      12      16    62.0    20.0
   104.318    31.893    16.980    54.000     0.021      12      19    64.0    20.0
   104.798    32.300    15.362    54.000     0.017      95      18     0.0    18.0
   104.783    32.287    15.362    54.000     0.023      96      10     2.0    18.0
   104.769    32.274    15.362    54.000     0.022      99       8     4.0    18.0
   104.754    32.261    15.362    54.000     0.023      40       4     6.0    18.0
   104.739    32.248    15.362    54.000     0.031      40       5     8.0    18.0
   104.724    32.235    15.362    54.000     0.023      40       5    10.0    18.0
   104.709    32.222    15.362    54.000     0.016      99      33    12.0    18.0
   104.695    32.209    15.362    54.000     0.045     100      32    14.0    18.0
   104.680    32.196    15.362    54.000     0.052     100      34    16.0    18.0
   104.665    32.183    15.362    54.000     0.062      99      36    18.0    18.0
   104.650    32.170    15.362    54.000     0.043      98      36    20.0    18.0
   104.636    32.158    15.362    54.000     0.045      46      10    22.0    18.0
   104.621    32.145    15.362    54.000     0.036      47       9    24.0    18.0
   104.606    32.132    15.362    54.000     0.028      47       5    26.0    18.0
   104.591    32.119    15.362    54.000     0.018      46       2    28.0    18.0
   104.577    32.106    15.362    54.000     0.016      43       3    30.0    18.0
   104.562    32.093    15.362    54.000     0.010      95       4    32.0    18.0
   104.547    32.080    15.362    54.000     0.013      92       6    34.0    18.0
   104.532    32.067    15.362    54.000     0.013      92       6    36.0    18.0
   104.518    32.054    15.362    54.000     0.019      45      32    38.0    18.0
   104.503    32.041    15.362    54.000     0.024      44      36    40.0    18.0
   104.488    32.028    15.362    54.000     0.018      45      32    42.0    18.0
   104.473    32.015    15.362    54.000     0.016      46      34    44.0    18.0
   104.459    32.002    15.362    54.000     0.010      46      33    46.0    18.0
   104.444    31.989    15.362    54.000     0.059       6       1    48.0    18.0
   104.429    31.976    15.362    54.000     0.080       7       1    50.0    18.0
   104.415    31.963    15.362    54.000     0.088       9       2    52.0    18.0
   104.400    31.950    15.362    54.000     0.055       7       1    54.0    18.0
   104.385    31.937    15.362    54.000     0.035       6       1    56.0    18.0
   104.371    31.924    15.362    54.000     0.011      43       2    58.0    18.0
   104.356    31.911    15.362    54.000     0.020      77       5    60.0    18.0
   104.341    31.898    15.362    54.000     0.009      18       6    62.0    18.0
   104.327    31.885    15.362    54.000     0.011      17       6    64.0    18.0
   104.807    32.292    13.744    54.000     0.012       3       3     0.0    16.0
   104.792    32.280    13.744    54.000     0.012      97      34     2.0    16.0
   104.778    32.267    13.744    54.000     0.017      96      32     4.0    16.0
   104.763    32.254    13.744    54.000     0.024      12      29     6.0    16.0
   104.748    32.241    13.744    54.000     0.029       9      30     8.0    16.0
   104.733    32.228    13.744    54.000     0.066      10      27    10.0    16.0
   104.718    32.215    13.744    54.000     0.066      14       4    12.0    16.0
   104.704    32.202    13.744    54.000     0.064      12       8    14.0    16.0
   104.689    32.189    13.744    54.000     0.064       9       9    16.0    16.0
   104.674    32.176    13.744    54.000     0.038      10       8    18.0    16.0
   104.659    32.163    13.744    54.000     0.044       8       9    20.0    16.0
   104.645    32.150    13.744    54.000     0.032      10       5    22.0    16.0
   104.630    32.137    13.744    54.000     0.028      85       1    24.0    16.0
   104.615    32.124    13.744    54.000     0.014      16      35    26.0    16.0
   104.600    32.111    13.744    54.000     0.022      14      35    28.0    16.0
   104.586    32.098    13.744    54.000     0.010      15      35    30.0    16.0
   104.571    32.085    13.744    54.000     0.009      89      31    32.0    16.0
   104.556    32.072    13.744    54.000     0.010      86      31    34.0    16.0
   104.541    32.059    13.744    54.000     0.022      84      32    36.0    16.0
   104.527    32.047    13.744    54.000     0.016      84      31    38.0    16.0
   104.512    32.034    13.744    54.000     0.012      85      31    40.0    16.0
   104.497    32.021    13.744    54.000     0.018       5      17    42.0    16.0
   104.482    32.008    13.744    54.000     0.028       6      22    44.0    16.0
   104.468    31.995    13.744    54.000     0.019       5      23    46.0    16.0
   104.453    31.982    13.744    54.000     0.018       7      22    48.0    16.0
   104.438    31.969    13.744    54.000     0.018      53      35    50.0    16.0
   104.424    31.956    13.744    54.000     0.030      37       1    52.0    16.0
   104.409    31.943    13.744    54.000     0.015      75      16    54.0    16.0
   104.394    31.930    13.744    54.000     0.014      76       2    56.0    16.0
   104.380    31.917    13.744    54.000     0.012      72       5    58.0    16.0
   104.365    31.904    13.744    54.000     0.007      71       9    60.0    16.0
   104.350    31.891    13.744    54.000     0.011      22       4    62.0    16.0
   104.336    31.878    13.744    54.000     0.029      23       5    64.0    16.0
   104.816    32.285    12.126    54.000     0.044       9       2     0.0    14.0
   104.801    32.272    12.126    54.000     0.040       8       2     2.0    14.0
   104.786    32.259    12.126    54.000     0.025       7       3     4.0    14.0
   104.772    32.246    12.126    54.000     0.016       8       6     6.0    14.0
   104.757    32.233    12.126    54.000     0.016      13      31     8.0    14.0
   104.742    32.220    12.126    54.000     0.023      11      30    10.0    14.0
   104.727    32.207    12.126    54.000     0.039       9      32    12.0    14.0
   104.713    32.195    12.126    54.000     0.047      10      34    14.0    14.0
   104.698    32.182    12.126    54.000     0.046       9      34    16.0    14.0
   104.683    32.169    12.126    54.000     0.029      10      32    18.0    14.0
   104.668    32.156    12.126    54.000     0.021       8      35    20.0    14.0
   104.653    32.143    12.126    54.000     0.014       5      35    22.0    14.0
   104.639    32.130    12.126    54.000     0.006       4      27    24.0    14.0
   104.624    32.117    12.126    54.000     0.005      99       2    26.0    14.0
   104.609    32.104    12.126    54.000     0.006      51      36    28.0    14.0
   104.594    32.091    12.126    54.000     0.009      91       6    30.0    14.0
   104.580    32.078    12.126    54.000     0.010      90       6    32.0    14.0
   104.565    32.065    12.126    54.000     0.006      89       7    34.0    14.0
   104.550    32.052    12.126    54.000     0.004      89      11    36.0    14.0
   104.536    32.039    12.126    54.000     0.007       9       4    38.0    14.0
   104.521    32.026    12.126    54.000     0.015       7       7    40.0    14.0
   104.506    32.013    12.126    54.000     0.019       5       8    42.0    14.0
   104.491    32.000    12.126    54.000     0.013      76       2    44.0    14.0
   104.477    31.987    12.126    54.000     0.013      74       6    46.0    14.0
   104.462    31.974    12.126    54.000     0.014      72       6    48.0    14.0
   104.447    31.961    12.126    54.000     0.020      71       3    50.0    14.0
   104.433    31.948    12.126    54.000     0.023      72       4    52.0    14.0
   104.418    31.935    12.126    54.000     0.015      20      11    54.0    14.0
   104.403    31.922    12.126    54.000     0.017      19      14    56.0    14.0
   104.388    31.909    12.126    54.000     0.018      19      27    58.0    14.0
   104.374    31.896    12.126    54.000     0.010      96      16    60.0    14.0
   104.359    31.884    12.126    54.000     0.012      73      31    62.0    14.0
   104.344    31.871    12.126    54.000     0.018      21      24    64.0    14.0
   104.825    32.278    10.508    54.000     0.011      27      35     0.0    12.0
   104.810    32.265    10.508    54.000     0.034      25      34     2.0    12.0
   104.795    32.252    10.508    54.000     0.021      24      34     4.0    12.0
   104.781    32.239    10.508    54.000     0.015      21      33     6.0    12.0
   104.766    32.226    10.508    54.000     0.014      86      12     8.0    12.0
   104.751    32.213    10.508    54.000     0.016      85      11    10.0    12.0
   104.736    32.200    10.508    54.000     0.017      83      13    12.0    12.0
   104.722    32.187    10.508    54.000     0.013      55      18    14.0    12.0
   104.707    32.174    10.508    54.000     0.020      54      11    16.0    12.0
   104.692    32.161    10.508    54.000     0.025      84      33    18.0    12.0
   104.677    32.148    10.508    54.000     0.018      24       1    20.0    12.0
   104.662    32.135    10.508    54.000     0.044      23       1    22.0    12.0
   104.648    32.122    10.508    54.000     0.029      24       1    24.0    12.0
   104.633    32.109    10.508    54.000     0.019      22       1    26.0    12.0
   104.618    32.097    10.508    54.000     0.005      21       1    28.0    12.0
   104.603    32.084    10.508    54.000     0.003      87       4    30.0    12.0
   104.589    32.071    10.508    54.000     0.004      18       1    32.0    12.0
   104.574    32.058    10.508    54.000     0.007      29      36    34.0    12.0
   104.559    32.045    10.508    54.000     0.006      27      35    36.0    12.0
   104.544    32.032    10.508    54.000     0.006      39       5    38.0    12.0
   104.530    32.019    10.508    54.000     0.006      10       3    40.0    12.0
   104.515    32.006    10.508    54.000     0.005      36      12    42.0    12.0
   104.500    31.993    10.508    54.000     0.016      90      37    44.0    12.0
   104.486    31.980    10.508    54.000     0.031      90      37    46.0    12.0
   104.471    31.967    10.508    54.000     0.063      88      36    48.0    12.0
   104.456    31.954    10.508    54.000     0.066      87      36    50.0    12.0
   104.441    31.941    10.508    54.000     0.056      85      36    52.0    12.0
   104.427    31.928    10.508    54.000     0.042      85      35    54.0    12.0
   104.412    31.915    10.508    54.000     0.022      26       2    56.0    12.0
   104.397    31.902    10.508    54.000     0.021      88       7    58.0    12.0
   104.383    31.889    10.508    54.000     0.009      53      17    60.0    12.0
   104.368    31.876    10.508    54.000     0.009      58      18    62.0    12.0
   104.353    31.863    10.508    54.000     0.010      93      31    64.0    12.0
   104.834    32.270     8.890    54.000     0.016      86      28     0.0    10.0
   104.819    32.257     8.890    54.000     0.017      27      29     2.0    10.0
   104.804    32.244     8.890    54.000     0.025      24      28     4.0    10.0
   104.790    32.231     8.890    54.000     0.030      23      29     6.0    10.0
   104.775    32.219     8.890    54.000     0.051      22      29     8.0    10.0
   104.760    32.206     8.890    54.000     0.033      22      28    10.0    10.0
   104.745    32.193     8.890    54.000     0.015      24      27    12.0    10.0
   104.730    32.180     8.890    54.000     0.011      21      27    14.0    10.0
   104.716    32.167     8.890    54.000     0.005      21      27    16.0    10.0
   104.701    32.154     8.890    54.000     0.007      91       4    18.0    10.0
   104.686    32.141     8.890    54.000     0.006      90       3    20.0    10.0
   104.671    32.128     8.890    54.000     0.015      64      13    22.0    10.0
   104.657    32.115     8.890    54.000     0.008      63      14    24.0    10.0
   104.642    32.102     8.890    54.000     0.014      90       2    26.0    10.0
   104.627    32.089     8.890    54.000     0.011      92       2    28.0    10.0
   104.612    32.076     8.890    54.000     0.012      61       2    30.0    10.0
   104.598    32.063     8.890    54.000     0.005       6      25    32.0    10.0
   104.583    32.050     8.890    54.000     0.007       5       2    34.0    10.0
   104.568    32.037     8.890    54.000     0.005       3       2    36.0    10.0
   104.553    32.024     8.890    54.000     0.006       2       2    38.0    10.0
   104.539    32.011     8.890    54.000     0.011       1       2    40.0    10.0
   104.524    31.998     8.890    54.000     0.012       1       4    42.0    10.0
   104.509    31.986     8.890    54.000     0.007      31      24    44.0    10.0
   104.495    31.973     8.890    54.000     0.011      32      30    46.0    10.0
   104.480    31.960     8.890    54.000     0.016      30      30    48.0    10.0
   104.465    31.947     8.890    54.000     0.017      60       3    50.0    10.0
   104.450    31.934     8.890    54.000     0.064      57       4    52.0    10.0
   104.436    31.921     8.890    54.000     0.099      57       6    54.0    10.0
   104.421    31.908     8.890    54.000     0.106      58       7    56.0    10.0
   104.406    31.895     8.890    54.000     0.072      57       9    58.0    10.0
   104.392    31.882     8.890    54.000     0.054      60      22    60.0    10.0
   104.377    31.869     8.890    54.000     0.043      59      26    62.0    10.0
   104.362    31.856     8.890    54.000     0.040      59      32    64.0    10.0
   104.843    32.263     7.272    54.000     0.004      34       4     0.0     8.0
   104.828    32.250     7.272    54.000     0.006       8       1     2.0     8.0
   104.813    32.237     7.272    54.000     0.012       8       1     4.0     8.0
   104.799    32.224     7.272    54.000     0.021      24      35     6.0     8.0
   104.784    32.211     7.272    54.000     0.031      25      32     8.0     8.0
   104.769    32.198     7.272    54.000     0.035      23      32    10.0     8.0
   104.754    32.185     7.272    54.000     0.031      25      32    12.0     8.0
   104.739    32.172     7.272    54.000     0.029      22      30    14.0     8.0
   104.725    32.159     7.272    54.000     0.026      21      27    16.0     8.0
   104.710    32.147     7.272    54.000     0.023      22      25    18.0     8.0
   104.695    32.134     7.272    54.000     0.026      23      20    20.0     8.0
   104.680    32.121     7.272    54.000     0.021      23      17    22.0     8.0
   104.666    32.108     7.272    54.000     0.013      50      37    24.0     8.0
   104.651    32.095     7.272    54.000     0.024      50      37    26.0     8.0
   104.636    32.082     7.272    54.000     0.013      51      37    28.0     8.0
   104.621    32.069     7.272    54.000     0.009      38       1    30.0     8.0
   104.607    32.056     7.272    54.000     0.009      36      10    32.0     8.0
   104.592    32.043     7.272    54.000     0.027      35       7    34.0     8.0
   104.577    32.030     7.272    54.000     0.036      34       4    36.0     8.0
   104.562    32.017     7.272    54.000     0.031      33       4    38.0     8.0
   104.548    32.004     7.272    54.000     0.011      16      36    40.0     8.0
   104.533    31.991     7.272    54.000     0.006      28      29    42.0     8.0
   104.518    31.978     7.272    54.000     0.011      55      14    44.0     8.0
   104.503    31.965     7.272    54.000     0.011      53       5    46.0     8.0
   104.489    31.952     7.272    54.000     0.010      81      37    48.0     8.0
   104.474    31.939     7.272    54.000     0.012      89       1    50.0     8.0
   104.459    31.926     7.272    54.000     0.015       3      37    52.0     8.0
   104.445    31.913     7.272    54.000     0.017      34      33    54.0     8.0
   104.430    31.900     7.272    54.000     0.017      34      36    56.0     8.0
   104.415    31.887     7.272    54.000     0.016      58      32    58.0     8.0
   104.401    31.874     7.272    54.000     0.022      56      34    60.0     8.0
   104.386    31.861     7.272    54.000     0.025      87      33    62.0     8.0
   104.371    31.848     7.272    54.000     0.044      86      35    64.0     8.0
   104.852    32.255     5.654    54.000     0.008      20       3     0.0     6.0
   104.837    32.243     5.654    54.000     0.015      19       4     2.0     6.0
   104.822    32.230     5.654    54.000     0.023      96       4     4.0     6.0
   104.807    32.217     5.654    54.000     0.025      94       1     6.0     6.0
   104.793    32.204     5.654    54.000     0.028      95       1     8.0     6.0
   104.778    32.191     5.654    54.000     0.021      69       2    10.0     6.0
   104.763    32.178     5.654    54.000     0.020      94       1    12.0     6.0
   104.748    32.165     5.654    54.000     0.014      61      16    14.0     6.0
   104.734    32.152     5.654    54.000     0.021      62      14    16.0     6.0
   104.719    32.139     5.654    54.000     0.018       6       1    18.0     6.0
   104.704    32.126     5.654    54.000     0.021       4       1    20.0     6.0
   104.689    32.113     5.654    54.000     0.015       2       1    22.0     6.0
   104.674    32.100     5.654    54.000     0.013      24      32    24.0     6.0
   104.660    32.087     5.654    54.000     0.012      22      36    26.0     6.0
   104.645    32.074     5.654    54.000     0.008      50       2    28.0     6.0
   104.630    32.061     5.654    54.000     0.006      49       2    30.0     6.0
   104.616    32.049     5.654    54.000     0.006      63      36    32.0     6.0
   104.601    32.036     5.654    54.000     0.003      46       4    34.0     6.0
   104.586    32.023     5.654    54.000     0.004      45       4    36.0     6.0
   104.571    32.010     5.654    54.000     0.008      21      14    38.0     6.0
   104.557    31.997     5.654    54.000     0.016      21      15    40.0     6.0
   104.542    31.984     5.654    54.000     0.018      19      14    42.0     6.0
   104.527    31.971     5.654    54.000     0.030      19      19    44.0     6.0
   104.512    31.958     5.654    54.000     0.029      17      29    46.0     6.0
   104.498    31.945     5.654    54.000     0.022      22      20    48.0     6.0
   104.483    31.932     5.654    54.000     0.031      19      26    50.0     6.0
   104.468    31.919     5.654    54.000     0.020      99       8    52.0     6.0
   104.454    31.906     5.654    54.000     0.010     100       5    54.0     6.0
   104.439    31.893     5.654    54.000     0.011      27      36    56.0     6.0
   104.424    31.880     5.654    54.000     0.016      25      36    58.0     6.0
   104.410    31.867     5.654    54.000     0.025      17       2    60.0     6.0
   104.395    31.854     5.654    54.000     0.032      42       1    62.0     6.0
   104.380    31.841     5.654    54.000     0.023      43       1    64.0     6.0
   104.861    32.248     4.036    54.000     0.008      94      11     0.0     4.0
   104.846    32.235     4.036    54.000     0.013      47      26     2.0     4.0
   104.831    32.222     4.036    54.000     0.012      69      26     4.0     4.0
   104.816    32.209     4.036    54.000     0.011      96      31     6.0     4.0
   104.802    32.196     4.036    54.000     0.008      40      36     8.0     4.0
   104.787    32.183     4.036    54.000     0.012      13      33    10.0     4.0
   104.772    32.171     4.036    54.000     0.011      12      32    12.0     4.0
   104.757    32.158     4.036    54.000     0.008      35      27    14.0     4.0
   104.742    32.145     4.036    54.000     0.005      33      27    16.0     4.0
   104.728    32.132     4.036    54.000     0.006      79      21    18.0     4.0
   104.713    32.119     4.036    54.000     0.008      81      19    20.0     4.0
   104.698    32.106     4.036    54.000     0.008      78      16    22.0     4.0
   104.683    32.093     4.036    54.000     0.005      16       2    24.0     4.0
   104.669    32.080     4.036    54.000     0.009      13       1    26.0     4.0
   104.654    32.067     4.036    54.000     0.011      45       3    28.0     4.0
   104.639    32.054     4.036    54.000     0.008      45       3    30.0     4.0
   104.624    32.041     4.036    54.000     0.009       1      17    32.0     4.0
   104.610    32.028     4.036    54.000     0.007      69      18    34.0     4.0
   104.595    32.015     4.036    54.000     0.010      19       9    36.0     4.0
   104.580    32.002     4.036    54.000     0.009      20       4    38.0     4.0
   104.566    31.989     4.036    54.000     0.009      20      11    40.0     4.0
   104.551    31.976     4.036    54.000     0.015      20       6    42.0     4.0
   104.536    31.963     4.036    54.000     0.016      19       7    44.0     4.0
   104.521    31.950     4.036    54.000     0.016      71       6    46.0     4.0
   104.507    31.937     4.036    54.000     0.026      44      12    48.0     4.0
   104.492    31.925     4.036    54.000     0.052      44       9    50.0     4.0
   104.477    31.912     4.036    54.000     0.076      43       9    52.0     4.0
   104.463    31.899     4.036    54.000     0.065      43      14    54.0     4.0
   104.448    31.886     4.036    54.000     0.045      75      23    56.0     4.0
   104.433    31.873     4.036    54.000     0.054      75      24    58.0     4.0
   104.418    31.860     4.036    54.000     0.042      73      33    60.0     4.0
   104.404    31.847     4.036    54.000     0.033      74      33    62.0     4.0
   104.389    31.834     4.036    54.000     0.022      74      27    64.0     4.0
   104.870    32.241     2.418    54.000     0.007      68       1     0.0     2.0
   104.855    32.228     2.418    54.000     0.007       5      34     2.0     2.0
   104.840    32.215     2.418    54.000     0.015      43       2     4.0     2.0
   104.825    32.202     2.418    54.000     0.021      41       2     6.0     2.0
   104.811    32.189     2.418    54.000     0.026      39       1     8.0     2.0
   104.796    32.176     2.418    54.000     0.021      41       1    10.0     2.0
   104.781    32.163     2.418    54.000     0.013      42       9    12.0     2.0
   104.766    32.150     2.418    54.000     0.010      40       9    14.0     2.0
   104.751    32.137     2.418    54.000     0.009      39       9    16.0     2.0
   104.737    32.124     2.418    54.000     0.004      43      35    18.0     2.0
   104.722    32.111     2.418    54.000     0.012      41      35    20.0     2.0
   104.707    32.098     2.418    54.000     0.011      42      36    22.0     2.0
   104.692    32.086     2.418    54.000     0.007      40      36    24.0     2.0
   104.678    32.073     2.418    54.000     0.008      39      35    26.0     2.0
   104.663    32.060     2.418    54.000     0.008      27       3    28.0     2.0
   104.648    32.047     2.418    54.000     0.006      26       3    30.0     2.0
   104.633    32.034     2.418    54.000     0.003      62      11    32.0     2.0
   104.619    32.021     2.418    54.000     0.003      63       8    34.0     2.0
   104.604    32.008     2.418    54.000     0.004      39      10    36.0     2.0
   104.589    31.995     2.418    54.000     0.008      42       1    38.0     2.0
   104.574    31.982     2.418    54.000     0.019      43       1    40.0     2.0
   104.560    31.969     2.418    54.000     0.025      42       1    42.0     2.0
   104.545    31.956     2.418    54.000     0.020       4       8    44.0     2.0
   104.530    31.943     2.418    54.000     0.025       3       7    46.0     2.0
   104.516    31.930     2.418    54.000     0.019       4       3    48.0     2.0
   104.501    31.917     2.418    54.000     0.020       3      25    50.0     2.0
   104.486    31.904     2.418    54.000     0.027       4      31    52.0     2.0
   104.471    31.891     2.418    54.000     0.021       3      31    54.0     2.0
   104.457    31.878     2.418    54.000     0.018      10       2    56.0     2.0
   104.442    31.865     2.418    54.000     0.032       1      34    58.0     2.0
   104.427    31.852     2.418    54.000     0.043       1      31    60.0     2.0
   104.413    31.839     2.418    54.000     0.028       1      30    62.0     2.0
   104.398    31.826     2.418    54.000     0.019       3      36    64.0     2.0
   104.879    32.233     0.800    54.000     0.004       8      34     0.0     0.0
   104.864    32.220     0.800    54.000     0.007      37      24     2.0     0.0
   104.849    32.207     0.800    54.000     0.007      59       1     4.0     0.0
   104.834    32.195     0.800    54.000     0.017      40      34     6.0     0.0
   104.819    32.182     0.800    54.000     0.014      66      37     8.0     0.0
   104.805    32.169     0.800    54.000     0.012      68      37    10.0     0.0
   104.790    32.156     0.800    54.000     0.011      69      37    12.0     0.0
   104.775    32.143     0.800    54.000     0.010      49      10    14.0     0.0
   104.760    32.130     0.800    54.000     0.007      89      33    16.0     0.0
   104.746    32.117     0.800    54.000     0.011      49       6    18.0     0.0
   104.731    32.104     0.800    54.000     0.007      50       9    20.0     0.0
   104.716    32.091     0.800    54.000     0.015      80      34    22.0     0.0
   104.701    32.078     0.800    54.000     0.013      81      33    24.0     0.0
   104.687    32.065     0.800    54.000     0.013      81      35    26.0     0.0
   104.672    32.052     0.800    54.000     0.012      41       2    28.0     0.0
   104.657    32.039     0.800    54.000     0.009      41       2    30.0     0.0
   104.642    32.026     0.800    54.000     0.005      37      28    32.0     0.0
   104.628    32.013     0.800    54.000     0.010      39      31    34.0     0.0
   104.613    32.000     0.800    54.000     0.016      39      33    36.0     0.0
   104.598    31.988     0.800    54.000     0.014      40      34    38.0     0.0
   104.583    31.975     0.800    54.000     0.007      37      33    40.0     0.0
   104.569    31.962     0.800    54.000     0.012      54       1    42.0     0.0
   104.554    31.949     0.800    54.000     0.013      55       1    44.0     0.0
   104.539    31.936     0.800    54.000     0.018      12      10    46.0     0.0
   104.525    31.923     0.800    54.000     0.022      11      21    48.0     0.0
   104.510    31.910     0.800    54.000     0.045      10      22    50.0     0.0
   104.495    31.897     0.800    54.000     0.038      10      24    52.0     0.0
   104.480    31.884     0.800    54.000     0.030      91       2    54.0     0.0
   104.466    31.871     0.800    54.000     0.027       3       1    56.0     0.0
   104.451    31.858     0.800    54.000     0.043       4       1    58.0     0.0
   104.436    31.845     0.800    54.000     0.045       4       2    60.0     0.0
   104.422    31.832     0.800    54.000     0.041       3       3    62.0     0.0
   104.407    31.819     0.800    54.000     0.019       3       4    64.0     0.0
