   105.691    32.980    38.388    70.000     0.010      47       4     0.0    40.0
   105.674    32.968    38.388    70.000     0.010      98       3     2.0    40.0
   105.658    32.957    38.388    70.000     0.008      42      27     4.0    40.0
   105.641    32.945    38.388    70.000     0.019      44      27     6.0    40.0
   105.625    32.934    38.388    70.000     0.027      44      25     8.0    40.0
   105.608    32.922    38.388    70.000     0.022      45      28    10.0    40.0
   105.592    32.911    38.388    70.000     0.027       1      30    12.0    40.0
   105.575    32.900    38.388    70.000     0.029       2      30    14.0    40.0
   105.559    32.888    38.388    70.000     0.029       4      30    16.0    40.0
   105.542    32.877    38.388    70.000     0.018       4      23    18.0    40.0
   105.526    32.865    38.388    70.000     0.028      35      32    20.0    40.0
   105.510    32.853    38.388    70.000     0.031      36      32    22.0    40.0
   105.493    32.842    38.388    70.000     0.030      36      32    24.0    40.0
   105.477    32.830    38.388    70.000     0.016      71      20    26.0    40.0
   105.460    32.819    38.388    70.000     0.024      71      22    28.0    40.0
   105.444    32.807    38.388    70.000     0.022      71      11    30.0    40.0
   105.427    32.796    38.388    70.000     0.021      72      11    32.0    40.0
   105.411    32.784    38.388    70.000     0.012     100      13    34.0    40.0
   105.395    32.773    38.388    70.000     0.010       5      36    36.0    40.0
   105.378    32.761    38.388    70.000     0.017       5      36    38.0    40.0
   105.362    32.750    38.388    70.000     0.012       7      36    40.0    40.0
   105.345    32.738    38.388    70.000     0.006      22       7    42.0    40.0
   105.329    32.727    38.388    70.000     0.007      23       7    44.0    40.0
   105.312    32.715    38.388    70.000     0.005      92      11    46.0    40.0
   105.296    32.704    38.388    70.000     0.008      49      29    48.0    40.0
   105.280    32.692    38.388    70.000     0.009      35       1    50.0    40.0
   105.263    32.681    38.388    70.000     0.011      50      29    52.0    40.0
   105.247    32.669    38.388    70.000     0.007      38       2    54.0    40.0
   105.231    32.658    38.388    70.000     0.010      39       2    56.0    40.0
   105.214    32.646    38.388    70.000     0.011      39       2    58.0    40.0
   105.198    32.634    38.388    70.000     0.026      99      36    60.0    40.0
   105.181    32.623    38.388    70.000     0.019     100      35    62.0    40.0
   105.165    32.611    38.388    70.000     0.011      66       1    64.0    40.0
   105.149    32.600    38.388    70.000     0.011      66       1    66.0    40.0
   105.132    32.588    38.388    70.000     0.014      62       1    68.0    40.0
   105.116    32.577    38.388    70.000     0.018      47      36    70.0    40.0
   105.100    32.565    38.388    70.000     0.013      67       1    72.0    40.0
   105.083    32.554    38.388    70.000     0.019      98      18    74.0    40.0
   105.067    32.542    38.388    70.000     0.022      99      10    76.0    40.0
   105.051    32.530    38.388    70.000     0.023      97      10    78.0    40.0
   105.034    32.519    38.388    70.000     0.028      97      10    80.0    40.0
   105.018    32.507    38.388    70.000     0.045      50       1    82.0    40.0
   105.002    32.496    38.388    70.000     0.069      49       1    84.0    40.0
   104.985    32.484    38.388    70.000     0.088      44       8    86.0    40.0
   104.969    32.473    38.388    70.000     0.114      45       7    88.0    40.0
   104.953    32.461    38.388    70.000     0.064      46       8    90.0    40.0
   104.936    32.449    38.388    70.000     0.042      44       8    92.0    40.0
   104.920    32.438    38.388    70.000     0.015      46      10    94.0    40.0
   104.904    32.426    38.388    70.000     0.017      78      20    96.0    40.0
   104.888    32.415    38.388    70.000     0.021      10       8    98.0    40.0
   104.871    32.403    38.388    70.000     0.043      38       3   100.0    40.0
   104.855    32.391    38.388    70.000     0.041      39       3   102.0    40.0
   104.839    32.380    38.388    70.000     0.038      39       2   104.0    40.0
   104.822    32.368    38.388    70.000     0.023      77      36   106.0    40.0
   104.806    32.357    38.388    70.000     0.024      75      35   108.0    40.0
   104.790    32.345    38.388    70.000     0.018      62       1   110.0    40.0
   104.774    32.333    38.388    70.000     0.020      19       1   112.0    40.0
   105.695    32.975    36.508    70.000     0.009      10       6     0.0    38.0
   105.679    32.964    36.508    70.000     0.006       9       6     2.0    38.0
   105.662    32.952    36.508    70.000     0.004      44       4     4.0    38.0
   105.646    32.941    36.508    70.000     0.007      91      33     6.0    38.0
   105.629    32.929    36.508    70.000     0.007       4       4     8.0    38.0
   105.613    32.918    36.508    70.000     0.011      92      34    10.0    38.0
   105.596    32.906    36.508    70.000     0.008      92      34    12.0    38.0
   105.580    32.895    36.508    70.000     0.009      94      28    14.0    38.0
   105.564    32.883    36.508    70.000     0.007      93      28    16.0    38.0
   105.547    32.872    36.508    70.000     0.023      97       7    18.0    38.0
   105.531    32.860    36.508    70.000     0.030      96       7    20.0    38.0
   105.514    32.849    36.508    70.000     0.020      96       5    22.0    38.0
   105.498    32.837    36.508    70.000     0.027     100      24    24.0    38.0
   105.481    32.826    36.508    70.000     0.027      40      30    26.0    38.0
   105.465    32.814    36.508    70.000     0.015      40      28    28.0    38.0
   105.448    32.803    36.508    70.000     0.007      76      34    30.0    38.0
   105.432    32.791    36.508    70.000     0.010      76      34    32.0    38.0
   105.416    32.780    36.508    70.000     0.005      37       6    34.0    38.0
   105.399    32.768    36.508    70.000     0.003      37       4    36.0    38.0
   105.383    32.757    36.508    70.000     0.003       9       3    38.0    38.0
   105.366    32.745    36.508    70.000     0.005      81       1    40.0    38.0
   105.350    32.734    36.508    70.000     0.007      79       2    42.0    38.0
   105.334    32.722    36.508    70.000     0.005      13      36    44.0    38.0
   105.317    32.711    36.508    70.000     0.012      52       2    46.0    38.0
   105.301    32.699    36.508    70.000     0.021      16      34    48.0    38.0
   105.284    32.687    36.508    70.000     0.031      14      33    50.0    38.0
   105.268    32.676    36.508    70.000     0.039      13      33    52.0    38.0
   105.252    32.664    36.508    70.000     0.022      13      33    54.0    38.0
   105.235    32.653    36.508    70.000     0.020      12      29    56.0    38.0
   105.219    32.641    36.508    70.000     0.014      47       8    58.0    38.0
   105.202    32.630    36.508    70.000     0.008      47      32    60.0    38.0
   105.186    32.618    36.508    70.000     0.012      44       3    62.0    38.0
   105.170    32.607    36.508    70.000     0.009      47       3    64.0    38.0
   105.153    32.595    36.508    70.000     0.010      73       2    66.0    38.0
   105.137    32.584    36.508    70.000     0.017      72       3    68.0    38.0
   105.121    32.572    36.508    70.000     0.020      73       2    70.0    38.0
   105.104    32.560    36.508    70.000     0.009      72       3    72.0    38.0
   105.088    32.549    36.508    70.000     0.010      10       2    74.0    38.0
   105.072    32.537    36.508    70.000     0.013      10       2    76.0    38.0
   105.055    32.526    36.508    70.000     0.015      53      25    78.0    38.0
   105.039    32.514    36.508    70.000     0.013      84       3    80.0    38.0
   105.023    32.503    36.508    70.000     0.015      83       3    82.0    38.0
   105.006    32.491    36.508    70.000     0.027      53       6    84.0    38.0
   104.990    32.479    36.508    70.000     0.049      54       5    86.0    38.0
   104.974    32.468    36.508    70.000     0.053      54       5    88.0    38.0
   104.957    32.456    36.508    70.000     0.029      53       4    90.0    38.0
   104.941    32.445    36.508    70.000     0.012      44      31    92.0    38.0
   104.925    32.433    36.508    70.000     0.012      48       6    94.0    38.0
   104.908    32.422    36.508    70.000     0.059      45       7    96.0    38.0
   104.892    32.410    36.508    70.000     0.056      45       8    98.0    38.0
   104.876    32.398    36.508    70.000     0.029      44       6   100.0    38.0
   104.860    32.387    36.508    70.000     0.013      10      37   102.0    38.0
   104.843    32.375    36.508    70.000     0.023      85      33   104.0    38.0
   104.827    32.364    36.508    70.000     0.054      84      34   106.0    38.0
   104.811    32.352    36.508    70.000     0.070      84      34   108.0    38.0
   104.795    32.340    36.508    70.000     0.055      82      36   110.0    38.0
   104.778    32.329    36.508    70.000     0.021      52      33   112.0    38.0
   105.700    32.970    34.629    70.000     0.024      51      31     0.0    36.0
   105.684    32.959    34.629    70.000     0.015      51      33     2.0    36.0
   105.667    32.947    34.629    70.000     0.009      55      37     4.0    36.0
   105.651    32.936    34.629    70.000     0.012      56      37     6.0    36.0
   105.634    32.924    34.629    70.000     0.013      16      33     8.0    36.0
   105.618    32.913    34.629    70.000     0.014      20      37    10.0    36.0
   105.601    32.901    34.629    70.000     0.025      22      37    12.0    36.0
   105.585    32.890    34.629    70.000     0.038      10       3    14.0    36.0
   105.568    32.879    34.629    70.000     0.021      33       1    16.0    36.0
   105.552    32.867    34.629    70.000     0.020      35       1    18.0    36.0
   105.535    32.856    34.629    70.000     0.012      49      36    20.0    36.0
   105.519    32.844    34.629    70.000     0.015       7      34    22.0    36.0
   105.502    32.832    34.629    70.000     0.018       9      36    24.0    36.0
   105.486    32.821    34.629    70.000     0.023      11      36    26.0    36.0
   105.470    32.809    34.629    70.000     0.023      11      36    28.0    36.0
   105.453    32.798    34.629    70.000     0.007      10      35    30.0    36.0
   105.437    32.786    34.629    70.000     0.008      81      28    32.0    36.0
   105.420    32.775    34.629    70.000     0.021      83      26    34.0    36.0
   105.404    32.763    34.629    70.000     0.008      85      11    36.0    36.0
   105.387    32.752    34.629    70.000     0.016      12       2    38.0    36.0
   105.371    32.740    34.629    70.000     0.015      12       2    40.0    36.0
   105.355    32.729    34.629    70.000     0.016     100      37    42.0    36.0
   105.338    32.717    34.629    70.000     0.024     100      37    44.0    36.0
   105.322    32.706    34.629    70.000     0.021      88       1    46.0    36.0
   105.305    32.694    34.629    70.000     0.010      88       1    48.0    36.0
   105.289    32.683    34.629    70.000     0.007      20      36    50.0    36.0
   105.273    32.671    34.629    70.000     0.032      45      22    52.0    36.0
   105.256    32.660    34.629    70.000     0.020      20      35    54.0    36.0
   105.240    32.648    34.629    70.000     0.020      21      33    56.0    36.0
   105.223    32.637    34.629    70.000     0.015      46      28    58.0    36.0
   105.207    32.625    34.629    70.000     0.011      46      33    60.0    36.0
   105.191    32.613    34.629    70.000     0.008      48      33    62.0    36.0
   105.174    32.602    34.629    70.000     0.010      47      34    64.0    36.0
   105.158    32.590    34.629    70.000     0.007      53       3    66.0    36.0
   105.142    32.579    34.629    70.000     0.007      81       1    68.0    36.0
   105.125    32.567    34.629    70.000     0.020      49       3    70.0    36.0
   105.109    32.556    34.629    70.000     0.013      49       3    72.0    36.0
   105.093    32.544    34.629    70.000     0.010      81       1    74.0    36.0
   105.076    32.533    34.629    70.000     0.014      49       4    76.0    36.0
   105.060    32.521    34.629    70.000     0.015      49      10    78.0    36.0
   105.044    32.509    34.629    70.000     0.016      84       1    80.0    36.0
   105.027    32.498    34.629    70.000     0.028      84       1    82.0    36.0
   105.011    32.486    34.629    70.000     0.033      85       1    84.0    36.0
   104.995    32.475    34.629    70.000     0.055      89       2    86.0    36.0
   104.978    32.463    34.629    70.000     0.057      89       2    88.0    36.0
   104.962    32.452    34.629    70.000     0.034      90       2    90.0    36.0
   104.946    32.440    34.629    70.000     0.023      99      37    92.0    36.0
   104.929    32.428    34.629    70.000     0.014      17      33    94.0    36.0
   104.913    32.417    34.629    70.000     0.019      19      33    96.0    36.0
   104.897    32.405    34.629    70.000     0.028      42      36    98.0    36.0
   104.881    32.394    34.629    70.000     0.026      45      36   100.0    36.0
   104.864    32.382    34.629    70.000     0.024      58       1   102.0    36.0
   104.848    32.370    34.629    70.000     0.021      47      36   104.0    36.0
   104.832    32.359    34.629    70.000     0.045      34       1   106.0    36.0
   104.815    32.347    34.629    70.000     0.062      36       1   108.0    36.0
   104.799    32.336    34.629    70.000     0.084      36       1   110.0    36.0
   104.783    32.324    34.629    70.000     0.083      36       1   112.0    36.0
   105.705    32.966    32.750    70.000     0.013      82      22     0.0    34.0
   105.688    32.954    32.750    70.000     0.024      82      15     2.0    34.0
   105.672    32.943    32.750    70.000     0.031      83      13     4.0    34.0
   105.655    32.931    32.750    70.000     0.020      82       8     6.0    34.0
   105.639    32.920    32.750    70.000     0.012      55      35     8.0    34.0
   105.622    32.908    32.750    70.000     0.016      12      32    10.0    34.0
   105.606    32.897    32.750    70.000     0.029      17      34    12.0    34.0
   105.589    32.885    32.750    70.000     0.040      15      33    14.0    34.0
   105.573    32.874    32.750    70.000     0.049      18      32    16.0    34.0
   105.556    32.862    32.750    70.000     0.048      19      32    18.0    34.0
   105.540    32.851    32.750    70.000     0.037      85      32    20.0    34.0
   105.524    32.839    32.750    70.000     0.032      85      30    22.0    34.0
   105.507    32.828    32.750    70.000     0.018      57      30    24.0    34.0
   105.491    32.816    32.750    70.000     0.016      56      31    26.0    34.0
   105.474    32.805    32.750    70.000     0.018      54       7    28.0    34.0
   105.458    32.793    32.750    70.000     0.013      53       2    30.0    34.0
   105.441    32.782    32.750    70.000     0.026      54       4    32.0    34.0
   105.425    32.770    32.750    70.000     0.030      55       2    34.0    34.0
   105.408    32.759    32.750    70.000     0.035      55       2    36.0    34.0
   105.392    32.747    32.750    70.000     0.022      55       3    38.0    34.0
   105.376    32.736    32.750    70.000     0.011      90      12    40.0    34.0
   105.359    32.724    32.750    70.000     0.007      10       6    42.0    34.0
   105.343    32.713    32.750    70.000     0.013      10       8    44.0    34.0
   105.326    32.701    32.750    70.000     0.022      11       8    46.0    34.0
   105.310    32.690    32.750    70.000     0.030      12       8    48.0    34.0
   105.294    32.678    32.750    70.000     0.037      13       8    50.0    34.0
   105.277    32.666    32.750    70.000     0.020      13       9    52.0    34.0
   105.261    32.655    32.750    70.000     0.012      85      34    54.0    34.0
   105.245    32.643    32.750    70.000     0.016      84      18    56.0    34.0
   105.228    32.632    32.750    70.000     0.007      88      33    58.0    34.0
   105.212    32.620    32.750    70.000     0.009      62       3    60.0    34.0
   105.195    32.609    32.750    70.000     0.020      60       3    62.0    34.0
   105.179    32.597    32.750    70.000     0.027      59       3    64.0    34.0
   105.163    32.586    32.750    70.000     0.026      59       3    66.0    34.0
   105.146    32.574    32.750    70.000     0.030      91       1    68.0    34.0
   105.130    32.562    32.750    70.000     0.026      89       1    70.0    34.0
   105.114    32.551    32.750    70.000     0.009      95       1    72.0    34.0
   105.097    32.539    32.750    70.000     0.007      88       8    74.0    34.0
   105.081    32.528    32.750    70.000     0.009      21      14    76.0    34.0
   105.065    32.516    32.750    70.000     0.014      23       5    78.0    34.0
   105.048    32.505    32.750    70.000     0.024      22       8    80.0    34.0
   105.032    32.493    32.750    70.000     0.034      24       7    82.0    34.0
   105.016    32.482    32.750    70.000     0.021      24      11    84.0    34.0
   104.999    32.470    32.750    70.000     0.015      59      32    86.0    34.0
   104.983    32.458    32.750    70.000     0.023      59      32    88.0    34.0
   104.967    32.447    32.750    70.000     0.048      59      29    90.0    34.0
   104.950    32.435    32.750    70.000     0.055      57      35    92.0    34.0
   104.934    32.424    32.750    70.000     0.049      58      34    94.0    34.0
   104.918    32.412    32.750    70.000     0.027      55      35    96.0    34.0
   104.902    32.400    32.750    70.000     0.025      56      35    98.0    34.0
   104.885    32.389    32.750    70.000     0.021      59       8   100.0    34.0
   104.869    32.377    32.750    70.000     0.010      65       1   102.0    34.0
   104.853    32.366    32.750    70.000     0.008      23      36   104.0    34.0
   104.836    32.354    32.750    70.000     0.011      51       3   106.0    34.0
   104.820    32.343    32.750    70.000     0.019      51       3   108.0    34.0
   104.804    32.331    32.750    70.000     0.021      49       4   110.0    34.0
   104.788    32.319    32.750    70.000     0.045      19      10   112.0    34.0
   105.709    32.961    30.870    70.000     0.016      16      32     0.0    32.0
   105.693    32.949    30.870    70.000     0.008      42      28     2.0    32.0
   105.676    32.938    30.870    70.000     0.006      50      37     4.0    32.0
   105.660    32.926    30.870    70.000     0.007      51      37     6.0    32.0
   105.643    32.915    30.870    70.000     0.003      53      36     8.0    32.0
   105.627    32.903    30.870    70.000     0.004      19       6    10.0    32.0
   105.610    32.892    30.870    70.000     0.011      23       5    12.0    32.0
   105.594    32.880    30.870    70.000     0.016      16      29    14.0    32.0
   105.578    32.869    30.870    70.000     0.036      85      36    16.0    32.0
   105.561    32.858    30.870    70.000     0.048      20      30    18.0    32.0
   105.545    32.846    30.870    70.000     0.052      20      27    20.0    32.0
   105.528    32.835    30.870    70.000     0.041      21      24    22.0    32.0
   105.512    32.823    30.870    70.000     0.038      85       6    24.0    32.0
   105.495    32.811    30.870    70.000     0.041      85       6    26.0    32.0
   105.479    32.800    30.870    70.000     0.029      87       4    28.0    32.0
   105.462    32.788    30.870    70.000     0.032      85       4    30.0    32.0
   105.446    32.777    30.870    70.000     0.023      88       4    32.0    32.0
   105.430    32.765    30.870    70.000     0.013      89       4    34.0    32.0
   105.413    32.754    30.870    70.000     0.009      20      36    36.0    32.0
   105.397    32.742    30.870    70.000     0.015      18      36    38.0    32.0
   105.380    32.731    30.870    70.000     0.032      18      32    40.0    32.0
   105.364    32.719    30.870    70.000     0.024      20      36    42.0    32.0
   105.348    32.708    30.870    70.000     0.013      90      36    44.0    32.0
   105.331    32.696    30.870    70.000     0.022      92      35    46.0    32.0
   105.315    32.685    30.870    70.000     0.033      91      36    48.0    32.0
   105.298    32.673    30.870    70.000     0.029      92      36    50.0    32.0
   105.282    32.662    30.870    70.000     0.038      23       2    52.0    32.0
   105.266    32.650    30.870    70.000     0.027      21       2    54.0    32.0
   105.249    32.639    30.870    70.000     0.021      12      37    56.0    32.0
   105.233    32.627    30.870    70.000     0.017      90       2    58.0    32.0
   105.216    32.616    30.870    70.000     0.008      90       2    60.0    32.0
   105.200    32.604    30.870    70.000     0.008      98       2    62.0    32.0
   105.184    32.592    30.870    70.000     0.008      63       3    64.0    32.0
   105.167    32.581    30.870    70.000     0.015      63       3    66.0    32.0
   105.151    32.569    30.870    70.000     0.012      17       3    68.0    32.0
   105.135    32.558    30.870    70.000     0.020      17       3    70.0    32.0
   105.118    32.546    30.870    70.000     0.017      17       6    72.0    32.0
   105.102    32.535    30.870    70.000     0.014      17       8    74.0    32.0
   105.086    32.523    30.870    70.000     0.008      75       1    76.0    32.0
   105.069    32.512    30.870    70.000     0.010      77       1    78.0    32.0
   105.053    32.500    30.870    70.000     0.015      29       4    80.0    32.0
   105.037    32.488    30.870    70.000     0.025      95      37    82.0    32.0
   105.020    32.477    30.870    70.000     0.047      95      37    84.0    32.0
   105.004    32.465    30.870    70.000     0.053      95      37    86.0    32.0
   104.988    32.454    30.870    70.000     0.037       1       1    88.0    32.0
   104.971    32.442    30.870    70.000     0.027      64      21    90.0    32.0
   104.955    32.431    30.870    70.000     0.034       3       1    92.0    32.0
   104.939    32.419    30.870    70.000     0.049      59      32    94.0    32.0
   104.923    32.407    30.870    70.000     0.074      58      35    96.0    32.0
   104.906    32.396    30.870    70.000     0.066      60      34    98.0    32.0
   104.890    32.384    30.870    70.000     0.073      60      33   100.0    32.0
   104.874    32.373    30.870    70.000     0.030      59      32   102.0    32.0
   104.857    32.361    30.870    70.000     0.015      58      32   104.0    32.0
   104.841    32.349    30.870    70.000     0.032      58       5   106.0    32.0
   104.825    32.338    30.870    70.000     0.046      58       5   108.0    32.0
   104.809    32.326    30.870    70.000     0.039      57       5   110.0    32.0
   104.792    32.315    30.870    70.000     0.049      56       3   112.0    32.0
   105.714    32.956    28.991    70.000     0.014      25       6     0.0    30.0
   105.697    32.945    28.991    70.000     0.016      25       8     2.0    30.0
   105.681    32.933    28.991    70.000     0.012      26       7     4.0    30.0
   105.665    32.922    28.991    70.000     0.010      23      25     6.0    30.0
   105.648    32.910    28.991    70.000     0.010      54       1     8.0    30.0
   105.632    32.899    28.991    70.000     0.017      66      29    10.0    30.0
   105.615    32.887    28.991    70.000     0.029      19       2    12.0    30.0
   105.599    32.876    28.991    70.000     0.021      20       2    14.0    30.0
   105.582    32.864    28.991    70.000     0.012      57       7    16.0    30.0
   105.566    32.853    28.991    70.000     0.015      24       2    18.0    30.0
   105.549    32.841    28.991    70.000     0.018      24       2    20.0    30.0
   105.533    32.830    28.991    70.000     0.019      26       2    22.0    30.0
   105.516    32.818    28.991    70.000     0.025      93       3    24.0    30.0
   105.500    32.807    28.991    70.000     0.025      87      29    26.0    30.0
   105.484    32.795    28.991    70.000     0.017      86      29    28.0    30.0
   105.467    32.784    28.991    70.000     0.009      54      34    30.0    30.0
   105.451    32.772    28.991    70.000     0.010      55      35    32.0    30.0
   105.434    32.761    28.991    70.000     0.013      58      36    34.0    30.0
   105.418    32.749    28.991    70.000     0.013      57      36    36.0    30.0
   105.401    32.738    28.991    70.000     0.013      51      36    38.0    30.0
   105.385    32.726    28.991    70.000     0.011      53      36    40.0    30.0
   105.369    32.715    28.991    70.000     0.008      89      36    42.0    30.0
   105.352    32.703    28.991    70.000     0.007      33       2    44.0    30.0
   105.336    32.692    28.991    70.000     0.030      32       2    46.0    30.0
   105.319    32.680    28.991    70.000     0.022      33       2    48.0    30.0
   105.303    32.668    28.991    70.000     0.025      28      18    50.0    30.0
   105.287    32.657    28.991    70.000     0.027      29      22    52.0    30.0
   105.270    32.645    28.991    70.000     0.028      28      29    54.0    30.0
   105.254    32.634    28.991    70.000     0.019      27      29    56.0    30.0
   105.237    32.622    28.991    70.000     0.019      59      34    58.0    30.0
   105.221    32.611    28.991    70.000     0.016      60      34    60.0    30.0
   105.205    32.599    28.991    70.000     0.011      60      34    62.0    30.0
   105.188    32.588    28.991    70.000     0.008      60      34    64.0    30.0
   105.172    32.576    28.991    70.000     0.008      96      36    66.0    30.0
   105.156    32.565    28.991    70.000     0.014      92      36    68.0    30.0
   105.139    32.553    28.991    70.000     0.032      98      36    70.0    30.0
   105.123    32.541    28.991    70.000     0.034      99      36    72.0    30.0
   105.107    32.530    28.991    70.000     0.023      95      36    74.0    30.0
   105.090    32.518    28.991    70.000     0.015      93      36    76.0    30.0
   105.074    32.507    28.991    70.000     0.007      58      29    78.0    30.0
   105.058    32.495    28.991    70.000     0.010      65       2    80.0    30.0
   105.041    32.484    28.991    70.000     0.019      93       5    82.0    30.0
   105.025    32.472    28.991    70.000     0.055      96       6    84.0    30.0
   105.009    32.461    28.991    70.000     0.086      94       7    86.0    30.0
   104.992    32.449    28.991    70.000     0.036      93       9    88.0    30.0
   104.976    32.437    28.991    70.000     0.025      97      24    90.0    30.0
   104.960    32.426    28.991    70.000     0.026      95      24    92.0    30.0
   104.943    32.414    28.991    70.000     0.015      21      37    94.0    30.0
   104.927    32.403    28.991    70.000     0.009      10       1    96.0    30.0
   104.911    32.391    28.991    70.000     0.009      11       2    98.0    30.0
   104.895    32.379    28.991    70.000     0.006      99      36   100.0    30.0
   104.878    32.368    28.991    70.000     0.006      67       3   102.0    30.0
   104.862    32.356    28.991    70.000     0.013      97      36   104.0    30.0
   104.846    32.345    28.991    70.000     0.019      32      36   106.0    30.0
   104.829    32.333    28.991    70.000     0.018      95      32   108.0    30.0
   104.813    32.321    28.991    70.000     0.018      13       3   110.0    30.0
   104.797    32.310    28.991    70.000     0.017      59      20   112.0    30.0
   105.719    32.951    27.111    70.000     0.035      31      10     0.0    28.0
   105.702    32.940    27.111    70.000     0.029      31      10     2.0    28.0
   105.686    32.928    27.111    70.000     0.025      31      35     4.0    28.0
   105.669    32.917    27.111    70.000     0.028      32      35     6.0    28.0
   105.653    32.905    27.111    70.000     0.022      34      36     8.0    28.0
   105.636    32.894    27.111    70.000     0.020      25      10    10.0    28.0
   105.620    32.882    27.111    70.000     0.027      26      11    12.0    28.0
   105.603    32.871    27.111    70.000     0.027      67       5    14.0    28.0
   105.587    32.860    27.111    70.000     0.024      67      25    16.0    28.0
   105.570    32.848    27.111    70.000     0.032      67      34    18.0    28.0
   105.554    32.837    27.111    70.000     0.037      68      27    20.0    28.0
   105.537    32.825    27.111    70.000     0.021      68      33    22.0    28.0
   105.521    32.813    27.111    70.000     0.013      29       2    24.0    28.0
   105.505    32.802    27.111    70.000     0.014      63       5    26.0    28.0
   105.488    32.790    27.111    70.000     0.012      33       3    28.0    28.0
   105.472    32.779    27.111    70.000     0.013      36       3    30.0    28.0
   105.455    32.767    27.111    70.000     0.009      36       3    32.0    28.0
   105.439    32.756    27.111    70.000     0.012      63      36    34.0    28.0
   105.422    32.744    27.111    70.000     0.007      62      36    36.0    28.0
   105.406    32.733    27.111    70.000     0.008      60      34    38.0    28.0
   105.390    32.721    27.111    70.000     0.003      71      14    40.0    28.0
   105.373    32.710    27.111    70.000     0.002      24       1    42.0    28.0
   105.357    32.698    27.111    70.000     0.003      94       2    44.0    28.0
   105.340    32.687    27.111    70.000     0.008      65       8    46.0    28.0
   105.324    32.675    27.111    70.000     0.031      65       5    48.0    28.0
   105.308    32.664    27.111    70.000     0.024      67       8    50.0    28.0
   105.291    32.652    27.111    70.000     0.021      66      11    52.0    28.0
   105.275    32.641    27.111    70.000     0.029      65       9    54.0    28.0
   105.259    32.629    27.111    70.000     0.023      66       8    56.0    28.0
   105.242    32.618    27.111    70.000     0.015      63      34    58.0    28.0
   105.226    32.606    27.111    70.000     0.007      26      33    60.0    28.0
   105.209    32.595    27.111    70.000     0.008      29      34    62.0    28.0
   105.193    32.583    27.111    70.000     0.007      32      33    64.0    28.0
   105.177    32.571    27.111    70.000     0.007      66      35    66.0    28.0
   105.160    32.560    27.111    70.000     0.016     100      35    68.0    28.0
   105.144    32.548    27.111    70.000     0.009     100      34    70.0    28.0
   105.128    32.537    27.111    70.000     0.008      89       2    72.0    28.0
   105.111    32.525    27.111    70.000     0.006      88       2    74.0    28.0
   105.095    32.514    27.111    70.000     0.011      31       5    76.0    28.0
   105.079    32.502    27.111    70.000     0.018      29       3    78.0    28.0
   105.062    32.490    27.111    70.000     0.016      31       3    80.0    28.0
   105.046    32.479    27.111    70.000     0.019      36      29    82.0    28.0
   105.030    32.467    27.111    70.000     0.050      87      37    84.0    28.0
   105.013    32.456    27.111    70.000     0.053     100       2    86.0    28.0
   104.997    32.444    27.111    70.000     0.053     100       2    88.0    28.0
   104.981    32.433    27.111    70.000     0.029     100       2    90.0    28.0
   104.964    32.421    27.111    70.000     0.016      17       1    92.0    28.0
   104.948    32.409    27.111    70.000     0.053      18       1    94.0    28.0
   104.932    32.398    27.111    70.000     0.043      18       1    96.0    28.0
   104.916    32.386    27.111    70.000     0.015      31      36    98.0    28.0
   104.899    32.375    27.111    70.000     0.020      29      36   100.0    28.0
   104.883    32.363    27.111    70.000     0.043      28      37   102.0    28.0
   104.867    32.352    27.111    70.000     0.034      28      37   104.0    28.0
   104.850    32.340    27.111    70.000     0.025      16       1   106.0    28.0
   104.834    32.328    27.111    70.000     0.035      74       1   108.0    28.0
   104.818    32.317    27.111    70.000     0.034      75       1   110.0    28.0
   104.802    32.305    27.111    70.000     0.038      73       1   112.0    28.0
   105.723    32.947    25.232    70.000     0.030      64      23     0.0    26.0
   105.707    32.935    25.232    70.000     0.028      61      11     2.0    26.0
   105.690    32.924    25.232    70.000     0.015      61      25     4.0    26.0
   105.674    32.912    25.232    70.000     0.007      30      25     6.0    26.0
   105.657    32.901    25.232    70.000     0.017       9       1     8.0    26.0
   105.641    32.889    25.232    70.000     0.018      10       1    10.0    26.0
   105.624    32.878    25.232    70.000     0.018       9       1    12.0    26.0
   105.608    32.866    25.232    70.000     0.016      12       1    14.0    26.0
   105.592    32.855    25.232    70.000     0.018      67      34    16.0    26.0
   105.575    32.843    25.232    70.000     0.009      33       8    18.0    26.0
   105.559    32.832    25.232    70.000     0.015      67       7    20.0    26.0
   105.542    32.820    25.232    70.000     0.038      68       6    22.0    26.0
   105.526    32.809    25.232    70.000     0.045      68       5    24.0    26.0
   105.509    32.797    25.232    70.000     0.032      68       5    26.0    26.0
   105.493    32.786    25.232    70.000     0.015      69       8    28.0    26.0
   105.476    32.774    25.232    70.000     0.012      69       5    30.0    26.0
   105.460    32.763    25.232    70.000     0.008      69      33    32.0    26.0
   105.444    32.751    25.232    70.000     0.015      69      33    34.0    26.0
   105.427    32.740    25.232    70.000     0.006      70      33    36.0    26.0
   105.411    32.728    25.232    70.000     0.004      35       6    38.0    26.0
   105.394    32.717    25.232    70.000     0.004      36       8    40.0    26.0
   105.378    32.705    25.232    70.000     0.006      74      36    42.0    26.0
   105.362    32.694    25.232    70.000     0.009      37      36    44.0    26.0
   105.345    32.682    25.232    70.000     0.013      36      37    46.0    26.0
   105.329    32.671    25.232    70.000     0.010      38      34    48.0    26.0
   105.312    32.659    25.232    70.000     0.009      73      10    50.0    26.0
   105.296    32.647    25.232    70.000     0.012      71      34    52.0    26.0
   105.280    32.636    25.232    70.000     0.018      70      34    54.0    26.0
   105.263    32.624    25.232    70.000     0.017      71      34    56.0    26.0
   105.247    32.613    25.232    70.000     0.015      73       3    58.0    26.0
   105.230    32.601    25.232    70.000     0.012      72       3    60.0    26.0
   105.214    32.590    25.232    70.000     0.006      73       3    62.0    26.0
   105.198    32.578    25.232    70.000     0.006      24      34    64.0    26.0
   105.181    32.567    25.232    70.000     0.013      29      33    66.0    26.0
   105.165    32.555    25.232    70.000     0.032      29      33    68.0    26.0
   105.149    32.544    25.232    70.000     0.022      98       2    70.0    26.0
   105.132    32.532    25.232    70.000     0.028      99       2    72.0    26.0
   105.116    32.520    25.232    70.000     0.026      26      34    74.0    26.0
   105.100    32.509    25.232    70.000     0.043      25      34    76.0    26.0
   105.083    32.497    25.232    70.000     0.038      25      35    78.0    26.0
   105.067    32.486    25.232    70.000     0.038      73      25    80.0    26.0
   105.051    32.474    25.232    70.000     0.037      38       3    82.0    26.0
   105.034    32.463    25.232    70.000     0.016      99      25    84.0    26.0
   105.018    32.451    25.232    70.000     0.012      14      33    86.0    26.0
   105.002    32.439    25.232    70.000     0.021      37      36    88.0    26.0
   104.985    32.428    25.232    70.000     0.036      38      36    90.0    26.0
   104.969    32.416    25.232    70.000     0.045      38      35    92.0    26.0
   104.953    32.405    25.232    70.000     0.075      41      33    94.0    26.0
   104.937    32.393    25.232    70.000     0.095      41      33    96.0    26.0
   104.920    32.382    25.232    70.000     0.057      42      33    98.0    26.0
   104.904    32.370    25.232    70.000     0.037      39      33   100.0    26.0
   104.888    32.358    25.232    70.000     0.036      38      36   102.0    26.0
   104.871    32.347    25.232    70.000     0.018      68      36   104.0    26.0
   104.855    32.335    25.232    70.000     0.015      66      36   106.0    26.0
   104.839    32.324    25.232    70.000     0.015      65      34   108.0    26.0
   104.823    32.312    25.232    70.000     0.026      64      35   110.0    26.0
   104.806    32.300    25.232    70.000     0.059      67      34   112.0    26.0
   105.728    32.942    23.353    70.000     0.013      28      37     0.0    24.0
   105.711    32.930    23.353    70.000     0.027      30      36     2.0    24.0
   105.695    32.919    23.353    70.000     0.030      30      36     4.0    24.0
   105.678    32.907    23.353    70.000     0.036      27      37     6.0    24.0
   105.662    32.896    23.353    70.000     0.030      26      37     8.0    24.0
   105.646    32.884    23.353    70.000     0.018      28      37    10.0    24.0
   105.629    32.873    23.353    70.000     0.013      42       1    12.0    24.0
   105.613    32.861    23.353    70.000     0.010     100      35    14.0    24.0
   105.596    32.850    23.353    70.000     0.024      98      36    16.0    24.0
   105.580    32.839    23.353    70.000     0.011      99      36    18.0    24.0
   105.563    32.827    23.353    70.000     0.009      73       4    20.0    24.0
   105.547    32.816    23.353    70.000     0.018      68      34    22.0    24.0
   105.530    32.804    23.353    70.000     0.023      67      34    24.0    24.0
   105.514    32.792    23.353    70.000     0.032      66      34    26.0    24.0
   105.497    32.781    23.353    70.000     0.025      92      37    28.0    24.0
   105.481    32.769    23.353    70.000     0.014      69      33    30.0    24.0
   105.465    32.758    23.353    70.000     0.011      71      33    32.0    24.0
   105.448    32.746    23.353    70.000     0.005      70      33    34.0    24.0
   105.432    32.735    23.353    70.000     0.010      26      27    36.0    24.0
   105.415    32.723    23.353    70.000     0.018      25      24    38.0    24.0
   105.399    32.712    23.353    70.000     0.020      25      31    40.0    24.0
   105.383    32.700    23.353    70.000     0.009      26      30    42.0    24.0
   105.366    32.689    23.353    70.000     0.008      62      17    44.0    24.0
   105.350    32.677    23.353    70.000     0.014      63       3    46.0    24.0
   105.333    32.666    23.353    70.000     0.011      76      36    48.0    24.0
   105.317    32.654    23.353    70.000     0.010      77      25    50.0    24.0
   105.301    32.643    23.353    70.000     0.023      78      33    52.0    24.0
   105.284    32.631    23.353    70.000     0.018      78      33    54.0    24.0
   105.268    32.620    23.353    70.000     0.013       3       1    56.0    24.0
   105.251    32.608    23.353    70.000     0.019       5       1    58.0    24.0
   105.235    32.597    23.353    70.000     0.018       4       1    60.0    24.0
   105.219    32.585    23.353    70.000     0.016      42      33    62.0    24.0
   105.202    32.573    23.353    70.000     0.018      41      33    64.0    24.0
   105.186    32.562    23.353    70.000     0.022      38      33    66.0    24.0
   105.170    32.550    23.353    70.000     0.025      38      33    68.0    24.0
   105.153    32.539    23.353    70.000     0.022      39      32    70.0    24.0
   105.137    32.527    23.353    70.000     0.027      39      27    72.0    24.0
   105.121    32.516    23.353    70.000     0.025      38      31    74.0    24.0
   105.104    32.504    23.353    70.000     0.018      36      33    76.0    24.0
   105.088    32.493    23.353    70.000     0.029      71      28    78.0    24.0
   105.072    32.481    23.353    70.000     0.057      71      28    80.0    24.0
   105.055    32.469    23.353    70.000     0.084      73      19    82.0    24.0
   105.039    32.458    23.353    70.000     0.055      72      17    84.0    24.0
   105.023    32.446    23.353    70.000     0.037      77      10    86.0    24.0
   105.006    32.435    23.353    70.000     0.048      79       9    88.0    24.0
   104.990    32.423    23.353    70.000     0.080      78      12    90.0    24.0
   104.974    32.412    23.353    70.000     0.058      78      25    92.0    24.0
   104.957    32.400    23.353    70.000     0.029      76       6    94.0    24.0
   104.941    32.388    23.353    70.000     0.035      77       5    96.0    24.0
   104.925    32.377    23.353    70.000     0.024      77       4    98.0    24.0
   104.909    32.365    23.353    70.000     0.023      75      34   100.0    24.0
   104.892    32.354    23.353    70.000     0.032      56       1   102.0    24.0
   104.876    32.342    23.353    70.000     0.037      72      33   104.0    24.0
   104.860    32.330    23.353    70.000     0.052      74      35   106.0    24.0
   104.844    32.319    23.353    70.000     0.043      73      35   108.0    24.0
   104.827    32.307    23.353    70.000     0.026      78      36   110.0    24.0
   104.811    32.296    23.353    70.000     0.055      43       6   112.0    24.0
   105.733    32.937    21.473    70.000     0.015      69      36     0.0    22.0
   105.716    32.926    21.473    70.000     0.011      12      28     2.0    22.0
   105.700    32.914    21.473    70.000     0.009       8       2     4.0    22.0
   105.683    32.903    21.473    70.000     0.013      64      36     6.0    22.0
   105.667    32.891    21.473    70.000     0.027      61      37     8.0    22.0
   105.650    32.880    21.473    70.000     0.020      73       2    10.0    22.0
   105.634    32.868    21.473    70.000     0.014      71       4    12.0    22.0
   105.617    32.857    21.473    70.000     0.012      57      37    14.0    22.0
   105.601    32.845    21.473    70.000     0.015      78      28    16.0    22.0
   105.584    32.834    21.473    70.000     0.021      78      27    18.0    22.0
   105.568    32.822    21.473    70.000     0.026      76      30    20.0    22.0
   105.551    32.811    21.473    70.000     0.009       7       1    22.0    22.0
   105.535    32.799    21.473    70.000     0.007      79      30    24.0    22.0
   105.519    32.788    21.473    70.000     0.013      79      33    26.0    22.0
   105.502    32.776    21.473    70.000     0.009       6      36    28.0    22.0
   105.486    32.765    21.473    70.000     0.021       4      36    30.0    22.0
   105.469    32.753    21.473    70.000     0.015       5      36    32.0    22.0
   105.453    32.742    21.473    70.000     0.012      36      33    34.0    22.0
   105.436    32.730    21.473    70.000     0.012      71      32    36.0    22.0
   105.420    32.719    21.473    70.000     0.018      71      33    38.0    22.0
   105.404    32.707    21.473    70.000     0.018      70      32    40.0    22.0
   105.387    32.696    21.473    70.000     0.014      69      33    42.0    22.0
   105.371    32.684    21.473    70.000     0.018      72       4    44.0    22.0
   105.354    32.673    21.473    70.000     0.014      72       4    46.0    22.0
   105.338    32.661    21.473    70.000     0.014      71      12    48.0    22.0
   105.322    32.650    21.473    70.000     0.020      72      13    50.0    22.0
   105.305    32.638    21.473    70.000     0.019      74       8    52.0    22.0
   105.289    32.626    21.473    70.000     0.012      75      10    54.0    22.0
   105.273    32.615    21.473    70.000     0.007      74       9    56.0    22.0
   105.256    32.603    21.473    70.000     0.007      89       1    58.0    22.0
   105.240    32.592    21.473    70.000     0.003      78      36    60.0    22.0
   105.223    32.580    21.473    70.000     0.007      71       2    62.0    22.0
   105.207    32.569    21.473    70.000     0.010      46      35    64.0    22.0
   105.191    32.557    21.473    70.000     0.018      43      34    66.0    22.0
   105.174    32.546    21.473    70.000     0.025      46      35    68.0    22.0
   105.158    32.534    21.473    70.000     0.024      48      34    70.0    22.0
   105.142    32.523    21.473    70.000     0.009      40      33    72.0    22.0
   105.125    32.511    21.473    70.000     0.007       1       2    74.0    22.0
   105.109    32.499    21.473    70.000     0.014       3       2    76.0    22.0
   105.093    32.488    21.473    70.000     0.023       8       1    78.0    22.0
   105.076    32.476    21.473    70.000     0.033      79       3    80.0    22.0
   105.060    32.465    21.473    70.000     0.049      80       3    82.0    22.0
   105.044    32.453    21.473    70.000     0.024      80       3    84.0    22.0
   105.027    32.442    21.473    70.000     0.035      26      32    86.0    22.0
   105.011    32.430    21.473    70.000     0.043      83       3    88.0    22.0
   104.995    32.418    21.473    70.000     0.025      29      35    90.0    22.0
   104.978    32.407    21.473    70.000     0.021      28      34    92.0    22.0
   104.962    32.395    21.473    70.000     0.021      82      29    94.0    22.0
   104.946    32.384    21.473    70.000     0.019      83      36    96.0    22.0
   104.930    32.372    21.473    70.000     0.013      81      36    98.0    22.0
   104.913    32.361    21.473    70.000     0.011      79      36   100.0    22.0
   104.897    32.349    21.473    70.000     0.011       5      29   102.0    22.0
   104.881    32.337    21.473    70.000     0.033       6      27   104.0    22.0
   104.864    32.326    21.473    70.000     0.023       6      25   106.0    22.0
   104.848    32.314    21.473    70.000     0.022      82      36   108.0    22.0
   104.832    32.303    21.473    70.000     0.024      80      36   110.0    22.0
   104.816    32.291    21.473    70.000     0.049      84      36   112.0    22.0
   105.737    32.932    19.594    70.000     0.049      45      32     0.0    20.0
   105.721    32.921    19.594    70.000     0.041      45      34     2.0    20.0
   105.704    32.909    19.594    70.000     0.028      44      34     4.0    20.0
   105.688    32.898    19.594    70.000     0.028      78       3     6.0    20.0
   105.671    32.886    19.594    70.000     0.046      78       3     8.0    20.0
   105.655    32.875    19.594    70.000     0.051      80       3    10.0    20.0
   105.638    32.863    19.594    70.000     0.038      80       3    12.0    20.0
   105.622    32.852    19.594    70.000     0.024      80       4    14.0    20.0
   105.605    32.840    19.594    70.000     0.015      46      36    16.0    20.0
   105.589    32.829    19.594    70.000     0.011      48      35    18.0    20.0
   105.573    32.818    19.594    70.000     0.011      46      36    20.0    20.0
   105.556    32.806    19.594    70.000     0.013      79      35    22.0    20.0
   105.540    32.795    19.594    70.000     0.016      80      35    24.0    20.0
   105.523    32.783    19.594    70.000     0.015      79      35    26.0    20.0
   105.507    32.771    19.594    70.000     0.017      82      35    28.0    20.0
   105.490    32.760    19.594    70.000     0.008      83      36    30.0    20.0
   105.474    32.748    19.594    70.000     0.005       7      19    32.0    20.0
   105.458    32.737    19.594    70.000     0.007       7      23    34.0    20.0
   105.441    32.725    19.594    70.000     0.009       6      24    36.0    20.0
   105.425    32.714    19.594    70.000     0.004      39      33    38.0    20.0
   105.408    32.702    19.594    70.000     0.004       2       4    40.0    20.0
   105.392    32.691    19.594    70.000     0.007       6       2    42.0    20.0
   105.375    32.679    19.594    70.000     0.016      77       3    44.0    20.0
   105.359    32.668    19.594    70.000     0.030      80       2    46.0    20.0
   105.343    32.656    19.594    70.000     0.034      80       2    48.0    20.0
   105.326    32.645    19.594    70.000     0.038      93      37    50.0    20.0
   105.310    32.633    19.594    70.000     0.041      80       2    52.0    20.0
   105.294    32.622    19.594    70.000     0.023      79       2    54.0    20.0
   105.277    32.610    19.594    70.000     0.024      83       2    56.0    20.0
   105.261    32.599    19.594    70.000     0.020       7      31    58.0    20.0
   105.244    32.587    19.594    70.000     0.020       9      31    60.0    20.0
   105.228    32.576    19.594    70.000     0.023      11      34    62.0    20.0
   105.212    32.564    19.594    70.000     0.031      10      32    64.0    20.0
   105.195    32.552    19.594    70.000     0.019      10      32    66.0    20.0
   105.179    32.541    19.594    70.000     0.010      10       3    68.0    20.0
   105.163    32.529    19.594    70.000     0.024      10       3    70.0    20.0
   105.146    32.518    19.594    70.000     0.030      49      33    72.0    20.0
   105.130    32.506    19.594    70.000     0.044      49      32    74.0    20.0
   105.114    32.495    19.594    70.000     0.027      80      14    76.0    20.0
   105.097    32.483    19.594    70.000     0.021      80      20    78.0    20.0
   105.081    32.472    19.594    70.000     0.027       6       2    80.0    20.0
   105.065    32.460    19.594    70.000     0.020      88       5    82.0    20.0
   105.048    32.448    19.594    70.000     0.006      90       6    84.0    20.0
   105.032    32.437    19.594    70.000     0.014      93      12    86.0    20.0
   105.016    32.425    19.594    70.000     0.022      70      33    88.0    20.0
   104.999    32.414    19.594    70.000     0.030      52       1    90.0    20.0
   104.983    32.402    19.594    70.000     0.026      53       1    92.0    20.0
   104.967    32.391    19.594    70.000     0.013      53       1    94.0    20.0
   104.951    32.379    19.594    70.000     0.005      54       1    96.0    20.0
   104.934    32.367    19.594    70.000     0.005      75      31    98.0    20.0
   104.918    32.356    19.594    70.000     0.006      24       1   100.0    20.0
   104.902    32.344    19.594    70.000     0.009      73       2   102.0    20.0
   104.885    32.333    19.594    70.000     0.015      75       2   104.0    20.0
   104.869    32.321    19.594    70.000     0.013      73       3   106.0    20.0
   104.853    32.309    19.594    70.000     0.028      40      11   108.0    20.0
   104.837    32.298    19.594    70.000     0.020      41      15   110.0    20.0
   104.820    32.286    19.594    70.000     0.015      14      34   112.0    20.0
   105.742    32.928    17.714    70.000     0.057      82      12     0.0    18.0
   105.725    32.916    17.714    70.000     0.052      80      12     2.0    18.0
   105.709    32.905    17.714    70.000     0.049      78      32     4.0    18.0
   105.692    32.893    17.714    70.000     0.058      79      31     6.0    18.0
   105.676    32.882    17.714    70.000     0.057      77      31     8.0    18.0
   105.660    32.870    17.714    70.000     0.028      79      35    10.0    18.0
   105.643    32.859    17.714    70.000     0.016      82      35    12.0    18.0
   105.627    32.847    17.714    70.000     0.022      83      35    14.0    18.0
   105.610    32.836    17.714    70.000     0.031       7      37    16.0    18.0
   105.594    32.824    17.714    70.000     0.022       8      37    18.0    18.0
   105.577    32.813    17.714    70.000     0.008      10      37    20.0    18.0
   105.561    32.801    17.714    70.000     0.012      80       6    22.0    18.0
   105.544    32.790    17.714    70.000     0.021      46      35    24.0    18.0
   105.528    32.778    17.714    70.000     0.030      17      35    26.0    18.0
   105.511    32.767    17.714    70.000     0.048      18      35    28.0    18.0
   105.495    32.755    17.714    70.000     0.025      51      32    30.0    18.0
   105.479    32.744    17.714    70.000     0.022      51      32    32.0    18.0
   105.462    32.732    17.714    70.000     0.022      79      33    34.0    18.0
   105.446    32.721    17.714    70.000     0.036      15       3    36.0    18.0
   105.429    32.709    17.714    70.000     0.025      15       2    38.0    18.0
   105.413    32.698    17.714    70.000     0.018      17       2    40.0    18.0
   105.397    32.686    17.714    70.000     0.013      82       6    42.0    18.0
   105.380    32.675    17.714    70.000     0.012      82       7    44.0    18.0
   105.364    32.663    17.714    70.000     0.020      88       6    46.0    18.0
   105.347    32.652    17.714    70.000     0.045      87       7    48.0    18.0
   105.331    32.640    17.714    70.000     0.047      85      17    50.0    18.0
   105.315    32.629    17.714    70.000     0.083      88      18    52.0    18.0
   105.298    32.617    17.714    70.000     0.056      87      18    54.0    18.0
   105.282    32.605    17.714    70.000     0.041      90      13    56.0    18.0
   105.265    32.594    17.714    70.000     0.030      21      35    58.0    18.0
   105.249    32.582    17.714    70.000     0.029      21      35    60.0    18.0
   105.233    32.571    17.714    70.000     0.008      20      35    62.0    18.0
   105.216    32.559    17.714    70.000     0.010      88       2    64.0    18.0
   105.200    32.548    17.714    70.000     0.010      47       6    66.0    18.0
   105.184    32.536    17.714    70.000     0.024      48       3    68.0    18.0
   105.167    32.525    17.714    70.000     0.028      50       3    70.0    18.0
   105.151    32.513    17.714    70.000     0.028      20       3    72.0    18.0
   105.135    32.502    17.714    70.000     0.034      22       3    74.0    18.0
   105.118    32.490    17.714    70.000     0.055      21       3    76.0    18.0
   105.102    32.478    17.714    70.000     0.040      20       3    78.0    18.0
   105.086    32.467    17.714    70.000     0.047      20       4    80.0    18.0
   105.069    32.455    17.714    70.000     0.031      21       4    82.0    18.0
   105.053    32.444    17.714    70.000     0.036      21       5    84.0    18.0
   105.037    32.432    17.714    70.000     0.021      17      15    86.0    18.0
   105.020    32.421    17.714    70.000     0.024      17      34    88.0    18.0
   105.004    32.409    17.714    70.000     0.019      17      22    90.0    18.0
   104.988    32.397    17.714    70.000     0.017      82       2    92.0    18.0
   104.971    32.386    17.714    70.000     0.014      81       2    94.0    18.0
   104.955    32.374    17.714    70.000     0.023      61       5    96.0    18.0
   104.939    32.363    17.714    70.000     0.015      61       5    98.0    18.0
   104.923    32.351    17.714    70.000     0.031      50      36   100.0    18.0
   104.906    32.339    17.714    70.000     0.024      52      36   102.0    18.0
   104.890    32.328    17.714    70.000     0.012      53      36   104.0    18.0
   104.874    32.316    17.714    70.000     0.010      24      33   106.0    18.0
   104.858    32.305    17.714    70.000     0.017      49       8   108.0    18.0
   104.841    32.293    17.714    70.000     0.034      51       7   110.0    18.0
   104.825    32.282    17.714    70.000     0.040      50      13   112.0    18.0
   105.747    32.923    15.835    70.000     0.053      20       6     0.0    16.0
   105.730    32.911    15.835    70.000     0.057      21       6     2.0    16.0
   105.714    32.900    15.835    70.000     0.029      21       6     4.0    16.0
   105.697    32.888    15.835    70.000     0.024      26       3     6.0    16.0
   105.681    32.877    15.835    70.000     0.031      43      36     8.0    16.0
   105.664    32.865    15.835    70.000     0.036      45      37    10.0    16.0
   105.648    32.854    15.835    70.000     0.016      43      36    12.0    16.0
   105.631    32.842    15.835    70.000     0.010      43      36    14.0    16.0
   105.615    32.831    15.835    70.000     0.007      90      17    16.0    16.0
   105.598    32.819    15.835    70.000     0.011      93       8    18.0    16.0
   105.582    32.808    15.835    70.000     0.018      90       6    20.0    16.0
   105.565    32.797    15.835    70.000     0.020      87       5    22.0    16.0
   105.549    32.785    15.835    70.000     0.011      86       5    24.0    16.0
   105.533    32.774    15.835    70.000     0.010      94       1    26.0    16.0
   105.516    32.762    15.835    70.000     0.011      15      21    28.0    16.0
   105.500    32.750    15.835    70.000     0.009      14      23    30.0    16.0
   105.483    32.739    15.835    70.000     0.015      20      26    32.0    16.0
   105.467    32.727    15.835    70.000     0.009      84      37    34.0    16.0
   105.450    32.716    15.835    70.000     0.008      54      36    36.0    16.0
   105.434    32.704    15.835    70.000     0.018      82       7    38.0    16.0
   105.418    32.693    15.835    70.000     0.011      83      27    40.0    16.0
   105.401    32.681    15.835    70.000     0.014      87       7    42.0    16.0
   105.385    32.670    15.835    70.000     0.026      87       7    44.0    16.0
   105.368    32.658    15.835    70.000     0.011      12      37    46.0    16.0
   105.352    32.647    15.835    70.000     0.019      54      12    48.0    16.0
   105.336    32.635    15.835    70.000     0.035      56      18    50.0    16.0
   105.319    32.624    15.835    70.000     0.040      54      32    52.0    16.0
   105.303    32.612    15.835    70.000     0.049      55      31    54.0    16.0
   105.287    32.601    15.835    70.000     0.031      57      32    56.0    16.0
   105.270    32.589    15.835    70.000     0.042      91      32    58.0    16.0
   105.254    32.578    15.835    70.000     0.023      91      33    60.0    16.0
   105.237    32.566    15.835    70.000     0.016      87      36    62.0    16.0
   105.221    32.555    15.835    70.000     0.012      27      32    64.0    16.0
   105.205    32.543    15.835    70.000     0.019      59       3    66.0    16.0
   105.188    32.531    15.835    70.000     0.012      57       3    68.0    16.0
   105.172    32.520    15.835    70.000     0.039      56       3    70.0    16.0
   105.156    32.508    15.835    70.000     0.048      56       3    72.0    16.0
   105.139    32.497    15.835    70.000     0.069      56       3    74.0    16.0
   105.123    32.485    15.835    70.000     0.068      58       3    76.0    16.0
   105.107    32.474    15.835    70.000     0.126      59       3    78.0    16.0
   105.090    32.462    15.835    70.000     0.055      58       3    80.0    16.0
   105.074    32.451    15.835    70.000     0.044      48      37    82.0    16.0
   105.058    32.439    15.835    70.000     0.030      49      37    84.0    16.0
   105.041    32.427    15.835    70.000     0.018      59      34    86.0    16.0
   105.025    32.416    15.835    70.000     0.048      60      33    88.0    16.0
   105.009    32.404    15.835    70.000     0.056      60      33    90.0    16.0
   104.992    32.393    15.835    70.000     0.045      57      34    92.0    16.0
   104.976    32.381    15.835    70.000     0.046      73       1    94.0    16.0
   104.960    32.370    15.835    70.000     0.029      86      37    96.0    16.0
   104.944    32.358    15.835    70.000     0.016      89      35    98.0    16.0
   104.927    32.346    15.835    70.000     0.018      14       3   100.0    16.0
   104.911    32.335    15.835    70.000     0.048      14       3   102.0    16.0
   104.895    32.323    15.835    70.000     0.035      13       2   104.0    16.0
   104.878    32.312    15.835    70.000     0.019      42       1   106.0    16.0
   104.862    32.300    15.835    70.000     0.019      55      10   108.0    16.0
   104.846    32.288    15.835    70.000     0.034      64      35   110.0    16.0
   104.830    32.277    15.835    70.000     0.056      58       6   112.0    16.0
   105.751    32.918    13.956    70.000     0.042      57       7     0.0    14.0
   105.735    32.907    13.956    70.000     0.068      58      17     2.0    14.0
   105.718    32.895    13.956    70.000     0.064      58      21     4.0    14.0
   105.702    32.884    13.956    70.000     0.049      58      18     6.0    14.0
   105.685    32.872    13.956    70.000     0.015      57      26     8.0    14.0
   105.669    32.861    13.956    70.000     0.024      59       4    10.0    14.0
   105.652    32.849    13.956    70.000     0.023      58       4    12.0    14.0
   105.636    32.838    13.956    70.000     0.022      59       4    14.0    14.0
   105.619    32.826    13.956    70.000     0.011      93      26    16.0    14.0
   105.603    32.815    13.956    70.000     0.018      94      11    18.0    14.0
   105.587    32.803    13.956    70.000     0.016      94      13    20.0    14.0
   105.570    32.792    13.956    70.000     0.020       3      32    22.0    14.0
   105.554    32.780    13.956    70.000     0.013       4      32    24.0    14.0
   105.537    32.769    13.956    70.000     0.014      52       3    26.0    14.0
   105.521    32.757    13.956    70.000     0.014      53       3    28.0    14.0
   105.504    32.746    13.956    70.000     0.013       4       4    30.0    14.0
   105.488    32.734    13.956    70.000     0.010       3       4    32.0    14.0
   105.472    32.723    13.956    70.000     0.009       5       3    34.0    14.0
   105.455    32.711    13.956    70.000     0.007      19      37    36.0    14.0
   105.439    32.700    13.956    70.000     0.008      21      36    38.0    14.0
   105.422    32.688    13.956    70.000     0.007      53      35    40.0    14.0
   105.406    32.677    13.956    70.000     0.005      30       1    42.0    14.0
   105.389    32.665    13.956    70.000     0.005      50      34    44.0    14.0
   105.373    32.654    13.956    70.000     0.009      60       2    46.0    14.0
   105.357    32.642    13.956    70.000     0.009      62       2    48.0    14.0
   105.340    32.631    13.956    70.000     0.006      64       2    50.0    14.0
   105.324    32.619    13.956    70.000     0.008      67       1    52.0    14.0
   105.308    32.607    13.956    70.000     0.006      23       1    54.0    14.0
   105.291    32.596    13.956    70.000     0.009      90      36    56.0    14.0
   105.275    32.584    13.956    70.000     0.023      89      36    58.0    14.0
   105.258    32.573    13.956    70.000     0.020      89      36    60.0    14.0
   105.242    32.561    13.956    70.000     0.016      93      35    62.0    14.0
   105.226    32.550    13.956    70.000     0.021      92      35    64.0    14.0
   105.209    32.538    13.956    70.000     0.020      93      32    66.0    14.0
   105.193    32.527    13.956    70.000     0.011      91       2    68.0    14.0
   105.177    32.515    13.956    70.000     0.026      91       2    70.0    14.0
   105.160    32.504    13.956    70.000     0.049      90       3    72.0    14.0
   105.144    32.492    13.956    70.000     0.068      92       3    74.0    14.0
   105.128    32.480    13.956    70.000     0.067      93       3    76.0    14.0
   105.111    32.469    13.956    70.000     0.021      92       3    78.0    14.0
   105.095    32.457    13.956    70.000     0.007      91       5    80.0    14.0
   105.079    32.446    13.956    70.000     0.015      11       2    82.0    14.0
   105.062    32.434    13.956    70.000     0.010      48      26    84.0    14.0
   105.046    32.423    13.956    70.000     0.013      48      28    86.0    14.0
   105.030    32.411    13.956    70.000     0.017      76      14    88.0    14.0
   105.013    32.400    13.956    70.000     0.022      77      11    90.0    14.0
   104.997    32.388    13.956    70.000     0.009     100      31    92.0    14.0
   104.981    32.376    13.956    70.000     0.011      60      36    94.0    14.0
   104.965    32.365    13.956    70.000     0.013      64      36    96.0    14.0
   104.948    32.353    13.956    70.000     0.016      64      36    98.0    14.0
   104.932    32.342    13.956    70.000     0.017      65      36   100.0    14.0
   104.916    32.330    13.956    70.000     0.025      65      36   102.0    14.0
   104.899    32.318    13.956    70.000     0.022      53       2   104.0    14.0
   104.883    32.307    13.956    70.000     0.015      54       2   106.0    14.0
   104.867    32.295    13.956    70.000     0.023      87       3   108.0    14.0
   104.851    32.284    13.956    70.000     0.027      88       4   110.0    14.0
   104.834    32.272    13.956    70.000     0.027      89       7   112.0    14.0
   105.756    32.913    12.076    70.000     0.102      63       5     0.0    12.0
   105.739    32.902    12.076    70.000     0.058      63       6     2.0    12.0
   105.723    32.890    12.076    70.000     0.060      64      17     4.0    12.0
   105.706    32.879    12.076    70.000     0.043      64      31     6.0    12.0
   105.690    32.867    12.076    70.000     0.042      64      32     8.0    12.0
   105.673    32.856    12.076    70.000     0.031      95       2    10.0    12.0
   105.657    32.844    12.076    70.000     0.019      92       3    12.0    12.0
   105.641    32.833    12.076    70.000     0.015      22       3    14.0    12.0
   105.624    32.821    12.076    70.000     0.007      63      36    16.0    12.0
   105.608    32.810    12.076    70.000     0.006      64      36    18.0    12.0
   105.591    32.799    12.076    70.000     0.011      56       5    20.0    12.0
   105.575    32.787    12.076    70.000     0.013      65      36    22.0    12.0
   105.558    32.776    12.076    70.000     0.030      98      36    24.0    12.0
   105.542    32.764    12.076    70.000     0.030      98      36    26.0    12.0
   105.525    32.752    12.076    70.000     0.024      99      36    28.0    12.0
   105.509    32.741    12.076    70.000     0.020      98      36    30.0    12.0
   105.493    32.729    12.076    70.000     0.016      95      36    32.0    12.0
   105.476    32.718    12.076    70.000     0.006      84       1    34.0    12.0
   105.460    32.706    12.076    70.000     0.004      67      18    36.0    12.0
   105.443    32.695    12.076    70.000     0.004      67      26    38.0    12.0
   105.427    32.683    12.076    70.000     0.004      67      21    40.0    12.0
   105.411    32.672    12.076    70.000     0.003      66       9    42.0    12.0
   105.394    32.660    12.076    70.000     0.004      65      28    44.0    12.0
   105.378    32.649    12.076    70.000     0.006       1      28    46.0    12.0
   105.361    32.637    12.076    70.000     0.009      43      37    48.0    12.0
   105.345    32.626    12.076    70.000     0.012      70      15    50.0    12.0
   105.329    32.614    12.076    70.000     0.022      73      22    52.0    12.0
   105.312    32.603    12.076    70.000     0.026      74      26    54.0    12.0
   105.296    32.591    12.076    70.000     0.024      76      28    56.0    12.0
   105.279    32.580    12.076    70.000     0.022      76      31    58.0    12.0
   105.263    32.568    12.076    70.000     0.018      79      31    60.0    12.0
   105.247    32.557    12.076    70.000     0.017      77      37    62.0    12.0
   105.230    32.545    12.076    70.000     0.019      58       6    64.0    12.0
   105.214    32.534    12.076    70.000     0.029      60       5    66.0    12.0
   105.198    32.522    12.076    70.000     0.020      58       5    68.0    12.0
   105.181    32.510    12.076    70.000     0.019      66      30    70.0    12.0
   105.165    32.499    12.076    70.000     0.034      64      30    72.0    12.0
   105.149    32.487    12.076    70.000     0.027      62      30    74.0    12.0
   105.132    32.476    12.076    70.000     0.023      62      31    76.0    12.0
   105.116    32.464    12.076    70.000     0.022      58      32    78.0    12.0
   105.100    32.453    12.076    70.000     0.030      89      35    80.0    12.0
   105.083    32.441    12.076    70.000     0.018      87      35    82.0    12.0
   105.067    32.429    12.076    70.000     0.020       4      11    84.0    12.0
   105.051    32.418    12.076    70.000     0.032       5      13    86.0    12.0
   105.034    32.406    12.076    70.000     0.046       5      18    88.0    12.0
   105.018    32.395    12.076    70.000     0.057       5      26    90.0    12.0
   105.002    32.383    12.076    70.000     0.036       4      19    92.0    12.0
   104.985    32.372    12.076    70.000     0.019      77      33    94.0    12.0
   104.969    32.360    12.076    70.000     0.019      77      32    96.0    12.0
   104.953    32.348    12.076    70.000     0.014      77      33    98.0    12.0
   104.937    32.337    12.076    70.000     0.011      87       2   100.0    12.0
   104.920    32.325    12.076    70.000     0.014     100      36   102.0    12.0
   104.904    32.314    12.076    70.000     0.020     100      36   104.0    12.0
   104.888    32.302    12.076    70.000     0.008      16      33   106.0    12.0
   104.872    32.291    12.076    70.000     0.005      20      37   108.0    12.0
   104.855    32.279    12.076    70.000     0.008     100       3   110.0    12.0
   104.839    32.267    12.076    70.000     0.006      99       4   112.0    12.0
   105.761    32.909    10.197    70.000     0.168      97       6     0.0    10.0
   105.744    32.897    10.197    70.000     0.130      97      22     2.0    10.0
   105.728    32.886    10.197    70.000     0.063      97      29     4.0    10.0
   105.711    32.874    10.197    70.000     0.037      97      26     6.0    10.0
   105.695    32.863    10.197    70.000     0.025      96      33     8.0    10.0
   105.678    32.851    10.197    70.000     0.017       5      29    10.0    10.0
   105.662    32.840    10.197    70.000     0.015       6      14    12.0    10.0
   105.645    32.828    10.197    70.000     0.010      63      36    14.0    10.0
   105.629    32.817    10.197    70.000     0.011      64      36    16.0    10.0
   105.612    32.805    10.197    70.000     0.009      65      36    18.0    10.0
   105.596    32.794    10.197    70.000     0.007      99       2    20.0    10.0
   105.579    32.782    10.197    70.000     0.008      97       2    22.0    10.0
   105.563    32.771    10.197    70.000     0.011      31      35    24.0    10.0
   105.547    32.759    10.197    70.000     0.014      66       5    26.0    10.0
   105.530    32.748    10.197    70.000     0.010      57      37    28.0    10.0
   105.514    32.736    10.197    70.000     0.022      49       1    30.0    10.0
   105.497    32.725    10.197    70.000     0.033      63      36    32.0    10.0
   105.481    32.713    10.197    70.000     0.034      62      36    34.0    10.0
   105.464    32.702    10.197    70.000     0.048      96      28    36.0    10.0
   105.448    32.690    10.197    70.000     0.055      97      29    38.0    10.0
   105.432    32.679    10.197    70.000     0.048      96       7    40.0    10.0
   105.415    32.667    10.197    70.000     0.031      99       4    42.0    10.0
   105.399    32.656    10.197    70.000     0.036      99       3    44.0    10.0
   105.382    32.644    10.197    70.000     0.033     100       3    46.0    10.0
   105.366    32.633    10.197    70.000     0.013     100      22    48.0    10.0
   105.350    32.621    10.197    70.000     0.012       1      35    50.0    10.0
   105.333    32.610    10.197    70.000     0.031       2      30    52.0    10.0
   105.317    32.598    10.197    70.000     0.046      64       5    54.0    10.0
   105.300    32.586    10.197    70.000     0.027      64       7    56.0    10.0
   105.284    32.575    10.197    70.000     0.018      65       3    58.0    10.0
   105.268    32.563    10.197    70.000     0.015      14       1    60.0    10.0
   105.251    32.552    10.197    70.000     0.014      69       2    62.0    10.0
   105.235    32.540    10.197    70.000     0.018      68       2    64.0    10.0
   105.219    32.529    10.197    70.000     0.011      69       2    66.0    10.0
   105.202    32.517    10.197    70.000     0.010       9       1    68.0    10.0
   105.186    32.506    10.197    70.000     0.023      72      29    70.0    10.0
   105.170    32.494    10.197    70.000     0.056      73      31    72.0    10.0
   105.153    32.483    10.197    70.000     0.054      72      30    74.0    10.0
   105.137    32.471    10.197    70.000     0.045      98      33    76.0    10.0
   105.121    32.459    10.197    70.000     0.056      98      34    78.0    10.0
   105.104    32.448    10.197    70.000     0.056      99      34    80.0    10.0
   105.088    32.436    10.197    70.000     0.027      99      33    82.0    10.0
   105.072    32.425    10.197    70.000     0.009      95      34    84.0    10.0
   105.055    32.413    10.197    70.000     0.012      65      13    86.0    10.0
   105.039    32.402    10.197    70.000     0.009      98       7    88.0    10.0
   105.023    32.390    10.197    70.000     0.012      56       1    90.0    10.0
   105.006    32.378    10.197    70.000     0.010     100       4    92.0    10.0
   104.990    32.367    10.197    70.000     0.007      59       1    94.0    10.0
   104.974    32.355    10.197    70.000     0.009      88      37    96.0    10.0
   104.958    32.344    10.197    70.000     0.015      16       1    98.0    10.0
   104.941    32.332    10.197    70.000     0.009      15       1   100.0    10.0
   104.925    32.321    10.197    70.000     0.006       4       6   102.0    10.0
   104.909    32.309    10.197    70.000     0.009      75       2   104.0    10.0
   104.892    32.297    10.197    70.000     0.012      75       2   106.0    10.0
   104.876    32.286    10.197    70.000     0.019      72      11   108.0    10.0
   104.860    32.274    10.197    70.000     0.075      71      10   110.0    10.0
   104.844    32.263    10.197    70.000     0.046      70       9   112.0    10.0
   105.765    32.904     8.318    70.000     0.031      14      33     0.0     8.0
   105.749    32.892     8.318    70.000     0.029      15      33     2.0     8.0
   105.732    32.881     8.318    70.000     0.025      15      31     4.0     8.0
   105.716    32.869     8.318    70.000     0.018       5       1     6.0     8.0
   105.699    32.858     8.318    70.000     0.018      42       3     8.0     8.0
   105.683    32.846     8.318    70.000     0.048      24      37    10.0     8.0
   105.666    32.835     8.318    70.000     0.047      40       2    12.0     8.0
   105.650    32.823     8.318    70.000     0.029      40       1    14.0     8.0
   105.633    32.812     8.318    70.000     0.021      29      37    16.0     8.0
   105.617    32.800     8.318    70.000     0.010      74       1    18.0     8.0
   105.601    32.789     8.318    70.000     0.014      74       1    20.0     8.0
   105.584    32.778     8.318    70.000     0.020      73       1    22.0     8.0
   105.568    32.766     8.318    70.000     0.012      73       1    24.0     8.0
   105.551    32.755     8.318    70.000     0.005      32       3    26.0     8.0
   105.535    32.743     8.318    70.000     0.013      34       3    28.0     8.0
   105.518    32.731     8.318    70.000     0.014      35       3    30.0     8.0
   105.502    32.720     8.318    70.000     0.011      77       1    32.0     8.0
   105.485    32.708     8.318    70.000     0.005      37      10    34.0     8.0
   105.469    32.697     8.318    70.000     0.011      34      36    36.0     8.0
   105.453    32.685     8.318    70.000     0.014      72      35    38.0     8.0
   105.436    32.674     8.318    70.000     0.007      71      22    40.0     8.0
   105.420    32.662     8.318    70.000     0.009      69      14    42.0     8.0
   105.403    32.651     8.318    70.000     0.011      69       6    44.0     8.0
   105.387    32.639     8.318    70.000     0.010      43       1    46.0     8.0
   105.371    32.628     8.318    70.000     0.016      61      33    48.0     8.0
   105.354    32.616     8.318    70.000     0.013      63      33    50.0     8.0
   105.338    32.605     8.318    70.000     0.020      64      34    52.0     8.0
   105.322    32.593     8.318    70.000     0.018      98      33    54.0     8.0
   105.305    32.582     8.318    70.000     0.033      98      27    56.0     8.0
   105.289    32.570     8.318    70.000     0.036      95      30    58.0     8.0
   105.272    32.559     8.318    70.000     0.033      98      30    60.0     8.0
   105.256    32.547     8.318    70.000     0.017      99       4    62.0     8.0
   105.240    32.536     8.318    70.000     0.044     100       3    64.0     8.0
   105.223    32.524     8.318    70.000     0.039     100       4    66.0     8.0
   105.207    32.512     8.318    70.000     0.038     100       4    68.0     8.0
   105.191    32.501     8.318    70.000     0.017     100       4    70.0     8.0
   105.174    32.489     8.318    70.000     0.028      72       2    72.0     8.0
   105.158    32.478     8.318    70.000     0.015      42       5    74.0     8.0
   105.142    32.466     8.318    70.000     0.027      76      30    76.0     8.0
   105.125    32.455     8.318    70.000     0.036      40       3    78.0     8.0
   105.109    32.443     8.318    70.000     0.044      40       1    80.0     8.0
   105.093    32.432     8.318    70.000     0.036      40       1    82.0     8.0
   105.076    32.420     8.318    70.000     0.026      40       1    84.0     8.0
   105.060    32.408     8.318    70.000     0.007      41       1    86.0     8.0
   105.044    32.397     8.318    70.000     0.008      98      37    88.0     8.0
   105.027    32.385     8.318    70.000     0.025      98      37    90.0     8.0
   105.011    32.374     8.318    70.000     0.062      29       2    92.0     8.0
   104.995    32.362     8.318    70.000     0.072      28       2    94.0     8.0
   104.979    32.351     8.318    70.000     0.028      26       2    96.0     8.0
   104.962    32.339     8.318    70.000     0.016      85      17    98.0     8.0
   104.946    32.327     8.318    70.000     0.006      99      37   100.0     8.0
   104.930    32.316     8.318    70.000     0.014      15       1   102.0     8.0
   104.913    32.304     8.318    70.000     0.015      28      32   104.0     8.0
   104.897    32.293     8.318    70.000     0.012      28      32   106.0     8.0
   104.881    32.281     8.318    70.000     0.011      27       3   108.0     8.0
   104.865    32.269     8.318    70.000     0.025      29       3   110.0     8.0
   104.848    32.258     8.318    70.000     0.040      30       3   112.0     8.0
   105.770    32.899     6.438    70.000     0.048      44       4     0.0     6.0
   105.753    32.888     6.438    70.000     0.111      78       8     2.0     6.0
   105.737    32.876     6.438    70.000     0.092      80       6     4.0     6.0
   105.720    32.865     6.438    70.000     0.095      80       6     6.0     6.0
   105.704    32.853     6.438    70.000     0.066      80       2     8.0     6.0
   105.687    32.842     6.438    70.000     0.040      78       5    10.0     6.0
   105.671    32.830     6.438    70.000     0.022      76       2    12.0     6.0
   105.655    32.819     6.438    70.000     0.020      75       2    14.0     6.0
   105.638    32.807     6.438    70.000     0.010      24      31    16.0     6.0
   105.622    32.796     6.438    70.000     0.013      23      34    18.0     6.0
   105.605    32.784     6.438    70.000     0.007      24      33    20.0     6.0
   105.589    32.773     6.438    70.000     0.019      46      34    22.0     6.0
   105.572    32.761     6.438    70.000     0.021      46      35    24.0     6.0
   105.556    32.750     6.438    70.000     0.008      24       5    26.0     6.0
   105.539    32.738     6.438    70.000     0.012      23       6    28.0     6.0
   105.523    32.727     6.438    70.000     0.014      76      36    30.0     6.0
   105.507    32.715     6.438    70.000     0.010      25       4    32.0     6.0
   105.490    32.704     6.438    70.000     0.011      23       5    34.0     6.0
   105.474    32.692     6.438    70.000     0.022      25       4    36.0     6.0
   105.457    32.681     6.438    70.000     0.017       1      35    38.0     6.0
   105.441    32.669     6.438    70.000     0.013      32      37    40.0     6.0
   105.425    32.658     6.438    70.000     0.023      95      37    42.0     6.0
   105.408    32.646     6.438    70.000     0.008      95      37    44.0     6.0
   105.392    32.635     6.438    70.000     0.006      81       1    46.0     6.0
   105.375    32.623     6.438    70.000     0.007      81       1    48.0     6.0
   105.359    32.612     6.438    70.000     0.005       4       2    50.0     6.0
   105.343    32.600     6.438    70.000     0.006      84       1    52.0     6.0
   105.326    32.589     6.438    70.000     0.011      84       1    54.0     6.0
   105.310    32.577     6.438    70.000     0.013      84       1    56.0     6.0
   105.293    32.565     6.438    70.000     0.011      37       5    58.0     6.0
   105.277    32.554     6.438    70.000     0.017      36       7    60.0     6.0
   105.261    32.542     6.438    70.000     0.029      36       3    62.0     6.0
   105.244    32.531     6.438    70.000     0.015      37       5    64.0     6.0
   105.228    32.519     6.438    70.000     0.013      42       4    66.0     6.0
   105.212    32.508     6.438    70.000     0.013      44       1    68.0     6.0
   105.195    32.496     6.438    70.000     0.014      68       5    70.0     6.0
   105.179    32.485     6.438    70.000     0.009      86      35    72.0     6.0
   105.163    32.473     6.438    70.000     0.007       3       3    74.0     6.0
   105.146    32.462     6.438    70.000     0.009       3       3    76.0     6.0
   105.130    32.450     6.438    70.000     0.016       3       3    78.0     6.0
   105.114    32.438     6.438    70.000     0.026      68      37    80.0     6.0
   105.097    32.427     6.438    70.000     0.037      68      37    82.0     6.0
   105.081    32.415     6.438    70.000     0.027      67      37    84.0     6.0
   105.065    32.404     6.438    70.000     0.026      82       1    86.0     6.0
   105.048    32.392     6.438    70.000     0.020      82       1    88.0     6.0
   105.032    32.381     6.438    70.000     0.023      49       1    90.0     6.0
   105.016    32.369     6.438    70.000     0.024      48       1    92.0     6.0
   104.999    32.357     6.438    70.000     0.011      20       1    94.0     6.0
   104.983    32.346     6.438    70.000     0.026      20       1    96.0     6.0
   104.967    32.334     6.438    70.000     0.026      71       2    98.0     6.0
   104.951    32.323     6.438    70.000     0.028      70       2   100.0     6.0
   104.934    32.311     6.438    70.000     0.047       1      35   102.0     6.0
   104.918    32.300     6.438    70.000     0.056       1      36   104.0     6.0
   104.902    32.288     6.438    70.000     0.057       1      36   106.0     6.0
   104.886    32.276     6.438    70.000     0.026      68       2   108.0     6.0
   104.869    32.265     6.438    70.000     0.034      33      24   110.0     6.0
   104.853    32.253     6.438    70.000     0.025      33      14   112.0     6.0
   105.774    32.894     4.559    70.000     0.030      85      24     0.0     4.0
   105.758    32.883     4.559    70.000     0.029      84      30     2.0     4.0
   105.742    32.871     4.559    70.000     0.031      85      31     4.0     4.0
   105.725    32.860     4.559    70.000     0.033      43      30     6.0     4.0
   105.709    32.848     4.559    70.000     0.040      44      30     8.0     4.0
   105.692    32.837     4.559    70.000     0.029      44      26    10.0     4.0
   105.676    32.825     4.559    70.000     0.019      43      30    12.0     4.0
   105.659    32.814     4.559    70.000     0.024      89       1    14.0     4.0
   105.643    32.802     4.559    70.000     0.010      13      37    16.0     4.0
   105.626    32.791     4.559    70.000     0.009       1       1    18.0     4.0
   105.610    32.779     4.559    70.000     0.004      79       6    20.0     4.0
   105.593    32.768     4.559    70.000     0.008      82       4    22.0     4.0
   105.577    32.757     4.559    70.000     0.010      10      37    24.0     4.0
   105.561    32.745     4.559    70.000     0.009      83       3    26.0     4.0
   105.544    32.734     4.559    70.000     0.016      82       3    28.0     4.0
   105.528    32.722     4.559    70.000     0.012      27       1    30.0     4.0
   105.511    32.710     4.559    70.000     0.022      64       1    32.0     4.0
   105.495    32.699     4.559    70.000     0.017      63       1    34.0     4.0
   105.478    32.687     4.559    70.000     0.029      45      37    36.0     4.0
   105.462    32.676     4.559    70.000     0.022      45      37    38.0     4.0
   105.446    32.664     4.559    70.000     0.022      84      25    40.0     4.0
   105.429    32.653     4.559    70.000     0.018       9       2    42.0     4.0
   105.413    32.641     4.559    70.000     0.015       9       2    44.0     4.0
   105.396    32.630     4.559    70.000     0.012      85      35    46.0     4.0
   105.380    32.618     4.559    70.000     0.014      85      35    48.0     4.0
   105.364    32.607     4.559    70.000     0.019      87      36    50.0     4.0
   105.347    32.595     4.559    70.000     0.019      87      36    52.0     4.0
   105.331    32.584     4.559    70.000     0.020      87      36    54.0     4.0
   105.314    32.572     4.559    70.000     0.019      87      36    56.0     4.0
   105.298    32.561     4.559    70.000     0.013      47       3    58.0     4.0
   105.282    32.549     4.559    70.000     0.008      48       2    60.0     4.0
   105.265    32.538     4.559    70.000     0.012      51       2    62.0     4.0
   105.249    32.526     4.559    70.000     0.011      53       2    64.0     4.0
   105.233    32.515     4.559    70.000     0.007      84      10    66.0     4.0
   105.216    32.503     4.559    70.000     0.018      87       9    68.0     4.0
   105.200    32.491     4.559    70.000     0.019      84      10    70.0     4.0
   105.184    32.480     4.559    70.000     0.011      85       9    72.0     4.0
   105.167    32.468     4.559    70.000     0.012      87      28    74.0     4.0
   105.151    32.457     4.559    70.000     0.009      14       4    76.0     4.0
   105.135    32.445     4.559    70.000     0.006      55      29    78.0     4.0
   105.118    32.434     4.559    70.000     0.003      96      32    80.0     4.0
   105.102    32.422     4.559    70.000     0.005      80      37    82.0     4.0
   105.086    32.411     4.559    70.000     0.007      23      10    84.0     4.0
   105.069    32.399     4.559    70.000     0.010      89       2    86.0     4.0
   105.053    32.387     4.559    70.000     0.011      51       6    88.0     4.0
   105.037    32.376     4.559    70.000     0.012      99       6    90.0     4.0
   105.020    32.364     4.559    70.000     0.018      97       1    92.0     4.0
   105.004    32.353     4.559    70.000     0.014      95       1    94.0     4.0
   104.988    32.341     4.559    70.000     0.007      14      32    96.0     4.0
   104.972    32.330     4.559    70.000     0.032      16      17    98.0     4.0
   104.955    32.318     4.559    70.000     0.067      15      31   100.0     4.0
   104.939    32.306     4.559    70.000     0.088      15      33   102.0     4.0
   104.923    32.295     4.559    70.000     0.086      14      32   104.0     4.0
   104.906    32.283     4.559    70.000     0.017      12      24   106.0     4.0
   104.890    32.272     4.559    70.000     0.005      45      37   108.0     4.0
   104.874    32.260     4.559    70.000     0.008      15       2   110.0     4.0
   104.858    32.248     4.559    70.000     0.024      14       2   112.0     4.0
   105.779    32.890     2.679    70.000     0.018      21      37     0.0     2.0
   105.763    32.878     2.679    70.000     0.012      60      34     2.0     2.0
   105.746    32.867     2.679    70.000     0.021      34      33     4.0     2.0
   105.730    32.855     2.679    70.000     0.030      60      35     6.0     2.0
   105.713    32.844     2.679    70.000     0.021      34      31     8.0     2.0
   105.697    32.832     2.679    70.000     0.017      88      37    10.0     2.0
   105.680    32.821     2.679    70.000     0.064      90      37    12.0     2.0
   105.664    32.809     2.679    70.000     0.057      92      37    14.0     2.0
   105.647    32.798     2.679    70.000     0.036      92      36    16.0     2.0
   105.631    32.786     2.679    70.000     0.012      56       2    18.0     2.0
   105.614    32.775     2.679    70.000     0.018      98      34    20.0     2.0
   105.598    32.763     2.679    70.000     0.008      98      34    22.0     2.0
   105.582    32.752     2.679    70.000     0.008      13       4    24.0     2.0
   105.565    32.740     2.679    70.000     0.009      12       4    26.0     2.0
   105.549    32.729     2.679    70.000     0.008      11       4    28.0     2.0
   105.532    32.717     2.679    70.000     0.014      14       4    30.0     2.0
   105.516    32.706     2.679    70.000     0.024      13       4    32.0     2.0
   105.499    32.694     2.679    70.000     0.028      14       4    34.0     2.0
   105.483    32.683     2.679    70.000     0.012      13       8    36.0     2.0
   105.467    32.671     2.679    70.000     0.010      61      36    38.0     2.0
   105.450    32.660     2.679    70.000     0.005      38      35    40.0     2.0
   105.434    32.648     2.679    70.000     0.010      13      36    42.0     2.0
   105.417    32.637     2.679    70.000     0.015      14      36    44.0     2.0
   105.401    32.625     2.679    70.000     0.024      14      36    46.0     2.0
   105.385    32.614     2.679    70.000     0.018       2       5    48.0     2.0
   105.368    32.602     2.679    70.000     0.009       3       8    50.0     2.0
   105.352    32.591     2.679    70.000     0.009      92       2    52.0     2.0
   105.336    32.579     2.679    70.000     0.016      67       2    54.0     2.0
   105.319    32.568     2.679    70.000     0.009      67       2    56.0     2.0
   105.303    32.556     2.679    70.000     0.014      93      17    58.0     2.0
   105.286    32.544     2.679    70.000     0.024      29      32    60.0     2.0
   105.270    32.533     2.679    70.000     0.020      93      17    62.0     2.0
   105.254    32.521     2.679    70.000     0.013      93       6    64.0     2.0
   105.237    32.510     2.679    70.000     0.007      94       5    66.0     2.0
   105.221    32.498     2.679    70.000     0.009      88      37    68.0     2.0
   105.205    32.487     2.679    70.000     0.010     100       8    70.0     2.0
   105.188    32.475     2.679    70.000     0.008      89      37    72.0     2.0
   105.172    32.464     2.679    70.000     0.004      99      17    74.0     2.0
   105.156    32.452     2.679    70.000     0.005      89      37    76.0     2.0
   105.139    32.441     2.679    70.000     0.004      99      30    78.0     2.0
   105.123    32.429     2.679    70.000     0.004      17      33    80.0     2.0
   105.107    32.417     2.679    70.000     0.016      43       6    82.0     2.0
   105.090    32.406     2.679    70.000     0.042      41       6    84.0     2.0
   105.074    32.394     2.679    70.000     0.054      44       9    86.0     2.0
   105.058    32.383     2.679    70.000     0.037      44      16    88.0     2.0
   105.041    32.371     2.679    70.000     0.013      45      19    90.0     2.0
   105.025    32.360     2.679    70.000     0.009      99      36    92.0     2.0
   105.009    32.348     2.679    70.000     0.009      28       6    94.0     2.0
   104.993    32.336     2.679    70.000     0.009      49       2    96.0     2.0
   104.976    32.325     2.679    70.000     0.010      29      17    98.0     2.0
   104.960    32.313     2.679    70.000     0.020      29      35   100.0     2.0
   104.944    32.302     2.679    70.000     0.013      59       8   102.0     2.0
   104.927    32.290     2.679    70.000     0.015      59       8   104.0     2.0
   104.911    32.278     2.679    70.000     0.017      52       3   106.0     2.0
   104.895    32.267     2.679    70.000     0.041      49      16   108.0     2.0
   104.879    32.255     2.679    70.000     0.080      51      10   110.0     2.0
   104.862    32.244     2.679    70.000     0.108      53      19   112.0     2.0
   105.784    32.885     0.800    70.000     0.030      72      31     0.0     0.0
   105.767    32.873     0.800    70.000     0.028      67       9     2.0     0.0
   105.751    32.862     0.800    70.000     0.029      66      11     4.0     0.0
   105.734    32.850     0.800    70.000     0.027      75      36     6.0     0.0
   105.718    32.839     0.800    70.000     0.022       1      35     8.0     0.0
   105.701    32.827     0.800    70.000     0.016       2      11    10.0     0.0
   105.685    32.816     0.800    70.000     0.048      97       2    12.0     0.0
   105.668    32.804     0.800    70.000     0.066      98       2    14.0     0.0
   105.652    32.793     0.800    70.000     0.079      99       2    16.0     0.0
   105.636    32.781     0.800    70.000     0.068      99       2    18.0     0.0
   105.619    32.770     0.800    70.000     0.039      99       2    20.0     0.0
   105.603    32.758     0.800    70.000     0.019      69      32    22.0     0.0
   105.586    32.747     0.800    70.000     0.021      97      35    24.0     0.0
   105.570    32.736     0.800    70.000     0.014      70      35    26.0     0.0
   105.553    32.724     0.800    70.000     0.020      71      36    28.0     0.0
   105.537    32.713     0.800    70.000     0.023      69      36    30.0     0.0
   105.521    32.701     0.800    70.000     0.018      73      36    32.0     0.0
   105.504    32.689     0.800    70.000     0.015      99      30    34.0     0.0
   105.488    32.678     0.800    70.000     0.015     100      36    36.0     0.0
   105.471    32.666     0.800    70.000     0.011      88       1    38.0     0.0
   105.455    32.655     0.800    70.000     0.008      73       3    40.0     0.0
   105.438    32.643     0.800    70.000     0.011      73       3    42.0     0.0
   105.422    32.632     0.800    70.000     0.008      17       4    44.0     0.0
   105.406    32.620     0.800    70.000     0.008      20       4    46.0     0.0
   105.389    32.609     0.800    70.000     0.008      19       4    48.0     0.0
   105.373    32.597     0.800    70.000     0.006      16       6    50.0     0.0
   105.357    32.586     0.800    70.000     0.010      74      32    52.0     0.0
   105.340    32.574     0.800    70.000     0.010      72      37    54.0     0.0
   105.324    32.563     0.800    70.000     0.011      74      36    56.0     0.0
   105.307    32.551     0.800    70.000     0.009      25       6    58.0     0.0
   105.291    32.540     0.800    70.000     0.009      31       6    60.0     0.0
   105.275    32.528     0.800    70.000     0.024      31       6    62.0     0.0
   105.258    32.517     0.800    70.000     0.022      30       6    64.0     0.0
   105.242    32.505     0.800    70.000     0.025      34       6    66.0     0.0
   105.226    32.494     0.800    70.000     0.011      34      34    68.0     0.0
   105.209    32.482     0.800    70.000     0.005      92       1    70.0     0.0
   105.193    32.470     0.800    70.000     0.004      83      37    72.0     0.0
   105.177    32.459     0.800    70.000     0.007      91       1    74.0     0.0
   105.160    32.447     0.800    70.000     0.005      30      36    76.0     0.0
   105.144    32.436     0.800    70.000     0.009      20       1    78.0     0.0
   105.128    32.424     0.800    70.000     0.008      30      36    80.0     0.0
   105.111    32.413     0.800    70.000     0.007      30      36    82.0     0.0
   105.095    32.401     0.800    70.000     0.003      31      36    84.0     0.0
   105.079    32.390     0.800    70.000     0.004      76       2    86.0     0.0
   105.062    32.378     0.800    70.000     0.005       6       2    88.0     0.0
   105.046    32.366     0.800    70.000     0.008       8       2    90.0     0.0
   105.030    32.355     0.800    70.000     0.005      22      36    92.0     0.0
   105.013    32.343     0.800    70.000     0.006      14       1    94.0     0.0
   104.997    32.332     0.800    70.000     0.007       1      37    96.0     0.0
   104.981    32.320     0.800    70.000     0.009       4      22    98.0     0.0
   104.965    32.309     0.800    70.000     0.009       6      37   100.0     0.0
   104.948    32.297     0.800    70.000     0.010       6      34   102.0     0.0
   104.932    32.285     0.800    70.000     0.013       9      37   104.0     0.0
   104.916    32.274     0.800    70.000     0.004       5      37   106.0     0.0
   104.900    32.262     0.800    70.000     0.006      15      11   108.0     0.0
   104.883    32.251     0.800    70.000     0.010      19      11   110.0     0.0
   104.867    32.239     0.800    70.000     0.005      16      13   112.0     0.0
