   104.700    32.381    33.161    54.000     0.027      78       4     0.0    40.0
   104.685    32.368    33.161    54.000     0.047      20      33     2.0    40.0
   104.670    32.355    33.161    54.000     0.038      21      34     4.0    40.0
   104.655    32.342    33.161    54.000     0.061      77      36     6.0    40.0
   104.641    32.329    33.161    54.000     0.063      79      35     8.0    40.0
   104.626    32.316    33.161    54.000     0.087      76      35    10.0    40.0
   104.611    32.303    33.161    54.000     0.086      74      35    12.0    40.0
   104.596    32.290    33.161    54.000     0.051      27       2    14.0    40.0
   104.581    32.278    33.161    54.000     0.038      27       2    16.0    40.0
   104.567    32.265    33.161    54.000     0.017      29       3    18.0    40.0
   104.552    32.252    33.161    54.000     0.008      28       3    20.0    40.0
   104.537    32.239    33.161    54.000     0.006     100      33    22.0    40.0
   104.522    32.226    33.161    54.000     0.010      82       8    24.0    40.0
   104.508    32.213    33.161    54.000     0.012      82      10    26.0    40.0
   104.493    32.200    33.161    54.000     0.022      78       3    28.0    40.0
   104.478    32.187    33.161    54.000     0.038      77       4    30.0    40.0
   104.463    32.174    33.161    54.000     0.056      75       2    32.0    40.0
   104.449    32.161    33.161    54.000     0.105      74       2    34.0    40.0
   104.434    32.148    33.161    54.000     0.072      73       2    36.0    40.0
   104.419    32.135    33.161    54.000     0.067      31      32    38.0    40.0
   104.404    32.122    33.161    54.000     0.030       4      26    40.0    40.0
   104.390    32.109    33.161    54.000     0.027      31      19    42.0    40.0
   104.375    32.096    33.161    54.000     0.032      72      19    44.0    40.0
   104.360    32.083    33.161    54.000     0.020      75      34    46.0    40.0
   104.346    32.070    33.161    54.000     0.014      30       6    48.0    40.0
   104.331    32.057    33.161    54.000     0.020      69      31    50.0    40.0
   104.316    32.044    33.161    54.000     0.012      31       6    52.0    40.0
   104.301    32.031    33.161    54.000     0.011      30       6    54.0    40.0
   104.287    32.018    33.161    54.000     0.014      30       4    56.0    40.0
   104.272    32.005    33.161    54.000     0.017      31       4    58.0    40.0
   104.257    31.992    33.161    54.000     0.022      95       1    60.0    40.0
   104.243    31.979    33.161    54.000     0.028       5      23    62.0    40.0
   104.228    31.966    33.161    54.000     0.020      92       1    64.0    40.0
   104.709    32.374    31.543    54.000     0.015      88      37     0.0    38.0
   104.694    32.361    31.543    54.000     0.021      75       1     2.0    38.0
   104.679    32.348    31.543    54.000     0.020      74       1     4.0    38.0
   104.664    32.335    31.543    54.000     0.019      28       1     6.0    38.0
   104.649    32.322    31.543    54.000     0.028      27       1     8.0    38.0
   104.635    32.309    31.543    54.000     0.016      95      12    10.0    38.0
   104.620    32.296    31.543    54.000     0.025      12      37    12.0    38.0
   104.605    32.283    31.543    54.000     0.030      42      37    14.0    38.0
   104.590    32.270    31.543    54.000     0.045     100      34    16.0    38.0
   104.576    32.257    31.543    54.000     0.059      99      34    18.0    38.0
   104.561    32.244    31.543    54.000     0.069     100      35    20.0    38.0
   104.546    32.231    31.543    54.000     0.049      98      35    22.0    38.0
   104.531    32.218    31.543    54.000     0.040      45      24    24.0    38.0
   104.517    32.205    31.543    54.000     0.031      76      12    26.0    38.0
   104.502    32.192    31.543    54.000     0.066      75       7    28.0    38.0
   104.487    32.179    31.543    54.000     0.055      74       3    30.0    38.0
   104.472    32.166    31.543    54.000     0.051      72       3    32.0    38.0
   104.458    32.154    31.543    54.000     0.067       9       9    34.0    38.0
   104.443    32.141    31.543    54.000     0.050       8       8    36.0    38.0
   104.428    32.128    31.543    54.000     0.088      97       1    38.0    38.0
   104.413    32.115    31.543    54.000     0.065      97       1    40.0    38.0
   104.399    32.102    31.543    54.000     0.027       5      33    42.0    38.0
   104.384    32.089    31.543    54.000     0.043      29      30    44.0    38.0
   104.369    32.076    31.543    54.000     0.035      29      33    46.0    38.0
   104.355    32.063    31.543    54.000     0.023      29      34    48.0    38.0
   104.340    32.050    31.543    54.000     0.014      32      32    50.0    38.0
   104.325    32.037    31.543    54.000     0.020      36       9    52.0    38.0
   104.310    32.024    31.543    54.000     0.042      33       7    54.0    38.0
   104.296    32.011    31.543    54.000     0.052      31       5    56.0    38.0
   104.281    31.998    31.543    54.000     0.062      30       4    58.0    38.0
   104.266    31.985    31.543    54.000     0.071       3       7    60.0    38.0
   104.252    31.972    31.543    54.000     0.075       1       5    62.0    38.0
   104.237    31.959    31.543    54.000     0.052       2       5    64.0    38.0
   104.718    32.366    29.925    54.000     0.049       8      34     0.0    36.0
   104.703    32.353    29.925    54.000     0.030      12      37     2.0    36.0
   104.688    32.340    29.925    54.000     0.061      26       1     4.0    36.0
   104.673    32.328    29.925    54.000     0.068      92      27     6.0    36.0
   104.658    32.315    29.925    54.000     0.074      89      28     8.0    36.0
   104.644    32.302    29.925    54.000     0.080      90      28    10.0    36.0
   104.629    32.289    29.925    54.000     0.032      91      28    12.0    36.0
   104.614    32.276    29.925    54.000     0.041      46      37    14.0    36.0
   104.599    32.263    29.925    54.000     0.060      50      37    16.0    36.0
   104.585    32.250    29.925    54.000     0.068      49      37    18.0    36.0
   104.570    32.237    29.925    54.000     0.056     100      37    20.0    36.0
   104.555    32.224    29.925    54.000     0.048     100      37    22.0    36.0
   104.540    32.211    29.925    54.000     0.062     100      37    24.0    36.0
   104.526    32.198    29.925    54.000     0.060      99      37    26.0    36.0
   104.511    32.185    29.925    54.000     0.063      15      25    28.0    36.0
   104.496    32.172    29.925    54.000     0.063      12      23    30.0    36.0
   104.481    32.159    29.925    54.000     0.053      10       5    32.0    36.0
   104.467    32.146    29.925    54.000     0.029       8       4    34.0    36.0
   104.452    32.133    29.925    54.000     0.017       5       2    36.0    36.0
   104.437    32.120    29.925    54.000     0.007      75      37    38.0    36.0
   104.422    32.107    29.925    54.000     0.005      87       7    40.0    36.0
   104.408    32.094    29.925    54.000     0.011       2      26    42.0    36.0
   104.393    32.081    29.925    54.000     0.030      35      32    44.0    36.0
   104.378    32.068    29.925    54.000     0.039       4      32    46.0    36.0
   104.364    32.055    29.925    54.000     0.017      33      27    48.0    36.0
   104.349    32.042    29.925    54.000     0.027       2      13    50.0    36.0
   104.334    32.029    29.925    54.000     0.016       6       9    52.0    36.0
   104.319    32.016    29.925    54.000     0.020       7      14    54.0    36.0
   104.305    32.003    29.925    54.000     0.016      77      37    56.0    36.0
   104.290    31.990    29.925    54.000     0.019      90       2    58.0    36.0
   104.275    31.977    29.925    54.000     0.029      48      37    60.0    36.0
   104.261    31.964    29.925    54.000     0.032      47      37    62.0    36.0
   104.246    31.951    29.925    54.000     0.025      47      28    64.0    36.0
   104.727    32.359    28.307    54.000     0.041      13      35     0.0    34.0
   104.712    32.346    28.307    54.000     0.030      11      34     2.0    34.0
   104.697    32.333    28.307    54.000     0.033      58      14     4.0    34.0
   104.682    32.320    28.307    54.000     0.025      57      11     6.0    34.0
   104.667    32.307    28.307    54.000     0.029      88      27     8.0    34.0
   104.653    32.294    28.307    54.000     0.036      87      24    10.0    34.0
   104.638    32.281    28.307    54.000     0.018      14      21    12.0    34.0
   104.623    32.268    28.307    54.000     0.020      90      29    14.0    34.0
   104.608    32.255    28.307    54.000     0.035      44       7    16.0    34.0
   104.594    32.242    28.307    54.000     0.029      88      36    18.0    34.0
   104.579    32.230    28.307    54.000     0.020      44       7    20.0    34.0
   104.564    32.217    28.307    54.000     0.045      19      34    22.0    34.0
   104.549    32.204    28.307    54.000     0.062      20      34    24.0    34.0
   104.534    32.191    28.307    54.000     0.078      20      34    26.0    34.0
   104.520    32.178    28.307    54.000     0.050      19      32    28.0    34.0
   104.505    32.165    28.307    54.000     0.056      50      35    30.0    34.0
   104.490    32.152    28.307    54.000     0.068      50      30    32.0    34.0
   104.476    32.139    28.307    54.000     0.066      60       1    34.0    34.0
   104.461    32.126    28.307    54.000     0.054      60       1    36.0    34.0
   104.446    32.113    28.307    54.000     0.031      52      11    38.0    34.0
   104.431    32.100    28.307    54.000     0.029      87      23    40.0    34.0
   104.417    32.087    28.307    54.000     0.033      84      20    42.0    34.0
   104.402    32.074    28.307    54.000     0.031      83      23    44.0    34.0
   104.387    32.061    28.307    54.000     0.023       5      13    46.0    34.0
   104.372    32.048    28.307    54.000     0.032       4      12    48.0    34.0
   104.358    32.035    28.307    54.000     0.045       3      15    50.0    34.0
   104.343    32.022    28.307    54.000     0.008       5      15    52.0    34.0
   104.328    32.009    28.307    54.000     0.003      15      34    54.0    34.0
   104.314    31.996    28.307    54.000     0.020      17      26    56.0    34.0
   104.299    31.983    28.307    54.000     0.097      16       7    58.0    34.0
   104.284    31.970    28.307    54.000     0.206      16       9    60.0    34.0
   104.270    31.957    28.307    54.000     0.234      16       6    62.0    34.0
   104.255    31.944    28.307    54.000     0.175      16       6    64.0    34.0
   104.736    32.352    26.689    54.000     0.028      58      12     0.0    32.0
   104.721    32.339    26.689    54.000     0.028      53      36     2.0    32.0
   104.706    32.326    26.689    54.000     0.015      52      36     4.0    32.0
   104.691    32.313    26.689    54.000     0.022      41       1     6.0    32.0
   104.676    32.300    26.689    54.000     0.029      29      37     8.0    32.0
   104.662    32.287    26.689    54.000     0.030      44       3    10.0    32.0
   104.647    32.274    26.689    54.000     0.030      89      37    12.0    32.0
   104.632    32.261    26.689    54.000     0.053      89      37    14.0    32.0
   104.617    32.248    26.689    54.000     0.069      89      36    16.0    32.0
   104.602    32.235    26.689    54.000     0.063      60      35    18.0    32.0
   104.588    32.222    26.689    54.000     0.037     100       1    20.0    32.0
   104.573    32.209    26.689    54.000     0.027      15       6    22.0    32.0
   104.558    32.196    26.689    54.000     0.027      97       1    24.0    32.0
   104.543    32.183    26.689    54.000     0.048      19      15    26.0    32.0
   104.529    32.170    26.689    54.000     0.040      20      17    28.0    32.0
   104.514    32.157    26.689    54.000     0.067      19       9    30.0    32.0
   104.499    32.144    26.689    54.000     0.039      18      35    32.0    32.0
   104.484    32.131    26.689    54.000     0.055      12      36    34.0    32.0
   104.470    32.118    26.689    54.000     0.126      13      35    36.0    32.0
   104.455    32.105    26.689    54.000     0.162      14      35    38.0    32.0
   104.440    32.093    26.689    54.000     0.125      14      35    40.0    32.0
   104.426    32.080    26.689    54.000     0.083      13      35    42.0    32.0
   104.411    32.067    26.689    54.000     0.053      12      34    44.0    32.0
   104.396    32.054    26.689    54.000     0.025      90       5    46.0    32.0
   104.381    32.041    26.689    54.000     0.047      92       4    48.0    32.0
   104.367    32.028    26.689    54.000     0.039      12       2    50.0    32.0
   104.352    32.015    26.689    54.000     0.025      10       2    52.0    32.0
   104.337    32.002    26.689    54.000     0.035      16       3    54.0    32.0
   104.323    31.989    26.689    54.000     0.052      16       3    56.0    32.0
   104.308    31.976    26.689    54.000     0.036      14       2    58.0    32.0
   104.293    31.963    26.689    54.000     0.040      92      37    60.0    32.0
   104.279    31.950    26.689    54.000     0.063      61      34    62.0    32.0
   104.264    31.937    26.689    54.000     0.045      60      35    64.0    32.0
   104.745    32.344    25.071    54.000     0.022      18      12     0.0    30.0
   104.730    32.331    25.071    54.000     0.017      15       2     2.0    30.0
   104.715    32.318    25.071    54.000     0.020     100      24     4.0    30.0
   104.700    32.305    25.071    54.000     0.039      47       2     6.0    30.0
   104.685    32.292    25.071    54.000     0.047      47       2     8.0    30.0
   104.671    32.279    25.071    54.000     0.020      46       2    10.0    30.0
   104.656    32.267    25.071    54.000     0.009      48       2    12.0    30.0
   104.641    32.254    25.071    54.000     0.007      66      37    14.0    30.0
   104.626    32.241    25.071    54.000     0.022      53      17    16.0    30.0
   104.611    32.228    25.071    54.000     0.060      55       7    18.0    30.0
   104.597    32.215    25.071    54.000     0.051      53       9    20.0    30.0
   104.582    32.202    25.071    54.000     0.031      18       4    22.0    30.0
   104.567    32.189    25.071    54.000     0.051      19       3    24.0    30.0
   104.552    32.176    25.071    54.000     0.043      17       7    26.0    30.0
   104.538    32.163    25.071    54.000     0.035       7      37    28.0    30.0
   104.523    32.150    25.071    54.000     0.042      87      23    30.0    30.0
   104.508    32.137    25.071    54.000     0.019      29       1    32.0    30.0
   104.493    32.124    25.071    54.000     0.070      17      34    34.0    30.0
   104.479    32.111    25.071    54.000     0.084      30       1    36.0    30.0
   104.464    32.098    25.071    54.000     0.142      50      34    38.0    30.0
   104.449    32.085    25.071    54.000     0.247      49      33    40.0    30.0
   104.435    32.072    25.071    54.000     0.217      49      33    42.0    30.0
   104.420    32.059    25.071    54.000     0.111      46      35    44.0    30.0
   104.405    32.046    25.071    54.000     0.054      45      34    46.0    30.0
   104.390    32.033    25.071    54.000     0.053      45      25    48.0    30.0
   104.376    32.020    25.071    54.000     0.037      16       6    50.0    30.0
   104.361    32.007    25.071    54.000     0.051      15       6    52.0    30.0
   104.346    31.994    25.071    54.000     0.080      32      37    54.0    30.0
   104.332    31.981    25.071    54.000     0.057      32      37    56.0    30.0
   104.317    31.968    25.071    54.000     0.019      69      32    58.0    30.0
   104.302    31.955    25.071    54.000     0.012      88       5    60.0    30.0
   104.288    31.942    25.071    54.000     0.030      89       9    62.0    30.0
   104.273    31.929    25.071    54.000     0.017      89       9    64.0    30.0
   104.753    32.337    23.452    54.000     0.024      23      33     0.0    28.0
   104.739    32.324    23.452    54.000     0.020      23      28     2.0    28.0
   104.724    32.311    23.452    54.000     0.036      26       5     4.0    28.0
   104.709    32.298    23.452    54.000     0.032      24       5     6.0    28.0
   104.694    32.285    23.452    54.000     0.013      24       6     8.0    28.0
   104.679    32.272    23.452    54.000     0.017      54       7    10.0    28.0
   104.665    32.259    23.452    54.000     0.029      28      34    12.0    28.0
   104.650    32.246    23.452    54.000     0.032      27      34    14.0    28.0
   104.635    32.233    23.452    54.000     0.042      27      34    16.0    28.0
   104.620    32.220    23.452    54.000     0.035      28      25    18.0    28.0
   104.606    32.207    23.452    54.000     0.025      26      30    20.0    28.0
   104.591    32.194    23.452    54.000     0.026      58      16    22.0    28.0
   104.576    32.181    23.452    54.000     0.028      28       9    24.0    28.0
   104.561    32.169    23.452    54.000     0.021      28      14    26.0    28.0
   104.547    32.156    23.452    54.000     0.022      26       4    28.0    28.0
   104.532    32.143    23.452    54.000     0.028       3      17    30.0    28.0
   104.517    32.130    23.452    54.000     0.028       1      16    32.0    28.0
   104.502    32.117    23.452    54.000     0.030       3      12    34.0    28.0
   104.488    32.104    23.452    54.000     0.031      58      32    36.0    28.0
   104.473    32.091    23.452    54.000     0.090      55      33    38.0    28.0
   104.458    32.078    23.452    54.000     0.113      52      32    40.0    28.0
   104.443    32.065    23.452    54.000     0.137      51      32    42.0    28.0
   104.429    32.052    23.452    54.000     0.089      52      33    44.0    28.0
   104.414    32.039    23.452    54.000     0.056      15      25    46.0    28.0
   104.399    32.026    23.452    54.000     0.088      16      25    48.0    28.0
   104.385    32.013    23.452    54.000     0.101      16      20    50.0    28.0
   104.370    32.000    23.452    54.000     0.078      14      20    52.0    28.0
   104.355    31.987    23.452    54.000     0.052      51       5    54.0    28.0
   104.341    31.974    23.452    54.000     0.029      49       6    56.0    28.0
   104.326    31.961    23.452    54.000     0.042      48      18    58.0    28.0
   104.311    31.948    23.452    54.000     0.064      89       7    60.0    28.0
   104.296    31.935    23.452    54.000     0.059      88       5    62.0    28.0
   104.282    31.922    23.452    54.000     0.079      87       5    64.0    28.0
   104.762    32.329    21.834    54.000     0.045      28       8     0.0    26.0
   104.748    32.316    21.834    54.000     0.034      30       5     2.0    26.0
   104.733    32.304    21.834    54.000     0.052       7       1     4.0    26.0
   104.718    32.291    21.834    54.000     0.066       6       1     6.0    26.0
   104.703    32.278    21.834    54.000     0.035      57       3     8.0    26.0
   104.688    32.265    21.834    54.000     0.033       5       1    10.0    26.0
   104.674    32.252    21.834    54.000     0.022      21      21    12.0    26.0
   104.659    32.239    21.834    54.000     0.027      28      29    14.0    26.0
   104.644    32.226    21.834    54.000     0.038      25      23    16.0    26.0
   104.629    32.213    21.834    54.000     0.071      31      36    18.0    26.0
   104.615    32.200    21.834    54.000     0.053      26      33    20.0    26.0
   104.600    32.187    21.834    54.000     0.060      27      35    22.0    26.0
   104.585    32.174    21.834    54.000     0.066      25      36    24.0    26.0
   104.570    32.161    21.834    54.000     0.076      36       5    26.0    26.0
   104.556    32.148    21.834    54.000     0.071      31      10    28.0    26.0
   104.541    32.135    21.834    54.000     0.049       5      20    30.0    26.0
   104.526    32.122    21.834    54.000     0.061       4      15    32.0    26.0
   104.511    32.109    21.834    54.000     0.053       2      13    34.0    26.0
   104.497    32.096    21.834    54.000     0.067      62      33    36.0    26.0
   104.482    32.083    21.834    54.000     0.066      60      36    38.0    26.0
   104.467    32.070    21.834    54.000     0.079      57      34    40.0    26.0
   104.452    32.057    21.834    54.000     0.048      57      31    42.0    26.0
   104.438    32.044    21.834    54.000     0.055      52      29    44.0    26.0
   104.423    32.032    21.834    54.000     0.069      52      29    46.0    26.0
   104.408    32.019    21.834    54.000     0.047      51      30    48.0    26.0
   104.394    32.006    21.834    54.000     0.052      49      35    50.0    26.0
   104.379    31.993    21.834    54.000     0.029      18      28    52.0    26.0
   104.364    31.980    21.834    54.000     0.018      51      27    54.0    26.0
   104.349    31.967    21.834    54.000     0.021      81      28    56.0    26.0
   104.335    31.954    21.834    54.000     0.027      79      34    58.0    26.0
   104.320    31.941    21.834    54.000     0.009      82      27    60.0    26.0
   104.305    31.928    21.834    54.000     0.012      29      33    62.0    26.0
   104.291    31.915    21.834    54.000     0.014      25      36    64.0    26.0
   104.771    32.322    20.216    54.000     0.014      90      37     0.0    24.0
   104.757    32.309    20.216    54.000     0.011      62      37     2.0    24.0
   104.742    32.296    20.216    54.000     0.012      73       3     4.0    24.0
   104.727    32.283    20.216    54.000     0.021       7       1     6.0    24.0
   104.712    32.270    20.216    54.000     0.012       8       1     8.0    24.0
   104.697    32.257    20.216    54.000     0.019      14       8    10.0    24.0
   104.683    32.244    20.216    54.000     0.015      13       4    12.0    24.0
   104.668    32.231    20.216    54.000     0.013      18      11    14.0    24.0
   104.653    32.219    20.216    54.000     0.012       9       1    16.0    24.0
   104.638    32.206    20.216    54.000     0.016     100       9    18.0    24.0
   104.624    32.193    20.216    54.000     0.018      23      33    20.0    24.0
   104.609    32.180    20.216    54.000     0.018      21      33    22.0    24.0
   104.594    32.167    20.216    54.000     0.038      54      37    24.0    24.0
   104.579    32.154    20.216    54.000     0.036      71       4    26.0    24.0
   104.564    32.141    20.216    54.000     0.031      71       3    28.0    24.0
   104.550    32.128    20.216    54.000     0.038      29      37    30.0    24.0
   104.535    32.115    20.216    54.000     0.032      29      37    32.0    24.0
   104.520    32.102    20.216    54.000     0.045      71      30    34.0    24.0
   104.506    32.089    20.216    54.000     0.063      68      32    36.0    24.0
   104.491    32.076    20.216    54.000     0.053      64      34    38.0    24.0
   104.476    32.063    20.216    54.000     0.054      64      33    40.0    24.0
   104.461    32.050    20.216    54.000     0.036     100      24    42.0    24.0
   104.447    32.037    20.216    54.000     0.042      57      28    44.0    24.0
   104.432    32.024    20.216    54.000     0.034      54      36    46.0    24.0
   104.417    32.011    20.216    54.000     0.084      54      36    48.0    24.0
   104.403    31.998    20.216    54.000     0.121      55      34    50.0    24.0
   104.388    31.985    20.216    54.000     0.052      55      36    52.0    24.0
   104.373    31.972    20.216    54.000     0.029      15      35    54.0    24.0
   104.358    31.959    20.216    54.000     0.043      15      34    56.0    24.0
   104.344    31.946    20.216    54.000     0.010      33       5    58.0    24.0
   104.329    31.933    20.216    54.000     0.012      39      19    60.0    24.0
   104.314    31.920    20.216    54.000     0.007      34      28    62.0    24.0
   104.300    31.907    20.216    54.000     0.007      69      30    64.0    24.0
   104.780    32.315    18.598    54.000     0.034      74       3     0.0    22.0
   104.766    32.302    18.598    54.000     0.073      90      37     2.0    22.0
   104.751    32.289    18.598    54.000     0.063      74       2     4.0    22.0
   104.736    32.276    18.598    54.000     0.063      74       2     6.0    22.0
   104.721    32.263    18.598    54.000     0.047      73       2     8.0    22.0
   104.706    32.250    18.598    54.000     0.037      46      25    10.0    22.0
   104.692    32.237    18.598    54.000     0.050      67      10    12.0    22.0
   104.677    32.224    18.598    54.000     0.104      68      11    14.0    22.0
   104.662    32.211    18.598    54.000     0.050      66      12    16.0    22.0
   104.647    32.198    18.598    54.000     0.028      64      13    18.0    22.0
   104.632    32.185    18.598    54.000     0.055      33      11    20.0    22.0
   104.618    32.172    18.598    54.000     0.069      33      11    22.0    22.0
   104.603    32.159    18.598    54.000     0.065      27      14    24.0    22.0
   104.588    32.146    18.598    54.000     0.080      29      17    26.0    22.0
   104.573    32.133    18.598    54.000     0.054      28       6    28.0    22.0
   104.559    32.120    18.598    54.000     0.052      27       6    30.0    22.0
   104.544    32.108    18.598    54.000     0.029      28      32    32.0    22.0
   104.529    32.095    18.598    54.000     0.052      30      36    34.0    22.0
   104.514    32.082    18.598    54.000     0.090      29      36    36.0    22.0
   104.500    32.069    18.598    54.000     0.134      15       1    38.0    22.0
   104.485    32.056    18.598    54.000     0.138      14       1    40.0    22.0
   104.470    32.043    18.598    54.000     0.049      13       1    42.0    22.0
   104.456    32.030    18.598    54.000     0.051      64      34    44.0    22.0
   104.441    32.017    18.598    54.000     0.072      61      33    46.0    22.0
   104.426    32.004    18.598    54.000     0.108      61      33    48.0    22.0
   104.411    31.991    18.598    54.000     0.064      62      34    50.0    22.0
   104.397    31.978    18.598    54.000     0.034      93      35    52.0    22.0
   104.382    31.965    18.598    54.000     0.040      22      32    54.0    22.0
   104.367    31.952    18.598    54.000     0.039      21      34    56.0    22.0
   104.353    31.939    18.598    54.000     0.031      17      33    58.0    22.0
   104.338    31.926    18.598    54.000     0.027      52      36    60.0    22.0
   104.323    31.913    18.598    54.000     0.015      30       3    62.0    22.0
   104.309    31.900    18.598    54.000     0.019      77      36    64.0    22.0
   104.789    32.307    16.980    54.000     0.034      35      30     0.0    20.0
   104.774    32.294    16.980    54.000     0.056      33      31     2.0    20.0
   104.760    32.281    16.980    54.000     0.029      34      32     4.0    20.0
   104.745    32.268    16.980    54.000     0.019      34      32     6.0    20.0
   104.730    32.256    16.980    54.000     0.024      66       9     8.0    20.0
   104.715    32.243    16.980    54.000     0.025      66      18    10.0    20.0
   104.701    32.230    16.980    54.000     0.045      65      23    12.0    20.0
   104.686    32.217    16.980    54.000     0.047      63      24    14.0    20.0
   104.671    32.204    16.980    54.000     0.081      65      30    16.0    20.0
   104.656    32.191    16.980    54.000     0.096      64      30    18.0    20.0
   104.641    32.178    16.980    54.000     0.068      64      31    20.0    20.0
   104.627    32.165    16.980    54.000     0.062      89       6    22.0    20.0
   104.612    32.152    16.980    54.000     0.060     100      37    24.0    20.0
   104.597    32.139    16.980    54.000     0.035      98      37    26.0    20.0
   104.582    32.126    16.980    54.000     0.016      18      23    28.0    20.0
   104.568    32.113    16.980    54.000     0.031      18      27    30.0    20.0
   104.553    32.100    16.980    54.000     0.049      15       9    32.0    20.0
   104.538    32.087    16.980    54.000     0.011      58       2    34.0    20.0
   104.523    32.074    16.980    54.000     0.008      63       2    36.0    20.0
   104.509    32.061    16.980    54.000     0.014      60       2    38.0    20.0
   104.494    32.048    16.980    54.000     0.024      19       1    40.0    20.0
   104.479    32.035    16.980    54.000     0.022      64      13    42.0    20.0
   104.465    32.022    16.980    54.000     0.032      64      25    44.0    20.0
   104.450    32.009    16.980    54.000     0.043      64      31    46.0    20.0
   104.435    31.996    16.980    54.000     0.034      63      30    48.0    20.0
   104.420    31.983    16.980    54.000     0.026      64      35    50.0    20.0
   104.406    31.970    16.980    54.000     0.043      95      36    52.0    20.0
   104.391    31.958    16.980    54.000     0.033      95      34    54.0    20.0
   104.376    31.945    16.980    54.000     0.012      62      33    56.0    20.0
   104.362    31.932    16.980    54.000     0.010      20      34    58.0    20.0
   104.347    31.919    16.980    54.000     0.010      20      30    60.0    20.0
   104.332    31.906    16.980    54.000     0.017      31       2    62.0    20.0
   104.318    31.893    16.980    54.000     0.018      32       2    64.0    20.0
   104.798    32.300    15.362    54.000     0.027      91       1     0.0    18.0
   104.783    32.287    15.362    54.000     0.041      90       2     2.0    18.0
   104.769    32.274    15.362    54.000     0.034      90       2     4.0    18.0
   104.754    32.261    15.362    54.000     0.025      91       2     6.0    18.0
   104.739    32.248    15.362    54.000     0.027      37      18     8.0    18.0
   104.724    32.235    15.362    54.000     0.058      35      10    10.0    18.0
   104.709    32.222    15.362    54.000     0.080      34       9    12.0    18.0
   104.695    32.209    15.362    54.000     0.094      29       1    14.0    18.0
   104.680    32.196    15.362    54.000     0.105      27       1    16.0    18.0
   104.665    32.183    15.362    54.000     0.083      27       1    18.0    18.0
   104.650    32.170    15.362    54.000     0.056      38      36    20.0    18.0
   104.636    32.158    15.362    54.000     0.038      37      36    22.0    18.0
   104.621    32.145    15.362    54.000     0.016      37      36    24.0    18.0
   104.606    32.132    15.362    54.000     0.018      32      34    26.0    18.0
   104.591    32.119    15.362    54.000     0.018      41       6    28.0    18.0
   104.577    32.106    15.362    54.000     0.018      41       5    30.0    18.0
   104.562    32.093    15.362    54.000     0.007      36       4    32.0    18.0
   104.547    32.080    15.362    54.000     0.012      35       2    34.0    18.0
   104.532    32.067    15.362    54.000     0.013      21      34    36.0    18.0
   104.518    32.054    15.362    54.000     0.028      28       7    38.0    18.0
   104.503    32.041    15.362    54.000     0.054      30       7    40.0    18.0
   104.488    32.028    15.362    54.000     0.032      28       8    42.0    18.0
   104.473    32.015    15.362    54.000     0.020      31      25    44.0    18.0
   104.459    32.002    15.362    54.000     0.031      64       7    46.0    18.0
   104.444    31.989    15.362    54.000     0.033      63       9    48.0    18.0
   104.429    31.976    15.362    54.000     0.050      62      16    50.0    18.0
   104.415    31.963    15.362    54.000     0.061      62      20    52.0    18.0
   104.400    31.950    15.362    54.000     0.056      61      23    54.0    18.0
   104.385    31.937    15.362    54.000     0.029      63      27    56.0    18.0
   104.371    31.924    15.362    54.000     0.036      64      23    58.0    18.0
   104.356    31.911    15.362    54.000     0.023      62      31    60.0    18.0
   104.341    31.898    15.362    54.000     0.022      90      25    62.0    18.0
   104.327    31.885    15.362    54.000     0.005       1       1    64.0    18.0
   104.807    32.292    13.744    54.000     0.039      62       1     0.0    16.0
   104.792    32.280    13.744    54.000     0.022      61       1     2.0    16.0
   104.778    32.267    13.744    54.000     0.016      85      33     4.0    16.0
   104.763    32.254    13.744    54.000     0.019      28      10     6.0    16.0
   104.748    32.241    13.744    54.000     0.035      29      22     8.0    16.0
   104.733    32.228    13.744    54.000     0.059      30      24    10.0    16.0
   104.718    32.215    13.744    54.000     0.063      29      25    12.0    16.0
   104.704    32.202    13.744    54.000     0.055      28      27    14.0    16.0
   104.689    32.189    13.744    54.000     0.040       2      32    16.0    16.0
   104.674    32.176    13.744    54.000     0.014       2      34    18.0    16.0
   104.659    32.163    13.744    54.000     0.012       9       8    20.0    16.0
   104.645    32.150    13.744    54.000     0.029      39      27    22.0    16.0
   104.630    32.137    13.744    54.000     0.067      39      25    24.0    16.0
   104.615    32.124    13.744    54.000     0.074       8      27    26.0    16.0
   104.600    32.111    13.744    54.000     0.074       8      28    28.0    16.0
   104.586    32.098    13.744    54.000     0.038       7      27    30.0    16.0
   104.571    32.085    13.744    54.000     0.026      69       4    32.0    16.0
   104.556    32.072    13.744    54.000     0.009      28      20    34.0    16.0
   104.541    32.059    13.744    54.000     0.015      80       2    36.0    16.0
   104.527    32.047    13.744    54.000     0.024      76      22    38.0    16.0
   104.512    32.034    13.744    54.000     0.037      75      23    40.0    16.0
   104.497    32.021    13.744    54.000     0.071      76      25    42.0    16.0
   104.482    32.008    13.744    54.000     0.070      76      21    44.0    16.0
   104.468    31.995    13.744    54.000     0.053      73      15    46.0    16.0
   104.453    31.982    13.744    54.000     0.032      71      10    48.0    16.0
   104.438    31.969    13.744    54.000     0.042      97       1    50.0    16.0
   104.424    31.956    13.744    54.000     0.017      85      37    52.0    16.0
   104.409    31.943    13.744    54.000     0.011      35      36    54.0    16.0
   104.394    31.930    13.744    54.000     0.014      34      36    56.0    16.0
   104.380    31.917    13.744    54.000     0.019      34      36    58.0    16.0
   104.365    31.904    13.744    54.000     0.007      96      22    60.0    16.0
   104.350    31.891    13.744    54.000     0.015      98      17    62.0    16.0
   104.336    31.878    13.744    54.000     0.025       3       2    64.0    16.0
   104.816    32.285    12.126    54.000     0.023      49      36     0.0    14.0
   104.801    32.272    12.126    54.000     0.031      49      36     2.0    14.0
   104.786    32.259    12.126    54.000     0.022      47      36     4.0    14.0
   104.772    32.246    12.126    54.000     0.019      46      36     6.0    14.0
   104.757    32.233    12.126    54.000     0.031      53      12     8.0    14.0
   104.742    32.220    12.126    54.000     0.037      52      12    10.0    14.0
   104.727    32.207    12.126    54.000     0.059      49       5    12.0    14.0
   104.713    32.195    12.126    54.000     0.097      45       2    14.0    14.0
   104.698    32.182    12.126    54.000     0.135      45       3    16.0    14.0
   104.683    32.169    12.126    54.000     0.095       2      36    18.0    14.0
   104.668    32.156    12.126    54.000     0.107       1      37    20.0    14.0
   104.653    32.143    12.126    54.000     0.057       1      37    22.0    14.0
   104.639    32.130    12.126    54.000     0.042      10       6    24.0    14.0
   104.624    32.117    12.126    54.000     0.023      10       7    26.0    14.0
   104.609    32.104    12.126    54.000     0.021      70      30    28.0    14.0
   104.594    32.091    12.126    54.000     0.022       1       4    30.0    14.0
   104.580    32.078    12.126    54.000     0.045       1       4    32.0    14.0
   104.565    32.065    12.126    54.000     0.055      77       6    34.0    14.0
   104.550    32.052    12.126    54.000     0.053      75       5    36.0    14.0
   104.536    32.039    12.126    54.000     0.043      39      12    38.0    14.0
   104.521    32.026    12.126    54.000     0.065      40       8    40.0    14.0
   104.506    32.013    12.126    54.000     0.076      40       8    42.0    14.0
   104.491    32.000    12.126    54.000     0.033      38       7    44.0    14.0
   104.477    31.987    12.126    54.000     0.066      74      33    46.0    14.0
   104.462    31.974    12.126    54.000     0.045      73      34    48.0    14.0
   104.447    31.961    12.126    54.000     0.022       4       6    50.0    14.0
   104.433    31.948    12.126    54.000     0.022      40      35    52.0    14.0
   104.418    31.935    12.126    54.000     0.022      40      36    54.0    14.0
   104.403    31.922    12.126    54.000     0.025       1      18    56.0    14.0
   104.388    31.909    12.126    54.000     0.032       1      29    58.0    14.0
   104.374    31.896    12.126    54.000     0.032       1      29    60.0    14.0
   104.359    31.884    12.126    54.000     0.013      38       5    62.0    14.0
   104.344    31.871    12.126    54.000     0.016      68       9    64.0    14.0
   104.825    32.278    10.508    54.000     0.020      22       1     0.0    12.0
   104.810    32.265    10.508    54.000     0.034      43      36     2.0    12.0
   104.795    32.252    10.508    54.000     0.064      44      36     4.0    12.0
   104.781    32.239    10.508    54.000     0.044      46      34     6.0    12.0
   104.766    32.226    10.508    54.000     0.037      47      26     8.0    12.0
   104.751    32.213    10.508    54.000     0.081      47      11    10.0    12.0
   104.736    32.200    10.508    54.000     0.050      76       4    12.0    12.0
   104.722    32.187    10.508    54.000     0.080      78       5    14.0    12.0
   104.707    32.174    10.508    54.000     0.065      80       7    16.0    12.0
   104.692    32.161    10.508    54.000     0.047      49       5    18.0    12.0
   104.677    32.148    10.508    54.000     0.040      81      31    20.0    12.0
   104.662    32.135    10.508    54.000     0.061      83      31    22.0    12.0
   104.648    32.122    10.508    54.000     0.062      80      31    24.0    12.0
   104.633    32.109    10.508    54.000     0.079      81      31    26.0    12.0
   104.618    32.097    10.508    54.000     0.084      81      24    28.0    12.0
   104.603    32.084    10.508    54.000     0.035      80      18    30.0    12.0
   104.589    32.071    10.508    54.000     0.024      44      32    32.0    12.0
   104.574    32.058    10.508    54.000     0.021      80       6    34.0    12.0
   104.559    32.045    10.508    54.000     0.021      10      31    36.0    12.0
   104.544    32.032    10.508    54.000     0.020      10      30    38.0    12.0
   104.530    32.019    10.508    54.000     0.009       5      30    40.0    12.0
   104.515    32.006    10.508    54.000     0.009      46      17    42.0    12.0
   104.500    31.993    10.508    54.000     0.018       7       5    44.0    12.0
   104.486    31.980    10.508    54.000     0.038      78      36    46.0    12.0
   104.471    31.967    10.508    54.000     0.045       5       3    48.0    12.0
   104.456    31.954    10.508    54.000     0.067      75      36    50.0    12.0
   104.441    31.941    10.508    54.000     0.040      73      33    52.0    12.0
   104.427    31.928    10.508    54.000     0.027      41       8    54.0    12.0
   104.412    31.915    10.508    54.000     0.014      39       8    56.0    12.0
   104.397    31.902    10.508    54.000     0.020       1      30    58.0    12.0
   104.383    31.889    10.508    54.000     0.033       1      32    60.0    12.0
   104.368    31.876    10.508    54.000     0.021       1      31    62.0    12.0
   104.353    31.863    10.508    54.000     0.015      40       2    64.0    12.0
   104.834    32.270     8.890    54.000     0.036      41      37     0.0    10.0
   104.819    32.257     8.890    54.000     0.039      29       1     2.0    10.0
   104.804    32.244     8.890    54.000     0.041      11      35     4.0    10.0
   104.790    32.231     8.890    54.000     0.033      47      16     6.0    10.0
   104.775    32.219     8.890    54.000     0.059      47      17     8.0    10.0
   104.760    32.206     8.890    54.000     0.048      45      18    10.0    10.0
   104.745    32.193     8.890    54.000     0.035      15       4    12.0    10.0
   104.730    32.180     8.890    54.000     0.025      14       5    14.0    10.0
   104.716    32.167     8.890    54.000     0.036      52      36    16.0    10.0
   104.701    32.154     8.890    54.000     0.034      52      36    18.0    10.0
   104.686    32.141     8.890    54.000     0.020      81      37    20.0    10.0
   104.671    32.128     8.890    54.000     0.025      84      25    22.0    10.0
   104.657    32.115     8.890    54.000     0.050      27       7    24.0    10.0
   104.642    32.102     8.890    54.000     0.058      24       4    26.0    10.0
   104.627    32.089     8.890    54.000     0.078      51      35    28.0    10.0
   104.612    32.076     8.890    54.000     0.091      51      34    30.0    10.0
   104.598    32.063     8.890    54.000     0.056      49      34    32.0    10.0
   104.583    32.050     8.890    54.000     0.035      81      37    34.0    10.0
   104.568    32.037     8.890    54.000     0.016       9      20    36.0    10.0
   104.553    32.024     8.890    54.000     0.027       6       9    38.0    10.0
   104.539    32.011     8.890    54.000     0.045       5       5    40.0    10.0
   104.524    31.998     8.890    54.000     0.027      51       4    42.0    10.0
   104.509    31.986     8.890    54.000     0.047      51       4    44.0    10.0
   104.495    31.973     8.890    54.000     0.041      51       4    46.0    10.0
   104.480    31.960     8.890    54.000     0.042      53       4    48.0    10.0
   104.465    31.947     8.890    54.000     0.029     100       3    50.0    10.0
   104.450    31.934     8.890    54.000     0.013      78      28    52.0    10.0
   104.436    31.921     8.890    54.000     0.023      77      30    54.0    10.0
   104.421    31.908     8.890    54.000     0.029      77      37    56.0    10.0
   104.406    31.895     8.890    54.000     0.043      83      15    58.0    10.0
   104.392    31.882     8.890    54.000     0.032      88       2    60.0    10.0
   104.377    31.869     8.890    54.000     0.028      85      11    62.0    10.0
   104.362    31.856     8.890    54.000     0.038      28       5    64.0    10.0
   104.843    32.263     7.272    54.000     0.056      60      33     0.0     8.0
   104.828    32.250     7.272    54.000     0.039      61      31     2.0     8.0
   104.813    32.237     7.272    54.000     0.040      58      29     4.0     8.0
   104.799    32.224     7.272    54.000     0.020      56      29     6.0     8.0
   104.784    32.211     7.272    54.000     0.020      86      14     8.0     8.0
   104.769    32.198     7.272    54.000     0.011      87      26    10.0     8.0
   104.754    32.185     7.272    54.000     0.011      87      22    12.0     8.0
   104.739    32.172     7.272    54.000     0.016      88       5    14.0     8.0
   104.725    32.159     7.272    54.000     0.011      87       7    16.0     8.0
   104.710    32.147     7.272    54.000     0.022      62       9    18.0     8.0
   104.695    32.134     7.272    54.000     0.040      61       6    20.0     8.0
   104.680    32.121     7.272    54.000     0.025      60       7    22.0     8.0
   104.666    32.108     7.272    54.000     0.012      47      37    24.0     8.0
   104.651    32.095     7.272    54.000     0.021      20      35    26.0     8.0
   104.636    32.082     7.272    54.000     0.041      20      36    28.0     8.0
   104.621    32.069     7.272    54.000     0.035     100       3    30.0     8.0
   104.607    32.056     7.272    54.000     0.043      97       1    32.0     8.0
   104.592    32.043     7.272    54.000     0.042      95       2    34.0     8.0
   104.577    32.030     7.272    54.000     0.062      94       3    36.0     8.0
   104.562    32.017     7.272    54.000     0.058       9      32    38.0     8.0
   104.548    32.004     7.272    54.000     0.037       9      31    40.0     8.0
   104.533    31.991     7.272    54.000     0.015      84      16    42.0     8.0
   104.518    31.978     7.272    54.000     0.017      86      24    44.0     8.0
   104.503    31.965     7.272    54.000     0.020      60       8    46.0     8.0
   104.489    31.952     7.272    54.000     0.029      58       2    48.0     8.0
   104.474    31.939     7.272    54.000     0.037      56       3    50.0     8.0
   104.459    31.926     7.272    54.000     0.020      53       3    52.0     8.0
   104.445    31.913     7.272    54.000     0.017      43      37    54.0     8.0
   104.430    31.900     7.272    54.000     0.012      51       3    56.0     8.0
   104.415    31.887     7.272    54.000     0.018      79      32    58.0     8.0
   104.401    31.874     7.272    54.000     0.018      79      29    60.0     8.0
   104.386    31.861     7.272    54.000     0.017      80      23    62.0     8.0
   104.371    31.848     7.272    54.000     0.014      77      30    64.0     8.0
   104.852    32.255     5.654    54.000     0.071      62      36     0.0     6.0
   104.837    32.243     5.654    54.000     0.088      62      35     2.0     6.0
   104.822    32.230     5.654    54.000     0.098      62      35     4.0     6.0
   104.807    32.217     5.654    54.000     0.063      61      35     6.0     6.0
   104.793    32.204     5.654    54.000     0.025      96       8     8.0     6.0
   104.778    32.191     5.654    54.000     0.019      65       8    10.0     6.0
   104.763    32.178     5.654    54.000     0.024      65       8    12.0     6.0
   104.748    32.165     5.654    54.000     0.018      63       8    14.0     6.0
   104.734    32.152     5.654    54.000     0.030      43      33    16.0     6.0
   104.719    32.139     5.654    54.000     0.043      67      30    18.0     6.0
   104.704    32.126     5.654    54.000     0.056      67      32    20.0     6.0
   104.689    32.113     5.654    54.000     0.036      67      33    22.0     6.0
   104.674    32.100     5.654    54.000     0.028      65      33    24.0     6.0
   104.660    32.087     5.654    54.000     0.028      13      11    26.0     6.0
   104.645    32.074     5.654    54.000     0.018      95       4    28.0     6.0
   104.630    32.061     5.654    54.000     0.032      94       3    30.0     6.0
   104.616    32.049     5.654    54.000     0.027       5      13    32.0     6.0
   104.601    32.036     5.654    54.000     0.020       3      14    34.0     6.0
   104.586    32.023     5.654    54.000     0.025      48      18    36.0     6.0
   104.571    32.010     5.654    54.000     0.019      84       9    38.0     6.0
   104.557    31.997     5.654    54.000     0.021      12      35    40.0     6.0
   104.542    31.984     5.654    54.000     0.030      13      33    42.0     6.0
   104.527    31.971     5.654    54.000     0.034      16      14    44.0     6.0
   104.512    31.958     5.654    54.000     0.063      15      15    46.0     6.0
   104.498    31.945     5.654    54.000     0.077      14      14    48.0     6.0
   104.483    31.932     5.654    54.000     0.032      90      26    50.0     6.0
   104.468    31.919     5.654    54.000     0.037      88      23    52.0     6.0
   104.454    31.906     5.654    54.000     0.034      15      35    54.0     6.0
   104.439    31.893     5.654    54.000     0.021      18      34    56.0     6.0
   104.424    31.880     5.654    54.000     0.012      13      33    58.0     6.0
   104.410    31.867     5.654    54.000     0.018      44      28    60.0     6.0
   104.395    31.854     5.654    54.000     0.024      14       6    62.0     6.0
   104.380    31.841     5.654    54.000     0.041      14       6    64.0     6.0
   104.861    32.248     4.036    54.000     0.038      73      30     0.0     4.0
   104.846    32.235     4.036    54.000     0.045      72      28     2.0     4.0
   104.831    32.222     4.036    54.000     0.049      13       2     4.0     4.0
   104.816    32.209     4.036    54.000     0.048      11       2     6.0     4.0
   104.802    32.196     4.036    54.000     0.029      69       7     8.0     4.0
   104.787    32.183     4.036    54.000     0.039      72       4    10.0     4.0
   104.772    32.171     4.036    54.000     0.055      71       4    12.0     4.0
   104.757    32.158     4.036    54.000     0.073      71       4    14.0     4.0
   104.742    32.145     4.036    54.000     0.061      71       5    16.0     4.0
   104.728    32.132     4.036    54.000     0.043      68       6    18.0     4.0
   104.713    32.119     4.036    54.000     0.055     100      18    20.0     4.0
   104.698    32.106     4.036    54.000     0.074      97      17    22.0     4.0
   104.683    32.093     4.036    54.000     0.059      71      33    24.0     4.0
   104.669    32.080     4.036    54.000     0.067      69      35    26.0     4.0
   104.654    32.067     4.036    54.000     0.079      67      21    28.0     4.0
   104.639    32.054     4.036    54.000     0.050      63      26    30.0     4.0
   104.624    32.041     4.036    54.000     0.057      38      36    32.0     4.0
   104.610    32.028     4.036    54.000     0.032      38      34    34.0     4.0
   104.595    32.015     4.036    54.000     0.017      17       2    36.0     4.0
   104.580    32.002     4.036    54.000     0.024      16       5    38.0     4.0
   104.566    31.989     4.036    54.000     0.018      38       4    40.0     4.0
   104.551    31.976     4.036    54.000     0.017      14      26    42.0     4.0
   104.536    31.963     4.036    54.000     0.016      14      29    44.0     4.0
   104.521    31.950     4.036    54.000     0.020      17      29    46.0     4.0
   104.507    31.937     4.036    54.000     0.015      16      30    48.0     4.0
   104.492    31.925     4.036    54.000     0.022      63      25    50.0     4.0
   104.477    31.912     4.036    54.000     0.039      62      36    52.0     4.0
   104.463    31.899     4.036    54.000     0.086      76       1    54.0     4.0
   104.448    31.886     4.036    54.000     0.044      77       1    56.0     4.0
   104.433    31.873     4.036    54.000     0.036      13       8    58.0     4.0
   104.418    31.860     4.036    54.000     0.036      13       8    60.0     4.0
   104.404    31.847     4.036    54.000     0.038      14      21    62.0     4.0
   104.389    31.834     4.036    54.000     0.028      13      19    64.0     4.0
   104.870    32.241     2.418    54.000     0.014      75       5     0.0     2.0
   104.855    32.228     2.418    54.000     0.013      31       6     2.0     2.0
   104.840    32.215     2.418    54.000     0.021      31      11     4.0     2.0
   104.825    32.202     2.418    54.000     0.020      31      12     6.0     2.0
   104.811    32.189     2.418    54.000     0.012      30      26     8.0     2.0
   104.796    32.176     2.418    54.000     0.014      30      35    10.0     2.0
   104.781    32.163     2.418    54.000     0.037      29      33    12.0     2.0
   104.766    32.150     2.418    54.000     0.036      29      36    14.0     2.0
   104.751    32.137     2.418    54.000     0.014       1      36    16.0     2.0
   104.737    32.124     2.418    54.000     0.018       1      36    18.0     2.0
   104.722    32.111     2.418    54.000     0.015      85      35    20.0     2.0
   104.707    32.098     2.418    54.000     0.041      83      34    22.0     2.0
   104.692    32.086     2.418    54.000     0.056      83      33    24.0     2.0
   104.678    32.073     2.418    54.000     0.035      82      35    26.0     2.0
   104.663    32.060     2.418    54.000     0.024      29      36    28.0     2.0
   104.648    32.047     2.418    54.000     0.017      76      37    30.0     2.0
   104.633    32.034     2.418    54.000     0.021      62       1    32.0     2.0
   104.619    32.021     2.418    54.000     0.025      80       4    34.0     2.0
   104.604    32.008     2.418    54.000     0.036      78       7    36.0     2.0
   104.589    31.995     2.418    54.000     0.047      76       6    38.0     2.0
   104.574    31.982     2.418    54.000     0.042      73       6    40.0     2.0
   104.560    31.969     2.418    54.000     0.030      73       7    42.0     2.0
   104.545    31.956     2.418    54.000     0.026      33      24    44.0     2.0
   104.530    31.943     2.418    54.000     0.021      77      33    46.0     2.0
   104.516    31.930     2.418    54.000     0.024      77      33    48.0     2.0
   104.501    31.917     2.418    54.000     0.029      79      29    50.0     2.0
   104.486    31.904     2.418    54.000     0.025       2       3    52.0     2.0
   104.471    31.891     2.418    54.000     0.021      34       2    54.0     2.0
   104.457    31.878     2.418    54.000     0.029      33       2    56.0     2.0
   104.442    31.865     2.418    54.000     0.020      65      28    58.0     2.0
   104.427    31.852     2.418    54.000     0.040      27      31    60.0     2.0
   104.413    31.839     2.418    54.000     0.041      28      32    62.0     2.0
   104.398    31.826     2.418    54.000     0.040      27      32    64.0     2.0
   104.879    32.233     0.800    54.000     0.024      21      37     0.0     0.0
   104.864    32.220     0.800    54.000     0.013       4       1     2.0     0.0
   104.849    32.207     0.800    54.000     0.012      16      37     4.0     0.0
   104.834    32.195     0.800    54.000     0.015      81       4     6.0     0.0
   104.819    32.182     0.800    54.000     0.032      35      25     8.0     0.0
   104.805    32.169     0.800    54.000     0.053      38      28    10.0     0.0
   104.790    32.156     0.800    54.000     0.056      36      29    12.0     0.0
   104.775    32.143     0.800    54.000     0.064      31       2    14.0     0.0
   104.760    32.130     0.800    54.000     0.044      30       2    16.0     0.0
   104.746    32.117     0.800    54.000     0.026      31       2    18.0     0.0
   104.731    32.104     0.800    54.000     0.033      33       2    20.0     0.0
   104.716    32.091     0.800    54.000     0.066      34       2    22.0     0.0
   104.701    32.078     0.800    54.000     0.107      33       2    24.0     0.0
   104.687    32.065     0.800    54.000     0.094      30       3    26.0     0.0
   104.672    32.052     0.800    54.000     0.031      29       7    28.0     0.0
   104.657    32.039     0.800    54.000     0.022      78       1    30.0     0.0
   104.642    32.026     0.800    54.000     0.034      76       1    32.0     0.0
   104.628    32.013     0.800    54.000     0.066      74       7    34.0     0.0
   104.613    32.000     0.800    54.000     0.062      73       9    36.0     0.0
   104.598    31.988     0.800    54.000     0.057      72      32    38.0     0.0
   104.583    31.975     0.800    54.000     0.086      72      33    40.0     0.0
   104.569    31.962     0.800    54.000     0.083      72      33    42.0     0.0
   104.554    31.949     0.800    54.000     0.035      72      34    44.0     0.0
   104.539    31.936     0.800    54.000     0.023       4      10    46.0     0.0
   104.525    31.923     0.800    54.000     0.022      77       5    48.0     0.0
   104.510    31.910     0.800    54.000     0.029      77       7    50.0     0.0
   104.495    31.897     0.800    54.000     0.049      71       2    52.0     0.0
   104.480    31.884     0.800    54.000     0.036      69       2    54.0     0.0
   104.466    31.871     0.800    54.000     0.025      29       6    56.0     0.0
   104.451    31.858     0.800    54.000     0.021      28       8    58.0     0.0
   104.436    31.845     0.800    54.000     0.036      30       7    60.0     0.0
   104.422    31.832     0.800    54.000     0.061      31       7    62.0     0.0
   104.407    31.819     0.800    54.000     0.053      33       8    64.0     0.0
