   104.700    32.381    33.161    54.000     0.009      36       6     0.0    40.0
   104.685    32.368    33.161    54.000     0.011       4      10     2.0    40.0
   104.670    32.355    33.161    54.000     0.015       5       7     4.0    40.0
   104.655    32.342    33.161    54.000     0.016       6       6     6.0    40.0
   104.641    32.329    33.161    54.000     0.019       8       3     8.0    40.0
   104.626    32.316    33.161    54.000     0.022       9       3    10.0    40.0
   104.611    32.303    33.161    54.000     0.016      45       8    12.0    40.0
   104.596    32.290    33.161    54.000     0.013      76       9    14.0    40.0
   104.581    32.278    33.161    54.000     0.009      50      12    16.0    40.0
   104.567    32.265    33.161    54.000     0.008      51       4    18.0    40.0
   104.552    32.252    33.161    54.000     0.008      95       2    20.0    40.0
   104.537    32.239    33.161    54.000     0.006      10      34    22.0    40.0
   104.522    32.226    33.161    54.000     0.010      15      37    24.0    40.0
   104.508    32.213    33.161    54.000     0.014      49      32    26.0    40.0
   104.493    32.200    33.161    54.000     0.026      50      32    28.0    40.0
   104.478    32.187    33.161    54.000     0.028      51      33    30.0    40.0
   104.463    32.174    33.161    54.000     0.013      53      32    32.0    40.0
   104.449    32.161    33.161    54.000     0.012      55      37    34.0    40.0
   104.434    32.148    33.161    54.000     0.013       4      20    36.0    40.0
   104.419    32.135    33.161    54.000     0.012       4      19    38.0    40.0
   104.404    32.122    33.161    54.000     0.012       4      19    40.0    40.0
   104.390    32.109    33.161    54.000     0.009       4      20    42.0    40.0
   104.375    32.096    33.161    54.000     0.007      73      32    44.0    40.0
   104.360    32.083    33.161    54.000     0.009      89       1    46.0    40.0
   104.346    32.070    33.161    54.000     0.012     100      34    48.0    40.0
   104.331    32.057    33.161    54.000     0.019     100      34    50.0    40.0
   104.316    32.044    33.161    54.000     0.011      46      14    52.0    40.0
   104.301    32.031    33.161    54.000     0.012      47       5    54.0    40.0
   104.287    32.018    33.161    54.000     0.018      49       4    56.0    40.0
   104.272    32.005    33.161    54.000     0.008      61      37    58.0    40.0
   104.257    31.992    33.161    54.000     0.010      93      36    60.0    40.0
   104.243    31.979    33.161    54.000     0.008      77       1    62.0    40.0
   104.228    31.966    33.161    54.000     0.009       1       6    64.0    40.0
   104.709    32.374    31.543    54.000     0.027      11      31     0.0    38.0
   104.694    32.361    31.543    54.000     0.037      12      26     2.0    38.0
   104.679    32.348    31.543    54.000     0.026      13      21     4.0    38.0
   104.664    32.335    31.543    54.000     0.022      47      15     6.0    38.0
   104.649    32.322    31.543    54.000     0.032      48      15     8.0    38.0
   104.635    32.309    31.543    54.000     0.033      48      16    10.0    38.0
   104.620    32.296    31.543    54.000     0.030      49       6    12.0    38.0
   104.605    32.283    31.543    54.000     0.018      12       3    14.0    38.0
   104.590    32.270    31.543    54.000     0.009      20      18    16.0    38.0
   104.576    32.257    31.543    54.000     0.018      96       1    18.0    38.0
   104.561    32.244    31.543    54.000     0.016      97       1    20.0    38.0
   104.546    32.231    31.543    54.000     0.010      79      36    22.0    38.0
   104.531    32.218    31.543    54.000     0.013      68       1    24.0    38.0
   104.517    32.205    31.543    54.000     0.014      55      36    26.0    38.0
   104.502    32.192    31.543    54.000     0.008      81      36    28.0    38.0
   104.487    32.179    31.543    54.000     0.011      87       5    30.0    38.0
   104.472    32.166    31.543    54.000     0.017      87      26    32.0    38.0
   104.458    32.154    31.543    54.000     0.036      89      25    34.0    38.0
   104.443    32.141    31.543    54.000     0.038      81       2    36.0    38.0
   104.428    32.128    31.543    54.000     0.054      81       2    38.0    38.0
   104.413    32.115    31.543    54.000     0.043      81       3    40.0    38.0
   104.399    32.102    31.543    54.000     0.030      80       3    42.0    38.0
   104.384    32.089    31.543    54.000     0.016      80       3    44.0    38.0
   104.369    32.076    31.543    54.000     0.022      76      26    46.0    38.0
   104.355    32.063    31.543    54.000     0.061      81      27    48.0    38.0
   104.340    32.050    31.543    54.000     0.052      79      26    50.0    38.0
   104.325    32.037    31.543    54.000     0.027      80      29    52.0    38.0
   104.310    32.024    31.543    54.000     0.022      80      27    54.0    38.0
   104.296    32.011    31.543    54.000     0.017      23       5    56.0    38.0
   104.281    31.998    31.543    54.000     0.035      23      16    58.0    38.0
   104.266    31.985    31.543    54.000     0.022      24      15    60.0    38.0
   104.252    31.972    31.543    54.000     0.016      26      15    62.0    38.0
   104.237    31.959    31.543    54.000     0.017      59      24    64.0    38.0
   104.718    32.366    29.925    54.000     0.008      11      28     0.0    36.0
   104.703    32.353    29.925    54.000     0.017      11      15     2.0    36.0
   104.688    32.340    29.925    54.000     0.028      11      10     4.0    36.0
   104.673    32.328    29.925    54.000     0.026      47      16     6.0    36.0
   104.658    32.315    29.925    54.000     0.025      47      15     8.0    36.0
   104.644    32.302    29.925    54.000     0.029      15       2    10.0    36.0
   104.629    32.289    29.925    54.000     0.025      16       3    12.0    36.0
   104.614    32.276    29.925    54.000     0.027      18       1    14.0    36.0
   104.599    32.263    29.925    54.000     0.015      18       1    16.0    36.0
   104.585    32.250    29.925    54.000     0.010      80      36    18.0    36.0
   104.570    32.237    29.925    54.000     0.017      79      36    20.0    36.0
   104.555    32.224    29.925    54.000     0.019       2      10    22.0    36.0
   104.540    32.211    29.925    54.000     0.015       2       9    24.0    36.0
   104.526    32.198    29.925    54.000     0.011      79      36    26.0    36.0
   104.511    32.185    29.925    54.000     0.012      49       3    28.0    36.0
   104.496    32.172    29.925    54.000     0.008      51      13    30.0    36.0
   104.481    32.159    29.925    54.000     0.010      82       5    32.0    36.0
   104.467    32.146    29.925    54.000     0.021      83       4    34.0    36.0
   104.452    32.133    29.925    54.000     0.027      83      14    36.0    36.0
   104.437    32.120    29.925    54.000     0.031      84      14    38.0    36.0
   104.422    32.107    29.925    54.000     0.026      84      16    40.0    36.0
   104.408    32.094    29.925    54.000     0.042      84      23    42.0    36.0
   104.393    32.081    29.925    54.000     0.029      84      24    44.0    36.0
   104.378    32.068    29.925    54.000     0.063      89      34    46.0    36.0
   104.364    32.055    29.925    54.000     0.060      88      35    48.0    36.0
   104.349    32.042    29.925    54.000     0.043      88      35    50.0    36.0
   104.334    32.029    29.925    54.000     0.013      11      37    52.0    36.0
   104.319    32.016    29.925    54.000     0.018      47      36    54.0    36.0
   104.305    32.003    29.925    54.000     0.019      47      36    56.0    36.0
   104.290    31.990    29.925    54.000     0.018      47      36    58.0    36.0
   104.275    31.977    29.925    54.000     0.035      60       3    60.0    36.0
   104.261    31.964    29.925    54.000     0.036      62       3    62.0    36.0
   104.246    31.951    29.925    54.000     0.020      49      36    64.0    36.0
   104.727    32.359    28.307    54.000     0.015      81      36     0.0    34.0
   104.712    32.346    28.307    54.000     0.014      60      31     2.0    34.0
   104.697    32.333    28.307    54.000     0.019      48       1     4.0    34.0
   104.682    32.320    28.307    54.000     0.023      19       2     6.0    34.0
   104.667    32.307    28.307    54.000     0.020       9      35     8.0    34.0
   104.653    32.294    28.307    54.000     0.022      37      37    10.0    34.0
   104.638    32.281    28.307    54.000     0.026      37      37    12.0    34.0
   104.623    32.268    28.307    54.000     0.055      86       2    14.0    34.0
   104.608    32.255    28.307    54.000     0.051      86       2    16.0    34.0
   104.594    32.242    28.307    54.000     0.061      86       2    18.0    34.0
   104.579    32.230    28.307    54.000     0.061      86       2    20.0    34.0
   104.564    32.217    28.307    54.000     0.035      87       3    22.0    34.0
   104.549    32.204    28.307    54.000     0.012      87       3    24.0    34.0
   104.534    32.191    28.307    54.000     0.016      11       5    26.0    34.0
   104.520    32.178    28.307    54.000     0.024      12       5    28.0    34.0
   104.505    32.165    28.307    54.000     0.028      82      12    30.0    34.0
   104.490    32.152    28.307    54.000     0.033      81      16    32.0    34.0
   104.476    32.139    28.307    54.000     0.014      81      13    34.0    34.0
   104.461    32.126    28.307    54.000     0.012      15      23    36.0    34.0
   104.446    32.113    28.307    54.000     0.017      13      18    38.0    34.0
   104.431    32.100    28.307    54.000     0.020      15      12    40.0    34.0
   104.417    32.087    28.307    54.000     0.016      85      36    42.0    34.0
   104.402    32.074    28.307    54.000     0.009      58      36    44.0    34.0
   104.387    32.061    28.307    54.000     0.007      92      33    46.0    34.0
   104.372    32.048    28.307    54.000     0.009      92      33    48.0    34.0
   104.358    32.035    28.307    54.000     0.017      47      37    50.0    34.0
   104.343    32.022    28.307    54.000     0.028      60       7    52.0    34.0
   104.328    32.009    28.307    54.000     0.038      60       9    54.0    34.0
   104.314    31.996    28.307    54.000     0.026      61       9    56.0    34.0
   104.299    31.983    28.307    54.000     0.043      78      36    58.0    34.0
   104.284    31.970    28.307    54.000     0.042      78      36    60.0    34.0
   104.270    31.957    28.307    54.000     0.021      77      37    62.0    34.0
   104.255    31.944    28.307    54.000     0.010     100       8    64.0    34.0
   104.736    32.352    26.689    54.000     0.018      17       3     0.0    32.0
   104.721    32.339    26.689    54.000     0.022       3      37     2.0    32.0
   104.706    32.326    26.689    54.000     0.023      19       3     4.0    32.0
   104.691    32.313    26.689    54.000     0.031      20       1     6.0    32.0
   104.676    32.300    26.689    54.000     0.047      87       4     8.0    32.0
   104.662    32.287    26.689    54.000     0.074      88       4    10.0    32.0
   104.647    32.274    26.689    54.000     0.103      89       8    12.0    32.0
   104.632    32.261    26.689    54.000     0.064      90      10    14.0    32.0
   104.617    32.248    26.689    54.000     0.075      92       7    16.0    32.0
   104.602    32.235    26.689    54.000     0.070      94       7    18.0    32.0
   104.588    32.222    26.689    54.000     0.057      94      13    20.0    32.0
   104.573    32.209    26.689    54.000     0.027      92       4    22.0    32.0
   104.558    32.196    26.689    54.000     0.015      91       2    24.0    32.0
   104.543    32.183    26.689    54.000     0.006       3      37    26.0    32.0
   104.529    32.170    26.689    54.000     0.006      94       1    28.0    32.0
   104.514    32.157    26.689    54.000     0.009       1      37    30.0    32.0
   104.499    32.144    26.689    54.000     0.004      94       1    32.0    32.0
   104.484    32.131    26.689    54.000     0.004       7      37    34.0    32.0
   104.470    32.118    26.689    54.000     0.003       6      37    36.0    32.0
   104.455    32.105    26.689    54.000     0.005       3      37    38.0    32.0
   104.440    32.093    26.689    54.000     0.007      98      31    40.0    32.0
   104.426    32.080    26.689    54.000     0.008       6      37    42.0    32.0
   104.411    32.067    26.689    54.000     0.010       5      37    44.0    32.0
   104.396    32.054    26.689    54.000     0.013      98       1    46.0    32.0
   104.381    32.041    26.689    54.000     0.019      96       1    48.0    32.0
   104.367    32.028    26.689    54.000     0.048      95       1    50.0    32.0
   104.352    32.015    26.689    54.000     0.043      62       8    52.0    32.0
   104.337    32.002    26.689    54.000     0.029      98       1    54.0    32.0
   104.323    31.989    26.689    54.000     0.024      95       1    56.0    32.0
   104.308    31.976    26.689    54.000     0.026      94       1    58.0    32.0
   104.293    31.963    26.689    54.000     0.033       3      18    60.0    32.0
   104.279    31.950    26.689    54.000     0.017      35      35    62.0    32.0
   104.264    31.937    26.689    54.000     0.019      34      36    64.0    32.0
   104.745    32.344    25.071    54.000     0.023      81       1     0.0    30.0
   104.730    32.331    25.071    54.000     0.041      97      35     2.0    30.0
   104.715    32.318    25.071    54.000     0.031      96      36     4.0    30.0
   104.700    32.305    25.071    54.000     0.042      61      12     6.0    30.0
   104.685    32.292    25.071    54.000     0.081      61      13     8.0    30.0
   104.671    32.279    25.071    54.000     0.064      60      14    10.0    30.0
   104.656    32.267    25.071    54.000     0.061      62      12    12.0    30.0
   104.641    32.254    25.071    54.000     0.053      63      13    14.0    30.0
   104.626    32.241    25.071    54.000     0.040      63      16    16.0    30.0
   104.611    32.228    25.071    54.000     0.024      30      22    18.0    30.0
   104.597    32.215    25.071    54.000     0.023      97      26    20.0    30.0
   104.582    32.202    25.071    54.000     0.025      93      36    22.0    30.0
   104.567    32.189    25.071    54.000     0.026      93      36    24.0    30.0
   104.552    32.176    25.071    54.000     0.010      66      37    26.0    30.0
   104.538    32.163    25.071    54.000     0.008      63      36    28.0    30.0
   104.523    32.150    25.071    54.000     0.009      69       5    30.0    30.0
   104.508    32.137    25.071    54.000     0.021      68       4    32.0    30.0
   104.493    32.124    25.071    54.000     0.017      69       4    34.0    30.0
   104.479    32.111    25.071    54.000     0.011      66       5    36.0    30.0
   104.464    32.098    25.071    54.000     0.016       6      37    38.0    30.0
   104.449    32.085    25.071    54.000     0.013      60       2    40.0    30.0
   104.435    32.072    25.071    54.000     0.015      22       1    42.0    30.0
   104.420    32.059    25.071    54.000     0.028      26       2    44.0    30.0
   104.405    32.046    25.071    54.000     0.044      58      10    46.0    30.0
   104.390    32.033    25.071    54.000     0.030      58      16    48.0    30.0
   104.376    32.020    25.071    54.000     0.045     100       1    50.0    30.0
   104.361    32.007    25.071    54.000     0.042     100       1    52.0    30.0
   104.346    31.994    25.071    54.000     0.031       3      31    54.0    30.0
   104.332    31.981    25.071    54.000     0.050       4      31    56.0    30.0
   104.317    31.968    25.071    54.000     0.063       4      34    58.0    30.0
   104.302    31.955    25.071    54.000     0.043       5      33    60.0    30.0
   104.288    31.942    25.071    54.000     0.027      70      32    62.0    30.0
   104.273    31.929    25.071    54.000     0.039      69      35    64.0    30.0
   104.753    32.337    23.452    54.000     0.036      61       3     0.0    28.0
   104.739    32.324    23.452    54.000     0.075      61       3     2.0    28.0
   104.724    32.311    23.452    54.000     0.099      63       3     4.0    28.0
   104.709    32.298    23.452    54.000     0.042      63       3     6.0    28.0
   104.694    32.285    23.452    54.000     0.032      64       4     8.0    28.0
   104.679    32.272    23.452    54.000     0.027      31      29    10.0    28.0
   104.665    32.259    23.452    54.000     0.044      33      19    12.0    28.0
   104.650    32.246    23.452    54.000     0.050      33      17    14.0    28.0
   104.635    32.233    23.452    54.000     0.043      35      19    16.0    28.0
   104.620    32.220    23.452    54.000     0.038      63      35    18.0    28.0
   104.606    32.207    23.452    54.000     0.029      61      34    20.0    28.0
   104.591    32.194    23.452    54.000     0.025      69      28    22.0    28.0
   104.576    32.181    23.452    54.000     0.032      64      33    24.0    28.0
   104.561    32.169    23.452    54.000     0.024      65      29    26.0    28.0
   104.547    32.156    23.452    54.000     0.013      67      28    28.0    28.0
   104.532    32.143    23.452    54.000     0.006      63      16    30.0    28.0
   104.517    32.130    23.452    54.000     0.004      64      19    32.0    28.0
   104.502    32.117    23.452    54.000     0.006     100      12    34.0    28.0
   104.488    32.104    23.452    54.000     0.013     100       7    36.0    28.0
   104.473    32.091    23.452    54.000     0.017      24       4    38.0    28.0
   104.458    32.078    23.452    54.000     0.014      25       2    40.0    28.0
   104.443    32.065    23.452    54.000     0.012      60       3    42.0    28.0
   104.429    32.052    23.452    54.000     0.026      57       1    44.0    28.0
   104.414    32.039    23.452    54.000     0.034      63       7    46.0    28.0
   104.399    32.026    23.452    54.000     0.015      63       4    48.0    28.0
   104.385    32.013    23.452    54.000     0.006      29       9    50.0    28.0
   104.370    32.000    23.452    54.000     0.004      28      13    52.0    28.0
   104.355    31.987    23.452    54.000     0.005      49       3    54.0    28.0
   104.341    31.974    23.452    54.000     0.015      49       4    56.0    28.0
   104.326    31.961    23.452    54.000     0.022      47       3    58.0    28.0
   104.311    31.948    23.452    54.000     0.018      45       4    60.0    28.0
   104.296    31.935    23.452    54.000     0.007      43       9    62.0    28.0
   104.282    31.922    23.452    54.000     0.008      72      37    64.0    28.0
   104.762    32.329    21.834    54.000     0.051      24      25     0.0    26.0
   104.748    32.316    21.834    54.000     0.031      24      13     2.0    26.0
   104.733    32.304    21.834    54.000     0.020      23      15     4.0    26.0
   104.718    32.291    21.834    54.000     0.010      22       8     6.0    26.0
   104.703    32.278    21.834    54.000     0.008      69      19     8.0    26.0
   104.688    32.265    21.834    54.000     0.018      72      14    10.0    26.0
   104.674    32.252    21.834    54.000     0.029      75      19    12.0    26.0
   104.659    32.239    21.834    54.000     0.065      75      21    14.0    26.0
   104.644    32.226    21.834    54.000     0.035      75      16    16.0    26.0
   104.629    32.213    21.834    54.000     0.030      76      12    18.0    26.0
   104.615    32.200    21.834    54.000     0.013      75       4    20.0    26.0
   104.600    32.187    21.834    54.000     0.015      44       2    22.0    26.0
   104.585    32.174    21.834    54.000     0.018      46       2    24.0    26.0
   104.570    32.161    21.834    54.000     0.017      65      29    26.0    26.0
   104.556    32.148    21.834    54.000     0.028      66      29    28.0    26.0
   104.541    32.135    21.834    54.000     0.024      98      33    30.0    26.0
   104.526    32.122    21.834    54.000     0.013      96      33    32.0    26.0
   104.511    32.109    21.834    54.000     0.009      21       9    34.0    26.0
   104.497    32.096    21.834    54.000     0.009      22      15    36.0    26.0
   104.482    32.083    21.834    54.000     0.011      24       8    38.0    26.0
   104.467    32.070    21.834    54.000     0.009      26       7    40.0    26.0
   104.452    32.057    21.834    54.000     0.013      92      21    42.0    26.0
   104.438    32.044    21.834    54.000     0.010      21      35    44.0    26.0
   104.423    32.032    21.834    54.000     0.018      66       6    46.0    26.0
   104.408    32.019    21.834    54.000     0.024      66       4    48.0    26.0
   104.394    32.006    21.834    54.000     0.028      64       2    50.0    26.0
   104.379    31.993    21.834    54.000     0.019      64       4    52.0    26.0
   104.364    31.980    21.834    54.000     0.009      55      33    54.0    26.0
   104.349    31.967    21.834    54.000     0.007      21      31    56.0    26.0
   104.335    31.954    21.834    54.000     0.026      63      36    58.0    26.0
   104.320    31.941    21.834    54.000     0.056      62      36    60.0    26.0
   104.305    31.928    21.834    54.000     0.038      63      36    62.0    26.0
   104.291    31.915    21.834    54.000     0.021      61      35    64.0    26.0
   104.771    32.322    20.216    54.000     0.019      24       1     0.0    24.0
   104.757    32.309    20.216    54.000     0.014      83      37     2.0    24.0
   104.742    32.296    20.216    54.000     0.015      26       4     4.0    24.0
   104.727    32.283    20.216    54.000     0.007      99       1     6.0    24.0
   104.712    32.270    20.216    54.000     0.012      76       3     8.0    24.0
   104.697    32.257    20.216    54.000     0.017      74      20    10.0    24.0
   104.683    32.244    20.216    54.000     0.022      74      18    12.0    24.0
   104.668    32.231    20.216    54.000     0.020      77      21    14.0    24.0
   104.653    32.219    20.216    54.000     0.035      16       2    16.0    24.0
   104.638    32.206    20.216    54.000     0.036      17       2    18.0    24.0
   104.624    32.193    20.216    54.000     0.025      33      37    20.0    24.0
   104.609    32.180    20.216    54.000     0.021      35      36    22.0    24.0
   104.594    32.167    20.216    54.000     0.009      18      16    24.0    24.0
   104.579    32.154    20.216    54.000     0.011      65      34    26.0    24.0
   104.564    32.141    20.216    54.000     0.015      96      18    28.0    24.0
   104.550    32.128    20.216    54.000     0.024      94      14    30.0    24.0
   104.535    32.115    20.216    54.000     0.034      99      16    32.0    24.0
   104.520    32.102    20.216    54.000     0.022      96      21    34.0    24.0
   104.506    32.089    20.216    54.000     0.021      96      27    36.0    24.0
   104.491    32.076    20.216    54.000     0.010      97      26    38.0    24.0
   104.476    32.063    20.216    54.000     0.007      61      13    40.0    24.0
   104.461    32.050    20.216    54.000     0.007      63      13    42.0    24.0
   104.447    32.037    20.216    54.000     0.005       8       6    44.0    24.0
   104.432    32.024    20.216    54.000     0.009       8       5    46.0    24.0
   104.417    32.011    20.216    54.000     0.010      42       1    48.0    24.0
   104.403    31.998    20.216    54.000     0.012      46       9    50.0    24.0
   104.388    31.985    20.216    54.000     0.017      41       1    52.0    24.0
   104.373    31.972    20.216    54.000     0.017      14       6    54.0    24.0
   104.358    31.959    20.216    54.000     0.019      39       1    56.0    24.0
   104.344    31.946    20.216    54.000     0.016      15      12    58.0    24.0
   104.329    31.933    20.216    54.000     0.017      90      31    60.0    24.0
   104.314    31.920    20.216    54.000     0.041      90      32    62.0    24.0
   104.300    31.907    20.216    54.000     0.038      91      30    64.0    24.0
   104.780    32.315    18.598    54.000     0.030      28       1     0.0    22.0
   104.766    32.302    18.598    54.000     0.048      31       1     2.0    22.0
   104.751    32.289    18.598    54.000     0.049      31       1     4.0    22.0
   104.736    32.276    18.598    54.000     0.015      30       1     6.0    22.0
   104.721    32.263    18.598    54.000     0.010      86      35     8.0    22.0
   104.706    32.250    18.598    54.000     0.018      87      35    10.0    22.0
   104.692    32.237    18.598    54.000     0.008      86      19    12.0    22.0
   104.677    32.224    18.598    54.000     0.011      22       5    14.0    22.0
   104.662    32.211    18.598    54.000     0.031      23      12    16.0    22.0
   104.647    32.198    18.598    54.000     0.037      22      14    18.0    22.0
   104.632    32.185    18.598    54.000     0.034      72      36    20.0    22.0
   104.618    32.172    18.598    54.000     0.040      72      36    22.0    22.0
   104.603    32.159    18.598    54.000     0.031      73      36    24.0    22.0
   104.588    32.146    18.598    54.000     0.011      91       3    26.0    22.0
   104.573    32.133    18.598    54.000     0.009     100      14    28.0    22.0
   104.559    32.120    18.598    54.000     0.009      27      30    30.0    22.0
   104.544    32.108    18.598    54.000     0.009      46       3    32.0    22.0
   104.529    32.095    18.598    54.000     0.007      45       1    34.0    22.0
   104.514    32.082    18.598    54.000     0.010      42       2    36.0    22.0
   104.500    32.069    18.598    54.000     0.008      14      34    38.0    22.0
   104.485    32.056    18.598    54.000     0.010      14      35    40.0    22.0
   104.470    32.043    18.598    54.000     0.007      14      35    42.0    22.0
   104.456    32.030    18.598    54.000     0.024      40      13    44.0    22.0
   104.441    32.017    18.598    54.000     0.021      41      24    46.0    22.0
   104.426    32.004    18.598    54.000     0.022      40      27    48.0    22.0
   104.411    31.991    18.598    54.000     0.028      65      36    50.0    22.0
   104.397    31.978    18.598    54.000     0.023      73       7    52.0    22.0
   104.382    31.965    18.598    54.000     0.013      63      36    54.0    22.0
   104.367    31.952    18.598    54.000     0.014      98      32    56.0    22.0
   104.353    31.939    18.598    54.000     0.018      97      28    58.0    22.0
   104.338    31.926    18.598    54.000     0.025     100      31    60.0    22.0
   104.323    31.913    18.598    54.000     0.018      62       7    62.0    22.0
   104.309    31.900    18.598    54.000     0.019      61       7    64.0    22.0
   104.789    32.307    16.980    54.000     0.030      50      37     0.0    20.0
   104.774    32.294    16.980    54.000     0.044      51      37     2.0    20.0
   104.760    32.281    16.980    54.000     0.061      52      37     4.0    20.0
   104.745    32.268    16.980    54.000     0.042      52      37     6.0    20.0
   104.730    32.256    16.980    54.000     0.031      13      12     8.0    20.0
   104.715    32.243    16.980    54.000     0.016      46      23    10.0    20.0
   104.701    32.230    16.980    54.000     0.032      46      25    12.0    20.0
   104.686    32.217    16.980    54.000     0.045      46      33    14.0    20.0
   104.671    32.204    16.980    54.000     0.047      47      34    16.0    20.0
   104.656    32.191    16.980    54.000     0.053      45      37    18.0    20.0
   104.641    32.178    16.980    54.000     0.059      77      34    20.0    20.0
   104.627    32.165    16.980    54.000     0.099      78      34    22.0    20.0
   104.612    32.152    16.980    54.000     0.090      79      34    24.0    20.0
   104.597    32.139    16.980    54.000     0.060      79      33    26.0    20.0
   104.582    32.126    16.980    54.000     0.027      78      35    28.0    20.0
   104.568    32.113    16.980    54.000     0.012      76      35    30.0    20.0
   104.553    32.100    16.980    54.000     0.013      33      28    32.0    20.0
   104.538    32.087    16.980    54.000     0.013      34      24    34.0    20.0
   104.523    32.074    16.980    54.000     0.005      20      37    36.0    20.0
   104.509    32.061    16.980    54.000     0.009      19      37    38.0    20.0
   104.494    32.048    16.980    54.000     0.011       1       1    40.0    20.0
   104.479    32.035    16.980    54.000     0.007      76      13    42.0    20.0
   104.465    32.022    16.980    54.000     0.011      44       1    44.0    20.0
   104.450    32.009    16.980    54.000     0.008      73      15    46.0    20.0
   104.435    31.996    16.980    54.000     0.009      71      31    48.0    20.0
   104.420    31.983    16.980    54.000     0.014      72      32    50.0    20.0
   104.406    31.970    16.980    54.000     0.046      72      34    52.0    20.0
   104.391    31.958    16.980    54.000     0.080      72      35    54.0    20.0
   104.376    31.945    16.980    54.000     0.073      72      36    56.0    20.0
   104.362    31.932    16.980    54.000     0.035      73      36    58.0    20.0
   104.347    31.919    16.980    54.000     0.020      74      36    60.0    20.0
   104.332    31.906    16.980    54.000     0.012      54      21    62.0    20.0
   104.318    31.893    16.980    54.000     0.014      56      26    64.0    20.0
   104.798    32.300    15.362    54.000     0.034      43       2     0.0    18.0
   104.783    32.287    15.362    54.000     0.054      42       4     2.0    18.0
   104.769    32.274    15.362    54.000     0.064      43       4     4.0    18.0
   104.754    32.261    15.362    54.000     0.041      44       4     6.0    18.0
   104.739    32.248    15.362    54.000     0.023      45       4     8.0    18.0
   104.724    32.235    15.362    54.000     0.040      81      22    10.0    18.0
   104.709    32.222    15.362    54.000     0.053      81      21    12.0    18.0
   104.695    32.209    15.362    54.000     0.035      81      35    14.0    18.0
   104.680    32.196    15.362    54.000     0.036      87      27    16.0    18.0
   104.665    32.183    15.362    54.000     0.039      86      34    18.0    18.0
   104.650    32.170    15.362    54.000     0.032      83      34    20.0    18.0
   104.636    32.158    15.362    54.000     0.021      86      35    22.0    18.0
   104.621    32.145    15.362    54.000     0.023      44      24    24.0    18.0
   104.606    32.132    15.362    54.000     0.035      43      27    26.0    18.0
   104.591    32.119    15.362    54.000     0.034      44      21    28.0    18.0
   104.577    32.106    15.362    54.000     0.026      44      29    30.0    18.0
   104.562    32.093    15.362    54.000     0.013      37       1    32.0    18.0
   104.547    32.080    15.362    54.000     0.025      36       1    34.0    18.0
   104.532    32.067    15.362    54.000     0.015      41       1    36.0    18.0
   104.518    32.054    15.362    54.000     0.017      41       1    38.0    18.0
   104.503    32.041    15.362    54.000     0.013      40       1    40.0    18.0
   104.488    32.028    15.362    54.000     0.032      41       1    42.0    18.0
   104.473    32.015    15.362    54.000     0.011      74      10    44.0    18.0
   104.459    32.002    15.362    54.000     0.014       9      23    46.0    18.0
   104.444    31.989    15.362    54.000     0.014       9      29    48.0    18.0
   104.429    31.976    15.362    54.000     0.021      74      35    50.0    18.0
   104.415    31.963    15.362    54.000     0.018      75      35    52.0    18.0
   104.400    31.950    15.362    54.000     0.024      76      36    54.0    18.0
   104.385    31.937    15.362    54.000     0.017      75      36    56.0    18.0
   104.371    31.924    15.362    54.000     0.011      86       2    58.0    18.0
   104.356    31.911    15.362    54.000     0.010      37       1    60.0    18.0
   104.341    31.898    15.362    54.000     0.013      15       4    62.0    18.0
   104.327    31.885    15.362    54.000     0.021      80       2    64.0    18.0
   104.807    32.292    13.744    54.000     0.027      73      10     0.0    16.0
   104.792    32.280    13.744    54.000     0.031      94      36     2.0    16.0
   104.778    32.267    13.744    54.000     0.020      49       1     4.0    16.0
   104.763    32.254    13.744    54.000     0.020      52       3     6.0    16.0
   104.748    32.241    13.744    54.000     0.020      47       1     8.0    16.0
   104.733    32.228    13.744    54.000     0.016      48       1    10.0    16.0
   104.718    32.215    13.744    54.000     0.016      13      34    12.0    16.0
   104.704    32.202    13.744    54.000     0.015      72       2    14.0    16.0
   104.689    32.189    13.744    54.000     0.013      73       2    16.0    16.0
   104.674    32.176    13.744    54.000     0.010      76       2    18.0    16.0
   104.659    32.163    13.744    54.000     0.008      76       2    20.0    16.0
   104.645    32.150    13.744    54.000     0.014      10      13    22.0    16.0
   104.630    32.137    13.744    54.000     0.012      50      15    24.0    16.0
   104.615    32.124    13.744    54.000     0.012      48      31    26.0    16.0
   104.600    32.111    13.744    54.000     0.024      75      23    28.0    16.0
   104.586    32.098    13.744    54.000     0.023      77      27    30.0    16.0
   104.571    32.085    13.744    54.000     0.034      77      29    32.0    16.0
   104.556    32.072    13.744    54.000     0.018      80      31    34.0    16.0
   104.541    32.059    13.744    54.000     0.012      79      32    36.0    16.0
   104.527    32.047    13.744    54.000     0.016      81      33    38.0    16.0
   104.512    32.034    13.744    54.000     0.012      80      35    40.0    16.0
   104.497    32.021    13.744    54.000     0.006      81      36    42.0    16.0
   104.482    32.008    13.744    54.000     0.006      52      19    44.0    16.0
   104.468    31.995    13.744    54.000     0.008      14      12    46.0    16.0
   104.453    31.982    13.744    54.000     0.011      50      36    48.0    16.0
   104.438    31.969    13.744    54.000     0.020      82      35    50.0    16.0
   104.424    31.956    13.744    54.000     0.023      98       1    52.0    16.0
   104.409    31.943    13.744    54.000     0.024      85      31    54.0    16.0
   104.394    31.930    13.744    54.000     0.028      87      37    56.0    16.0
   104.380    31.917    13.744    54.000     0.035      46       4    58.0    16.0
   104.365    31.904    13.744    54.000     0.038      46       5    60.0    16.0
   104.350    31.891    13.744    54.000     0.029      74      26    62.0    16.0
   104.336    31.878    13.744    54.000     0.035      74      29    64.0    16.0
   104.816    32.285    12.126    54.000     0.015      71      37     0.0    14.0
   104.801    32.272    12.126    54.000     0.038      57       1     2.0    14.0
   104.786    32.259    12.126    54.000     0.065      69      37     4.0    14.0
   104.772    32.246    12.126    54.000     0.076      68      37     6.0    14.0
   104.757    32.233    12.126    54.000     0.084      68      37     8.0    14.0
   104.742    32.220    12.126    54.000     0.050      68      37    10.0    14.0
   104.727    32.207    12.126    54.000     0.018      65      37    12.0    14.0
   104.713    32.195    12.126    54.000     0.011       4       3    14.0    14.0
   104.698    32.182    12.126    54.000     0.006       1       4    16.0    14.0
   104.683    32.169    12.126    54.000     0.007       1       3    18.0    14.0
   104.668    32.156    12.126    54.000     0.014      85      16    20.0    14.0
   104.653    32.143    12.126    54.000     0.015      87      16    22.0    14.0
   104.639    32.130    12.126    54.000     0.011      84      25    24.0    14.0
   104.624    32.117    12.126    54.000     0.013      84      29    26.0    14.0
   104.609    32.104    12.126    54.000     0.014      85      35    28.0    14.0
   104.594    32.091    12.126    54.000     0.030      84      34    30.0    14.0
   104.580    32.078    12.126    54.000     0.031      85      35    32.0    14.0
   104.565    32.065    12.126    54.000     0.035      83      34    34.0    14.0
   104.550    32.052    12.126    54.000     0.030      86      36    36.0    14.0
   104.536    32.039    12.126    54.000     0.030      99       1    38.0    14.0
   104.521    32.026    12.126    54.000     0.019      99       1    40.0    14.0
   104.506    32.013    12.126    54.000     0.029      21      30    42.0    14.0
   104.491    32.000    12.126    54.000     0.039      22      30    44.0    14.0
   104.477    31.987    12.126    54.000     0.037      86      10    46.0    14.0
   104.462    31.974    12.126    54.000     0.059      87      10    48.0    14.0
   104.447    31.961    12.126    54.000     0.063      86       6    50.0    14.0
   104.433    31.948    12.126    54.000     0.058      52      31    52.0    14.0
   104.418    31.935    12.126    54.000     0.032      53      32    54.0    14.0
   104.403    31.922    12.126    54.000     0.017      80       5    56.0    14.0
   104.388    31.909    12.126    54.000     0.034      51       2    58.0    14.0
   104.374    31.896    12.126    54.000     0.043      87      36    60.0    14.0
   104.359    31.884    12.126    54.000     0.059      86      31    62.0    14.0
   104.344    31.871    12.126    54.000     0.041      86      36    64.0    14.0
   104.825    32.278    10.508    54.000     0.027      52      13     0.0    12.0
   104.810    32.265    10.508    54.000     0.013      52       8     2.0    12.0
   104.795    32.252    10.508    54.000     0.017      28      33     4.0    12.0
   104.781    32.239    10.508    54.000     0.024      90       5     6.0    12.0
   104.766    32.226    10.508    54.000     0.036      89       4     8.0    12.0
   104.751    32.213    10.508    54.000     0.048      89       3    10.0    12.0
   104.736    32.200    10.508    54.000     0.031      87       3    12.0    12.0
   104.722    32.187    10.508    54.000     0.017      85       1    14.0    12.0
   104.707    32.174    10.508    54.000     0.006       6       2    16.0    12.0
   104.692    32.161    10.508    54.000     0.010      57      34    18.0    12.0
   104.677    32.148    10.508    54.000     0.026      56      19    20.0    12.0
   104.662    32.135    10.508    54.000     0.024      56      17    22.0    12.0
   104.648    32.122    10.508    54.000     0.013      98      37    24.0    12.0
   104.633    32.109    10.508    54.000     0.007      91      33    26.0    12.0
   104.618    32.097    10.508    54.000     0.030       2       2    28.0    12.0
   104.603    32.084    10.508    54.000     0.032       4       2    30.0    12.0
   104.589    32.071    10.508    54.000     0.041      58       2    32.0    12.0
   104.574    32.058    10.508    54.000     0.011      59       1    34.0    12.0
   104.559    32.045    10.508    54.000     0.024      75      37    36.0    12.0
   104.544    32.032    10.508    54.000     0.050      75      37    38.0    12.0
   104.530    32.019    10.508    54.000     0.051      89       9    40.0    12.0
   104.515    32.006    10.508    54.000     0.106      90      12    42.0    12.0
   104.500    31.993    10.508    54.000     0.067      89      15    44.0    12.0
   104.486    31.980    10.508    54.000     0.039      87      11    46.0    12.0
   104.471    31.967    10.508    54.000     0.037      18      31    48.0    12.0
   104.456    31.954    10.508    54.000     0.027      18      33    50.0    12.0
   104.441    31.941    10.508    54.000     0.027      17      30    52.0    12.0
   104.427    31.928    10.508    54.000     0.013      18      33    54.0    12.0
   104.412    31.915    10.508    54.000     0.011      94      33    56.0    12.0
   104.397    31.902    10.508    54.000     0.016      95      34    58.0    12.0
   104.383    31.889    10.508    54.000     0.009      95      35    60.0    12.0
   104.368    31.876    10.508    54.000     0.004      93      33    62.0    12.0
   104.353    31.863    10.508    54.000     0.010      42      37    64.0    12.0
   104.834    32.270     8.890    54.000     0.009      85      12     0.0    10.0
   104.819    32.257     8.890    54.000     0.021      95       2     2.0    10.0
   104.804    32.244     8.890    54.000     0.067      94       2     4.0    10.0
   104.790    32.231     8.890    54.000     0.071      94       2     6.0    10.0
   104.775    32.219     8.890    54.000     0.051      93       2     8.0    10.0
   104.760    32.206     8.890    54.000     0.044      27      32    10.0    10.0
   104.745    32.193     8.890    54.000     0.060      28      32    12.0    10.0
   104.730    32.180     8.890    54.000     0.088      27      31    14.0    10.0
   104.716    32.167     8.890    54.000     0.076      27      31    16.0    10.0
   104.701    32.154     8.890    54.000     0.056      29      37    18.0    10.0
   104.686    32.141     8.890    54.000     0.037      29      36    20.0    10.0
   104.671    32.128     8.890    54.000     0.020      91      33    22.0    10.0
   104.657    32.115     8.890    54.000     0.025      57      30    24.0    10.0
   104.642    32.102     8.890    54.000     0.026      58      32    26.0    10.0
   104.627    32.089     8.890    54.000     0.020      57      33    28.0    10.0
   104.612    32.076     8.890    54.000     0.017      97      31    30.0    10.0
   104.598    32.063     8.890    54.000     0.021      91       3    32.0    10.0
   104.583    32.050     8.890    54.000     0.051      91       2    34.0    10.0
   104.568    32.037     8.890    54.000     0.059      89       1    36.0    10.0
   104.553    32.024     8.890    54.000     0.081      90       3    38.0    10.0
   104.539    32.011     8.890    54.000     0.052      93       2    40.0    10.0
   104.524    31.998     8.890    54.000     0.047      90       1    42.0    10.0
   104.509    31.986     8.890    54.000     0.017      92       3    44.0    10.0
   104.495    31.973     8.890    54.000     0.011       2      11    46.0    10.0
   104.480    31.960     8.890    54.000     0.014      25      36    48.0    10.0
   104.465    31.947     8.890    54.000     0.021      24      35    50.0    10.0
   104.450    31.934     8.890    54.000     0.017     100       3    52.0    10.0
   104.436    31.921     8.890    54.000     0.007      71       7    54.0    10.0
   104.421    31.908     8.890    54.000     0.010      58      34    56.0    10.0
   104.406    31.895     8.890    54.000     0.014      58      32    58.0    10.0
   104.392    31.882     8.890    54.000     0.021      80      37    60.0    10.0
   104.377    31.869     8.890    54.000     0.025      62       4    62.0    10.0
   104.362    31.856     8.890    54.000     0.069      59       5    64.0    10.0
   104.843    32.263     7.272    54.000     0.008      40      37     0.0     8.0
   104.828    32.250     7.272    54.000     0.008      67       4     2.0     8.0
   104.813    32.237     7.272    54.000     0.010      67       4     4.0     8.0
   104.799    32.224     7.272    54.000     0.003      99       9     6.0     8.0
   104.784    32.211     7.272    54.000     0.008      99       6     8.0     8.0
   104.769    32.198     7.272    54.000     0.019      69      36    10.0     8.0
   104.754    32.185     7.272    54.000     0.048      66      34    12.0     8.0
   104.739    32.172     7.272    54.000     0.060      67      34    14.0     8.0
   104.725    32.159     7.272    54.000     0.063      69      36    16.0     8.0
   104.710    32.147     7.272    54.000     0.111      96      33    18.0     8.0
   104.695    32.134     7.272    54.000     0.110      97      32    20.0     8.0
   104.680    32.121     7.272    54.000     0.082      97      31    22.0     8.0
   104.666    32.108     7.272    54.000     0.091      98      28    24.0     8.0
   104.651    32.095     7.272    54.000     0.128      98      17    26.0     8.0
   104.636    32.082     7.272    54.000     0.097      97      22    28.0     8.0
   104.621    32.069     7.272    54.000     0.043      95      16    30.0     8.0
   104.607    32.056     7.272    54.000     0.034      94      18    32.0     8.0
   104.592    32.043     7.272    54.000     0.025      93      20    34.0     8.0
   104.577    32.030     7.272    54.000     0.020      23       1    36.0     8.0
   104.562    32.017     7.272    54.000     0.010      22       1    38.0     8.0
   104.548    32.004     7.272    54.000     0.015      96       3    40.0     8.0
   104.533    31.991     7.272    54.000     0.021      97       2    42.0     8.0
   104.518    31.978     7.272    54.000     0.049     100       2    44.0     8.0
   104.503    31.965     7.272    54.000     0.054     100       2    46.0     8.0
   104.489    31.952     7.272    54.000     0.038      37       9    48.0     8.0
   104.474    31.939     7.272    54.000     0.040      37       6    50.0     8.0
   104.459    31.926     7.272    54.000     0.012      71       3    52.0     8.0
   104.445    31.913     7.272    54.000     0.014      63      21    54.0     8.0
   104.430    31.900     7.272    54.000     0.021      63      17    56.0     8.0
   104.415    31.887     7.272    54.000     0.033      63       9    58.0     8.0
   104.401    31.874     7.272    54.000     0.026      61       9    60.0     8.0
   104.386    31.861     7.272    54.000     0.032      62       8    62.0     8.0
   104.371    31.848     7.272    54.000     0.029      63       6    64.0     8.0
   104.852    32.255     5.654    54.000     0.018      37       4     0.0     6.0
   104.837    32.243     5.654    54.000     0.023      38       5     2.0     6.0
   104.822    32.230     5.654    54.000     0.028      66       3     4.0     6.0
   104.807    32.217     5.654    54.000     0.051      68       4     6.0     6.0
   104.793    32.204     5.654    54.000     0.056      68       3     8.0     6.0
   104.778    32.191     5.654    54.000     0.038      69       3    10.0     6.0
   104.763    32.178     5.654    54.000     0.019      65       3    12.0     6.0
   104.748    32.165     5.654    54.000     0.021      42      37    14.0     6.0
   104.734    32.152     5.654    54.000     0.027      59       1    16.0     6.0
   104.719    32.139     5.654    54.000     0.031      74      37    18.0     6.0
   104.704    32.126     5.654    54.000     0.043      68      35    20.0     6.0
   104.689    32.113     5.654    54.000     0.035      68      34    22.0     6.0
   104.674    32.100     5.654    54.000     0.039      69      35    24.0     6.0
   104.660    32.087     5.654    54.000     0.015      64      35    26.0     6.0
   104.645    32.074     5.654    54.000     0.017      62      16    28.0     6.0
   104.630    32.061     5.654    54.000     0.021      60      19    30.0     6.0
   104.616    32.049     5.654    54.000     0.024      61      17    32.0     6.0
   104.601    32.036     5.654    54.000     0.015      97      33    34.0     6.0
   104.586    32.023     5.654    54.000     0.017      33       4    36.0     6.0
   104.571    32.010     5.654    54.000     0.033     100       9    38.0     6.0
   104.557    31.997     5.654    54.000     0.025      99       9    40.0     6.0
   104.542    31.984     5.654    54.000     0.037     100       6    42.0     6.0
   104.527    31.971     5.654    54.000     0.039     100       7    44.0     6.0
   104.512    31.958     5.654    54.000     0.016      74       2    46.0     6.0
   104.498    31.945     5.654    54.000     0.015      73       2    48.0     6.0
   104.483    31.932     5.654    54.000     0.032      28      10    50.0     6.0
   104.468    31.919     5.654    54.000     0.065      31      22    52.0     6.0
   104.454    31.906     5.654    54.000     0.043      31      15    54.0     6.0
   104.439    31.893     5.654    54.000     0.030      30       4    56.0     6.0
   104.424    31.880     5.654    54.000     0.029      32       3    58.0     6.0
   104.410    31.867     5.654    54.000     0.010     100      32    60.0     6.0
   104.395    31.854     5.654    54.000     0.019     100      31    62.0     6.0
   104.380    31.841     5.654    54.000     0.009      53      33    64.0     6.0
   104.861    32.248     4.036    54.000     0.007      64      27     0.0     4.0
   104.846    32.235     4.036    54.000     0.015      97      29     2.0     4.0
   104.831    32.222     4.036    54.000     0.021      79       4     4.0     4.0
   104.816    32.209     4.036    54.000     0.046      79       5     6.0     4.0
   104.802    32.196     4.036    54.000     0.035      79       5     8.0     4.0
   104.787    32.183     4.036    54.000     0.019      76       7    10.0     4.0
   104.772    32.171     4.036    54.000     0.029      84      36    12.0     4.0
   104.757    32.158     4.036    54.000     0.034      99       4    14.0     4.0
   104.742    32.145     4.036    54.000     0.040      82      31    16.0     4.0
   104.728    32.132     4.036    54.000     0.023      97       1    18.0     4.0
   104.713    32.119     4.036    54.000     0.027      99       1    20.0     4.0
   104.698    32.106     4.036    54.000     0.015      80      28    22.0     4.0
   104.683    32.093     4.036    54.000     0.017      19       4    24.0     4.0
   104.669    32.080     4.036    54.000     0.009      55       4    26.0     4.0
   104.654    32.067     4.036    54.000     0.017      73      27    28.0     4.0
   104.639    32.054     4.036    54.000     0.007      73      24    30.0     4.0
   104.624    32.041     4.036    54.000     0.009      74       6    32.0     4.0
   104.610    32.028     4.036    54.000     0.023      77       6    34.0     4.0
   104.595    32.015     4.036    54.000     0.050      76       6    36.0     4.0
   104.580    32.002     4.036    54.000     0.057      77       5    38.0     4.0
   104.566    31.989     4.036    54.000     0.046      75       6    40.0     4.0
   104.551    31.976     4.036    54.000     0.028      97      37    42.0     4.0
   104.536    31.963     4.036    54.000     0.009      96      37    44.0     4.0
   104.521    31.950     4.036    54.000     0.012      15      34    46.0     4.0
   104.507    31.937     4.036    54.000     0.009      28       6    48.0     4.0
   104.492    31.925     4.036    54.000     0.016      60       7    50.0     4.0
   104.477    31.912     4.036    54.000     0.026      62      17    52.0     4.0
   104.463    31.899     4.036    54.000     0.019      62      15    54.0     4.0
   104.448    31.886     4.036    54.000     0.006      29      37    56.0     4.0
   104.433    31.873     4.036    54.000     0.020      29      37    58.0     4.0
   104.418    31.860     4.036    54.000     0.037      29      35    60.0     4.0
   104.404    31.847     4.036    54.000     0.111      49       8    62.0     4.0
   104.389    31.834     4.036    54.000     0.132      49      10    64.0     4.0
   104.870    32.241     2.418    54.000     0.016      57       2     0.0     2.0
   104.855    32.228     2.418    54.000     0.021      52      33     2.0     2.0
   104.840    32.215     2.418    54.000     0.028      59       3     4.0     2.0
   104.825    32.202     2.418    54.000     0.023      95       5     6.0     2.0
   104.811    32.189     2.418    54.000     0.015      58       3     8.0     2.0
   104.796    32.176     2.418    54.000     0.032      94      14    10.0     2.0
   104.781    32.163     2.418    54.000     0.079      98      35    12.0     2.0
   104.766    32.150     2.418    54.000     0.088      98      35    14.0     2.0
   104.751    32.137     2.418    54.000     0.051      98      36    16.0     2.0
   104.737    32.124     2.418    54.000     0.024      99      37    18.0     2.0
   104.722    32.111     2.418    54.000     0.018     100      37    20.0     2.0
   104.707    32.098     2.418    54.000     0.030      18      37    22.0     2.0
   104.692    32.086     2.418    54.000     0.050      19      37    24.0     2.0
   104.678    32.073     2.418    54.000     0.026      18      37    26.0     2.0
   104.663    32.060     2.418    54.000     0.032      43      29    28.0     2.0
   104.648    32.047     2.418    54.000     0.026      42      26    30.0     2.0
   104.633    32.034     2.418    54.000     0.021      16      37    32.0     2.0
   104.619    32.021     2.418    54.000     0.011      29       1    34.0     2.0
   104.604    32.008     2.418    54.000     0.013      39      37    36.0     2.0
   104.589    31.995     2.418    54.000     0.009      42      36    38.0     2.0
   104.574    31.982     2.418    54.000     0.011      40      37    40.0     2.0
   104.560    31.969     2.418    54.000     0.008      98      13    42.0     2.0
   104.545    31.956     2.418    54.000     0.013      96      20    44.0     2.0
   104.530    31.943     2.418    54.000     0.016      97      24    46.0     2.0
   104.516    31.930     2.418    54.000     0.027      96      30    48.0     2.0
   104.501    31.917     2.418    54.000     0.020      48       1    50.0     2.0
   104.486    31.904     2.418    54.000     0.021      16      21    52.0     2.0
   104.471    31.891     2.418    54.000     0.029      52       3    54.0     2.0
   104.457    31.878     2.418    54.000     0.037      51       4    56.0     2.0
   104.442    31.865     2.418    54.000     0.028      52       3    58.0     2.0
   104.427    31.852     2.418    54.000     0.032      19      35    60.0     2.0
   104.413    31.839     2.418    54.000     0.014      20      35    62.0     2.0
   104.398    31.826     2.418    54.000     0.010      86       7    64.0     2.0
   104.879    32.233     0.800    54.000     0.015      55      32     0.0     0.0
   104.864    32.220     0.800    54.000     0.014      22       7     2.0     0.0
   104.849    32.207     0.800    54.000     0.026      96       1     4.0     0.0
   104.834    32.195     0.800    54.000     0.030      95       4     6.0     0.0
   104.819    32.182     0.800    54.000     0.026     100       1     8.0     0.0
   104.805    32.169     0.800    54.000     0.054     100       1    10.0     0.0
   104.790    32.156     0.800    54.000     0.028     100       3    12.0     0.0
   104.775    32.143     0.800    54.000     0.013      16       2    14.0     0.0
   104.760    32.130     0.800    54.000     0.013      92      32    16.0     0.0
   104.746    32.117     0.800    54.000     0.023      59      30    18.0     0.0
   104.731    32.104     0.800    54.000     0.025      59      33    20.0     0.0
   104.716    32.091     0.800    54.000     0.049      46       1    22.0     0.0
   104.701    32.078     0.800    54.000     0.053      55      33    24.0     0.0
   104.687    32.065     0.800    54.000     0.058      84       4    26.0     0.0
   104.672    32.052     0.800    54.000     0.058      44       8    28.0     0.0
   104.657    32.039     0.800    54.000     0.059      82      31    30.0     0.0
   104.642    32.026     0.800    54.000     0.088      83      32    32.0     0.0
   104.628    32.013     0.800    54.000     0.070      85      35    34.0     0.0
   104.613    32.000     0.800    54.000     0.049      85      35    36.0     0.0
   104.598    31.988     0.800    54.000     0.019      44      33    38.0     0.0
   104.583    31.975     0.800    54.000     0.025      28       1    40.0     0.0
   104.569    31.962     0.800    54.000     0.024      45      35    42.0     0.0
   104.554    31.949     0.800    54.000     0.023      57       3    44.0     0.0
   104.539    31.936     0.800    54.000     0.038      61       2    46.0     0.0
   104.525    31.923     0.800    54.000     0.032      61       2    48.0     0.0
   104.510    31.910     0.800    54.000     0.024      14      10    50.0     0.0
   104.495    31.897     0.800    54.000     0.047      15       7    52.0     0.0
   104.480    31.884     0.800    54.000     0.054      15       7    54.0     0.0
   104.466    31.871     0.800    54.000     0.034      16       6    56.0     0.0
   104.451    31.858     0.800    54.000     0.040      18       6    58.0     0.0
   104.436    31.845     0.800    54.000     0.045      19       6    60.0     0.0
   104.422    31.832     0.800    54.000     0.026      19       9    62.0     0.0
   104.407    31.819     0.800    54.000     0.024      17      36    64.0     0.0
