   104.700    32.381    33.161    54.000     0.030      46      29     0.0    40.0
   104.685    32.368    33.161    54.000     0.031       9      31     2.0    40.0
   104.670    32.355    33.161    54.000     0.031      41      32     4.0    40.0
   104.655    32.342    33.161    54.000     0.027      11      31     6.0    40.0
   104.641    32.329    33.161    54.000     0.016      11       9     8.0    40.0
   104.626    32.316    33.161    54.000     0.017      21       1    10.0    40.0
   104.611    32.303    33.161    54.000     0.033      15       9    12.0    40.0
   104.596    32.290    33.161    54.000     0.044      14       6    14.0    40.0
   104.581    32.278    33.161    54.000     0.024      76      36    16.0    40.0
   104.567    32.265    33.161    54.000     0.023      75      36    18.0    40.0
   104.552    32.252    33.161    54.000     0.028      73      35    20.0    40.0
   104.537    32.239    33.161    54.000     0.017      59       1    22.0    40.0
   104.522    32.226    33.161    54.000     0.021      46      16    24.0    40.0
   104.508    32.213    33.161    54.000     0.012      74      31    26.0    40.0
   104.493    32.200    33.161    54.000     0.015      47      29    28.0    40.0
   104.478    32.187    33.161    54.000     0.012      49      29    30.0    40.0
   104.463    32.174    33.161    54.000     0.010      93       1    32.0    40.0
   104.449    32.161    33.161    54.000     0.021     100      32    34.0    40.0
   104.434    32.148    33.161    54.000     0.019     100      32    36.0    40.0
   104.419    32.135    33.161    54.000     0.017     100      36    38.0    40.0
   104.404    32.122    33.161    54.000     0.020      99      36    40.0    40.0
   104.390    32.109    33.161    54.000     0.015      98      36    42.0    40.0
   104.375    32.096    33.161    54.000     0.036      60      28    44.0    40.0
   104.360    32.083    33.161    54.000     0.033      59      30    46.0    40.0
   104.346    32.070    33.161    54.000     0.022      61      24    48.0    40.0
   104.331    32.057    33.161    54.000     0.022      57      25    50.0    40.0
   104.316    32.044    33.161    54.000     0.009      58      26    52.0    40.0
   104.301    32.031    33.161    54.000     0.016       1       6    54.0    40.0
   104.287    32.018    33.161    54.000     0.027      42       7    56.0    40.0
   104.272    32.005    33.161    54.000     0.036      43       7    58.0    40.0
   104.257    31.992    33.161    54.000     0.041      45       7    60.0    40.0
   104.243    31.979    33.161    54.000     0.049      46      16    62.0    40.0
   104.228    31.966    33.161    54.000     0.068      47      23    64.0    40.0
   104.709    32.374    31.543    54.000     0.074      76      29     0.0    38.0
   104.694    32.361    31.543    54.000     0.034      73      28     2.0    38.0
   104.679    32.348    31.543    54.000     0.102      42      19     4.0    38.0
   104.664    32.335    31.543    54.000     0.121      42      28     6.0    38.0
   104.649    32.322    31.543    54.000     0.128      41      27     8.0    38.0
   104.635    32.309    31.543    54.000     0.059      41      31    10.0    38.0
   104.620    32.296    31.543    54.000     0.016      80      37    12.0    38.0
   104.605    32.283    31.543    54.000     0.019      77      37    14.0    38.0
   104.590    32.270    31.543    54.000     0.015      75      37    16.0    38.0
   104.576    32.257    31.543    54.000     0.009      75      36    18.0    38.0
   104.561    32.244    31.543    54.000     0.009      73      36    20.0    38.0
   104.546    32.231    31.543    54.000     0.012      32       2    22.0    38.0
   104.531    32.218    31.543    54.000     0.027      30       3    24.0    38.0
   104.517    32.205    31.543    54.000     0.056      29       3    26.0    38.0
   104.502    32.192    31.543    54.000     0.028      29       3    28.0    38.0
   104.487    32.179    31.543    54.000     0.022      26       1    30.0    38.0
   104.472    32.166    31.543    54.000     0.018      24       1    32.0    38.0
   104.458    32.154    31.543    54.000     0.017      22       1    34.0    38.0
   104.443    32.141    31.543    54.000     0.016      72      34    36.0    38.0
   104.428    32.128    31.543    54.000     0.015      37      37    38.0    38.0
   104.413    32.115    31.543    54.000     0.034      68      30    40.0    38.0
   104.399    32.102    31.543    54.000     0.034      68      31    42.0    38.0
   104.384    32.089    31.543    54.000     0.023      66      32    44.0    38.0
   104.369    32.076    31.543    54.000     0.020      68      25    46.0    38.0
   104.355    32.063    31.543    54.000     0.013       5       5    48.0    38.0
   104.340    32.050    31.543    54.000     0.030       4       5    50.0    38.0
   104.325    32.037    31.543    54.000     0.021       4      11    52.0    38.0
   104.310    32.024    31.543    54.000     0.024       2      12    54.0    38.0
   104.296    32.011    31.543    54.000     0.023      74       9    56.0    38.0
   104.281    31.998    31.543    54.000     0.028      59      37    58.0    38.0
   104.266    31.985    31.543    54.000     0.050       3      34    60.0    38.0
   104.252    31.972    31.543    54.000     0.072       2      35    62.0    38.0
   104.237    31.959    31.543    54.000     0.046       1      34    64.0    38.0
   104.718    32.366    29.925    54.000     0.021      97       1     0.0    36.0
   104.703    32.353    29.925    54.000     0.036      75      26     2.0    36.0
   104.688    32.340    29.925    54.000     0.023      74      27     4.0    36.0
   104.673    32.328    29.925    54.000     0.010      49      33     6.0    36.0
   104.658    32.315    29.925    54.000     0.005      47      33     8.0    36.0
   104.644    32.302    29.925    54.000     0.004      29       4    10.0    36.0
   104.629    32.289    29.925    54.000     0.009      29       7    12.0    36.0
   104.614    32.276    29.925    54.000     0.014      60      29    14.0    36.0
   104.599    32.263    29.925    54.000     0.014      62      35    16.0    36.0
   104.585    32.250    29.925    54.000     0.025      60      35    18.0    36.0
   104.570    32.237    29.925    54.000     0.016      59      36    20.0    36.0
   104.555    32.224    29.925    54.000     0.018      64      20    22.0    36.0
   104.540    32.211    29.925    54.000     0.022      64      14    24.0    36.0
   104.526    32.198    29.925    54.000     0.024      66      18    26.0    36.0
   104.511    32.185    29.925    54.000     0.016      66      14    28.0    36.0
   104.496    32.172    29.925    54.000     0.023      27       5    30.0    36.0
   104.481    32.159    29.925    54.000     0.031      12      37    32.0    36.0
   104.467    32.146    29.925    54.000     0.048      75      37    34.0    36.0
   104.452    32.133    29.925    54.000     0.072      74      37    36.0    36.0
   104.437    32.120    29.925    54.000     0.082      72      36    38.0    36.0
   104.422    32.107    29.925    54.000     0.071      71      35    40.0    36.0
   104.408    32.094    29.925    54.000     0.051      72      32    42.0    36.0
   104.393    32.081    29.925    54.000     0.041      72      32    44.0    36.0
   104.378    32.068    29.925    54.000     0.023      70      29    46.0    36.0
   104.364    32.055    29.925    54.000     0.041      71       7    48.0    36.0
   104.349    32.042    29.925    54.000     0.037      73       7    50.0    36.0
   104.334    32.029    29.925    54.000     0.060      41       4    52.0    36.0
   104.319    32.016    29.925    54.000     0.075      40       4    54.0    36.0
   104.305    32.003    29.925    54.000     0.030      30      36    56.0    36.0
   104.290    31.990    29.925    54.000     0.027      29      36    58.0    36.0
   104.275    31.977    29.925    54.000     0.009      85      37    60.0    36.0
   104.261    31.964    29.925    54.000     0.016      83      37    62.0    36.0
   104.246    31.951    29.925    54.000     0.017      58      12    64.0    36.0
   104.727    32.359    28.307    54.000     0.016      23      32     0.0    34.0
   104.712    32.346    28.307    54.000     0.012      25      29     2.0    34.0
   104.697    32.333    28.307    54.000     0.012      30      28     4.0    34.0
   104.682    32.320    28.307    54.000     0.016      24       5     6.0    34.0
   104.667    32.307    28.307    54.000     0.026      23       6     8.0    34.0
   104.653    32.294    28.307    54.000     0.027      24       7    10.0    34.0
   104.638    32.281    28.307    54.000     0.017      23      28    12.0    34.0
   104.623    32.268    28.307    54.000     0.020      79       1    14.0    34.0
   104.608    32.255    28.307    54.000     0.016      25      27    16.0    34.0
   104.594    32.242    28.307    54.000     0.018      66      36    18.0    34.0
   104.579    32.230    28.307    54.000     0.018      27      11    20.0    34.0
   104.564    32.217    28.307    54.000     0.037      24       3    22.0    34.0
   104.549    32.204    28.307    54.000     0.038      22       2    24.0    34.0
   104.534    32.191    28.307    54.000     0.022      20       1    26.0    34.0
   104.520    32.178    28.307    54.000     0.019      20       1    28.0    34.0
   104.505    32.165    28.307    54.000     0.009      73       4    30.0    34.0
   104.490    32.152    28.307    54.000     0.012      72       3    32.0    34.0
   104.476    32.139    28.307    54.000     0.019      96       4    34.0    34.0
   104.461    32.126    28.307    54.000     0.036      34       3    36.0    34.0
   104.446    32.113    28.307    54.000     0.047      35       3    38.0    34.0
   104.431    32.100    28.307    54.000     0.048      34       3    40.0    34.0
   104.417    32.087    28.307    54.000     0.073      74      23    42.0    34.0
   104.402    32.074    28.307    54.000     0.053      76      30    44.0    34.0
   104.387    32.061    28.307    54.000     0.031      72      19    46.0    34.0
   104.372    32.048    28.307    54.000     0.030      68      30    48.0    34.0
   104.358    32.035    28.307    54.000     0.034      66      31    50.0    34.0
   104.343    32.022    28.307    54.000     0.035      30      35    52.0    34.0
   104.328    32.009    28.307    54.000     0.046      32      32    54.0    34.0
   104.314    31.996    28.307    54.000     0.064      35      30    56.0    34.0
   104.299    31.983    28.307    54.000     0.093      34      28    58.0    34.0
   104.284    31.970    28.307    54.000     0.076      33      24    60.0    34.0
   104.270    31.957    28.307    54.000     0.049      31      24    62.0    34.0
   104.255    31.944    28.307    54.000     0.057      32       8    64.0    34.0
   104.736    32.352    26.689    54.000     0.008      63      19     0.0    32.0
   104.721    32.339    26.689    54.000     0.026      24       9     2.0    32.0
   104.706    32.326    26.689    54.000     0.037      24      12     4.0    32.0
   104.691    32.313    26.689    54.000     0.033      24       7     6.0    32.0
   104.676    32.300    26.689    54.000     0.039      23       4     8.0    32.0
   104.662    32.287    26.689    54.000     0.020      28       3    10.0    32.0
   104.647    32.274    26.689    54.000     0.015      48      22    12.0    32.0
   104.632    32.261    26.689    54.000     0.008      23       2    14.0    32.0
   104.617    32.248    26.689    54.000     0.007      23      12    16.0    32.0
   104.602    32.235    26.689    54.000     0.004      20      13    18.0    32.0
   104.588    32.222    26.689    54.000     0.007      33       3    20.0    32.0
   104.573    32.209    26.689    54.000     0.010      23      33    22.0    32.0
   104.558    32.196    26.689    54.000     0.014      88       2    24.0    32.0
   104.543    32.183    26.689    54.000     0.013      20      34    26.0    32.0
   104.529    32.170    26.689    54.000     0.008      83       5    28.0    32.0
   104.514    32.157    26.689    54.000     0.008      82      10    30.0    32.0
   104.499    32.144    26.689    54.000     0.008     100       1    32.0    32.0
   104.484    32.131    26.689    54.000     0.056      98       1    34.0    32.0
   104.470    32.118    26.689    54.000     0.095      99       1    36.0    32.0
   104.455    32.105    26.689    54.000     0.114      99       1    38.0    32.0
   104.440    32.093    26.689    54.000     0.089      99       1    40.0    32.0
   104.426    32.080    26.689    54.000     0.051      73       3    42.0    32.0
   104.411    32.067    26.689    54.000     0.035      71       4    44.0    32.0
   104.396    32.054    26.689    54.000     0.027      72      21    46.0    32.0
   104.381    32.041    26.689    54.000     0.031      16      31    48.0    32.0
   104.367    32.028    26.689    54.000     0.034      72      27    50.0    32.0
   104.352    32.015    26.689    54.000     0.028      70      28    52.0    32.0
   104.337    32.002    26.689    54.000     0.024      72      34    54.0    32.0
   104.323    31.989    26.689    54.000     0.019      69      37    56.0    32.0
   104.308    31.976    26.689    54.000     0.012      57       4    58.0    32.0
   104.293    31.963    26.689    54.000     0.010      72      36    60.0    32.0
   104.279    31.950    26.689    54.000     0.009      84       1    62.0    32.0
   104.264    31.937    26.689    54.000     0.010      32      32    64.0    32.0
   104.745    32.344    25.071    54.000     0.015      20       9     0.0    30.0
   104.730    32.331    25.071    54.000     0.022      84       5     2.0    30.0
   104.715    32.318    25.071    54.000     0.017      55       8     4.0    30.0
   104.700    32.305    25.071    54.000     0.020      54      12     6.0    30.0
   104.685    32.292    25.071    54.000     0.022      58       6     8.0    30.0
   104.671    32.279    25.071    54.000     0.024      77      25    10.0    30.0
   104.656    32.267    25.071    54.000     0.030       6       1    12.0    30.0
   104.641    32.254    25.071    54.000     0.036       4       1    14.0    30.0
   104.626    32.241    25.071    54.000     0.031       4       1    16.0    30.0
   104.611    32.228    25.071    54.000     0.016       4       1    18.0    30.0
   104.597    32.215    25.071    54.000     0.013       5       1    20.0    30.0
   104.582    32.202    25.071    54.000     0.013      49      37    22.0    30.0
   104.567    32.189    25.071    54.000     0.010      11       1    24.0    30.0
   104.552    32.176    25.071    54.000     0.016       9       1    26.0    30.0
   104.538    32.163    25.071    54.000     0.029      10       2    28.0    30.0
   104.523    32.150    25.071    54.000     0.023      12       1    30.0    30.0
   104.508    32.137    25.071    54.000     0.024      90       4    32.0    30.0
   104.493    32.124    25.071    54.000     0.031      65      32    34.0    30.0
   104.479    32.111    25.071    54.000     0.037      68      27    36.0    30.0
   104.464    32.098    25.071    54.000     0.037      67      28    38.0    30.0
   104.449    32.085    25.071    54.000     0.022      90      34    40.0    30.0
   104.435    32.072    25.071    54.000     0.015      89      37    42.0    30.0
   104.420    32.059    25.071    54.000     0.018      14      18    44.0    30.0
   104.405    32.046    25.071    54.000     0.040      15      22    46.0    30.0
   104.390    32.033    25.071    54.000     0.082      11      21    48.0    30.0
   104.376    32.020    25.071    54.000     0.139      11      10    50.0    30.0
   104.361    32.007    25.071    54.000     0.120      12      13    52.0    30.0
   104.346    31.994    25.071    54.000     0.066       6       1    54.0    30.0
   104.332    31.981    25.071    54.000     0.104       5       1    56.0    30.0
   104.317    31.968    25.071    54.000     0.063       2       1    58.0    30.0
   104.302    31.955    25.071    54.000     0.041       1       1    60.0    30.0
   104.288    31.942    25.071    54.000     0.032      40      36    62.0    30.0
   104.273    31.929    25.071    54.000     0.043      37      37    64.0    30.0
   104.753    32.337    23.452    54.000     0.027      56      10     0.0    28.0
   104.739    32.324    23.452    54.000     0.023      54       7     2.0    28.0
   104.724    32.311    23.452    54.000     0.014      61      37     4.0    28.0
   104.709    32.298    23.452    54.000     0.033      60      37     6.0    28.0
   104.694    32.285    23.452    54.000     0.035      99       7     8.0    28.0
   104.679    32.272    23.452    54.000     0.054      97       5    10.0    28.0
   104.665    32.259    23.452    54.000     0.043      12       3    12.0    28.0
   104.650    32.246    23.452    54.000     0.065      51      37    14.0    28.0
   104.635    32.233    23.452    54.000     0.057      49      37    16.0    28.0
   104.620    32.220    23.452    54.000     0.018      66       1    18.0    28.0
   104.606    32.207    23.452    54.000     0.021      73      33    20.0    28.0
   104.591    32.194    23.452    54.000     0.009      75      16    22.0    28.0
   104.576    32.181    23.452    54.000     0.012      77       4    24.0    28.0
   104.561    32.169    23.452    54.000     0.029      75       4    26.0    28.0
   104.547    32.156    23.452    54.000     0.036      76       4    28.0    28.0
   104.532    32.143    23.452    54.000     0.029      74       9    30.0    28.0
   104.517    32.130    23.452    54.000     0.019     100      20    32.0    28.0
   104.502    32.117    23.452    54.000     0.020     100      17    34.0    28.0
   104.488    32.104    23.452    54.000     0.009      99      18    36.0    28.0
   104.473    32.091    23.452    54.000     0.006       7       2    38.0    28.0
   104.458    32.078    23.452    54.000     0.015      82       8    40.0    28.0
   104.443    32.065    23.452    54.000     0.017      85      12    42.0    28.0
   104.429    32.052    23.452    54.000     0.023      87      17    44.0    28.0
   104.414    32.039    23.452    54.000     0.021      85      13    46.0    28.0
   104.399    32.026    23.452    54.000     0.016      83      11    48.0    28.0
   104.385    32.013    23.452    54.000     0.015      14      19    50.0    28.0
   104.370    32.000    23.452    54.000     0.014      14      14    52.0    28.0
   104.355    31.987    23.452    54.000     0.014       4       3    54.0    28.0
   104.341    31.974    23.452    54.000     0.021      21      19    56.0    28.0
   104.326    31.961    23.452    54.000     0.031      22      27    58.0    28.0
   104.311    31.948    23.452    54.000     0.038      21      24    60.0    28.0
   104.296    31.935    23.452    54.000     0.023      68      16    62.0    28.0
   104.282    31.922    23.452    54.000     0.016      68      21    64.0    28.0
   104.762    32.329    21.834    54.000     0.014      96      31     0.0    26.0
   104.748    32.316    21.834    54.000     0.015      92      37     2.0    26.0
   104.733    32.304    21.834    54.000     0.053      94      34     4.0    26.0
   104.718    32.291    21.834    54.000     0.057      92      35     6.0    26.0
   104.703    32.278    21.834    54.000     0.050      91      33     8.0    26.0
   104.688    32.265    21.834    54.000     0.028      92      24    10.0    26.0
   104.674    32.252    21.834    54.000     0.018      56      37    12.0    26.0
   104.659    32.239    21.834    54.000     0.019      56      37    14.0    26.0
   104.644    32.226    21.834    54.000     0.009      55      37    16.0    26.0
   104.629    32.213    21.834    54.000     0.024      11      37    18.0    26.0
   104.615    32.200    21.834    54.000     0.032      10      37    20.0    26.0
   104.600    32.187    21.834    54.000     0.038       1       1    22.0    26.0
   104.585    32.174    21.834    54.000     0.023       2       1    24.0    26.0
   104.570    32.161    21.834    54.000     0.013      75      20    26.0    26.0
   104.556    32.148    21.834    54.000     0.011       2       1    28.0    26.0
   104.541    32.135    21.834    54.000     0.020      67       1    30.0    26.0
   104.526    32.122    21.834    54.000     0.036      81      28    32.0    26.0
   104.511    32.109    21.834    54.000     0.056      78      22    34.0    26.0
   104.497    32.096    21.834    54.000     0.049      79      22    36.0    26.0
   104.482    32.083    21.834    54.000     0.033      76      27    38.0    26.0
   104.467    32.070    21.834    54.000     0.039      12       3    40.0    26.0
   104.452    32.057    21.834    54.000     0.034       8       7    42.0    26.0
   104.438    32.044    21.834    54.000     0.029      89      12    44.0    26.0
   104.423    32.032    21.834    54.000     0.050      88      13    46.0    26.0
   104.408    32.019    21.834    54.000     0.082      86      13    48.0    26.0
   104.394    32.006    21.834    54.000     0.046      86      15    50.0    26.0
   104.379    31.993    21.834    54.000     0.026      13      37    52.0    26.0
   104.364    31.980    21.834    54.000     0.027      12      37    54.0    26.0
   104.349    31.967    21.834    54.000     0.024       1       1    56.0    26.0
   104.335    31.954    21.834    54.000     0.008      21      14    58.0    26.0
   104.320    31.941    21.834    54.000     0.023      22      25    60.0    26.0
   104.305    31.928    21.834    54.000     0.012      23      32    62.0    26.0
   104.291    31.915    21.834    54.000     0.031      23      34    64.0    26.0
   104.771    32.322    20.216    54.000     0.016       4      29     0.0    24.0
   104.757    32.309    20.216    54.000     0.018      54      37     2.0    24.0
   104.742    32.296    20.216    54.000     0.040      53      37     4.0    24.0
   104.727    32.283    20.216    54.000     0.030      51      36     6.0    24.0
   104.712    32.270    20.216    54.000     0.023      85       6     8.0    24.0
   104.697    32.257    20.216    54.000     0.028      85       5    10.0    24.0
   104.683    32.244    20.216    54.000     0.035      87      13    12.0    24.0
   104.668    32.231    20.216    54.000     0.031      77       2    14.0    24.0
   104.653    32.219    20.216    54.000     0.035      78       2    16.0    24.0
   104.638    32.206    20.216    54.000     0.032      78       2    18.0    24.0
   104.624    32.193    20.216    54.000     0.023      23       5    20.0    24.0
   104.609    32.180    20.216    54.000     0.022      96      25    22.0    24.0
   104.594    32.167    20.216    54.000     0.025      96      26    24.0    24.0
   104.579    32.154    20.216    54.000     0.028      45      34    26.0    24.0
   104.564    32.141    20.216    54.000     0.053      45      34    28.0    24.0
   104.550    32.128    20.216    54.000     0.061      47      34    30.0    24.0
   104.535    32.115    20.216    54.000     0.026      45      36    32.0    24.0
   104.520    32.102    20.216    54.000     0.020      47      36    34.0    24.0
   104.506    32.089    20.216    54.000     0.022      49      16    36.0    24.0
   104.491    32.076    20.216    54.000     0.018      51      19    38.0    24.0
   104.476    32.063    20.216    54.000     0.020      51      30    40.0    24.0
   104.461    32.050    20.216    54.000     0.019      16       4    42.0    24.0
   104.447    32.037    20.216    54.000     0.022      52      32    44.0    24.0
   104.432    32.024    20.216    54.000     0.023       1      29    46.0    24.0
   104.417    32.011    20.216    54.000     0.019       1      30    48.0    24.0
   104.403    31.998    20.216    54.000     0.027      97       3    50.0    24.0
   104.388    31.985    20.216    54.000     0.032      25       3    52.0    24.0
   104.373    31.972    20.216    54.000     0.032      24       5    54.0    24.0
   104.358    31.959    20.216    54.000     0.036      22       8    56.0    24.0
   104.344    31.946    20.216    54.000     0.039      21       7    58.0    24.0
   104.329    31.933    20.216    54.000     0.030      20       7    60.0    24.0
   104.314    31.920    20.216    54.000     0.023      39       1    62.0    24.0
   104.300    31.907    20.216    54.000     0.023      22      34    64.0    24.0
   104.780    32.315    18.598    54.000     0.047       1      14     0.0    22.0
   104.766    32.302    18.598    54.000     0.029       1       9     2.0    22.0
   104.751    32.289    18.598    54.000     0.013       3      12     4.0    22.0
   104.736    32.276    18.598    54.000     0.017       1       7     6.0    22.0
   104.721    32.263    18.598    54.000     0.014       1       7     8.0    22.0
   104.706    32.250    18.598    54.000     0.014      85       8    10.0    22.0
   104.692    32.237    18.598    54.000     0.027       4       7    12.0    22.0
   104.677    32.224    18.598    54.000     0.018       2       7    14.0    22.0
   104.662    32.211    18.598    54.000     0.014      25      27    16.0    22.0
   104.647    32.198    18.598    54.000     0.016      84      27    18.0    22.0
   104.632    32.185    18.598    54.000     0.019      85      30    20.0    22.0
   104.618    32.172    18.598    54.000     0.027      91      37    22.0    22.0
   104.603    32.159    18.598    54.000     0.031      91      37    24.0    22.0
   104.588    32.146    18.598    54.000     0.032      92      37    26.0    22.0
   104.573    32.133    18.598    54.000     0.023      91      37    28.0    22.0
   104.559    32.120    18.598    54.000     0.023      10      24    30.0    22.0
   104.544    32.108    18.598    54.000     0.015      81       1    32.0    22.0
   104.529    32.095    18.598    54.000     0.017      20      35    34.0    22.0
   104.514    32.082    18.598    54.000     0.039      22      33    36.0    22.0
   104.500    32.069    18.598    54.000     0.024      97      37    38.0    22.0
   104.485    32.056    18.598    54.000     0.032      98      37    40.0    22.0
   104.470    32.043    18.598    54.000     0.035      97      37    42.0    22.0
   104.456    32.030    18.598    54.000     0.018      22       5    44.0    22.0
   104.441    32.017    18.598    54.000     0.035      20       2    46.0    22.0
   104.426    32.004    18.598    54.000     0.043      19       1    48.0    22.0
   104.411    31.991    18.598    54.000     0.063       5      37    50.0    22.0
   104.397    31.978    18.598    54.000     0.048       5      37    52.0    22.0
   104.382    31.965    18.598    54.000     0.060      85      34    54.0    22.0
   104.367    31.952    18.598    54.000     0.062      84      34    56.0    22.0
   104.353    31.939    18.598    54.000     0.022      56      26    58.0    22.0
   104.338    31.926    18.598    54.000     0.024      52      17    60.0    22.0
   104.323    31.913    18.598    54.000     0.026      54      33    62.0    22.0
   104.309    31.900    18.598    54.000     0.030      16      27    64.0    22.0
   104.789    32.307    16.980    54.000     0.018      63      19     0.0    20.0
   104.774    32.294    16.980    54.000     0.014      63      23     2.0    20.0
   104.760    32.281    16.980    54.000     0.014      68      34     4.0    20.0
   104.745    32.268    16.980    54.000     0.019      66      35     6.0    20.0
   104.730    32.256    16.980    54.000     0.040      66      35     8.0    20.0
   104.715    32.243    16.980    54.000     0.024       8      31    10.0    20.0
   104.701    32.230    16.980    54.000     0.039      33      37    12.0    20.0
   104.686    32.217    16.980    54.000     0.053      33      37    14.0    20.0
   104.671    32.204    16.980    54.000     0.047      32      37    16.0    20.0
   104.656    32.191    16.980    54.000     0.064      29      37    18.0    20.0
   104.641    32.178    16.980    54.000     0.096      28      37    20.0    20.0
   104.627    32.165    16.980    54.000     0.045      27      37    22.0    20.0
   104.612    32.152    16.980    54.000     0.041      58      19    24.0    20.0
   104.597    32.139    16.980    54.000     0.031      84      15    26.0    20.0
   104.582    32.126    16.980    54.000     0.025      92      27    28.0    20.0
   104.568    32.113    16.980    54.000     0.053      87      15    30.0    20.0
   104.553    32.100    16.980    54.000     0.053      85      15    32.0    20.0
   104.538    32.087    16.980    54.000     0.038      86      24    34.0    20.0
   104.523    32.074    16.980    54.000     0.019      86      16    36.0    20.0
   104.509    32.061    16.980    54.000     0.005      86       4    38.0    20.0
   104.494    32.048    16.980    54.000     0.004      84       2    40.0    20.0
   104.479    32.035    16.980    54.000     0.007      43      37    42.0    20.0
   104.465    32.022    16.980    54.000     0.008      18      32    44.0    20.0
   104.450    32.009    16.980    54.000     0.011      95      17    46.0    20.0
   104.435    31.996    16.980    54.000     0.013      94      26    48.0    20.0
   104.420    31.983    16.980    54.000     0.010      93      30    50.0    20.0
   104.406    31.970    16.980    54.000     0.011       2      37    52.0    20.0
   104.391    31.958    16.980    54.000     0.017       6      35    54.0    20.0
   104.376    31.945    16.980    54.000     0.021       3      37    56.0    20.0
   104.362    31.932    16.980    54.000     0.014       3      37    58.0    20.0
   104.347    31.919    16.980    54.000     0.016      35       1    60.0    20.0
   104.332    31.906    16.980    54.000     0.014      88      18    62.0    20.0
   104.318    31.893    16.980    54.000     0.008      13      18    64.0    20.0
   104.798    32.300    15.362    54.000     0.010      57       3     0.0    18.0
   104.783    32.287    15.362    54.000     0.008      52       1     2.0    18.0
   104.769    32.274    15.362    54.000     0.020      38      37     4.0    18.0
   104.754    32.261    15.362    54.000     0.012      37      37     6.0    18.0
   104.739    32.248    15.362    54.000     0.013       5      36     8.0    18.0
   104.724    32.235    15.362    54.000     0.021      19       1    10.0    18.0
   104.709    32.222    15.362    54.000     0.026      17       1    12.0    18.0
   104.695    32.209    15.362    54.000     0.041      18       1    14.0    18.0
   104.680    32.196    15.362    54.000     0.039     100       8    16.0    18.0
   104.665    32.183    15.362    54.000     0.055     100       2    18.0    18.0
   104.650    32.170    15.362    54.000     0.033      97       2    20.0    18.0
   104.636    32.158    15.362    54.000     0.025      97       2    22.0    18.0
   104.621    32.145    15.362    54.000     0.022       1      37    24.0    18.0
   104.606    32.132    15.362    54.000     0.030      88      16    26.0    18.0
   104.591    32.119    15.362    54.000     0.028      88      11    28.0    18.0
   104.577    32.106    15.362    54.000     0.019      63      36    30.0    18.0
   104.562    32.093    15.362    54.000     0.021      36      37    32.0    18.0
   104.547    32.080    15.362    54.000     0.042      35      37    34.0    18.0
   104.532    32.067    15.362    54.000     0.057      35      37    36.0    18.0
   104.518    32.054    15.362    54.000     0.047      35      37    38.0    18.0
   104.503    32.041    15.362    54.000     0.017      89      28    40.0    18.0
   104.488    32.028    15.362    54.000     0.022      65      20    42.0    18.0
   104.473    32.015    15.362    54.000     0.025      89      14    44.0    18.0
   104.459    32.002    15.362    54.000     0.020      12       1    46.0    18.0
   104.444    31.989    15.362    54.000     0.028      12       1    48.0    18.0
   104.429    31.976    15.362    54.000     0.038       9       2    50.0    18.0
   104.415    31.963    15.362    54.000     0.036       9       2    52.0    18.0
   104.400    31.950    15.362    54.000     0.035       8       2    54.0    18.0
   104.385    31.937    15.362    54.000     0.014       8       2    56.0    18.0
   104.371    31.924    15.362    54.000     0.030       5      20    58.0    18.0
   104.356    31.911    15.362    54.000     0.065       4      25    60.0    18.0
   104.341    31.898    15.362    54.000     0.114       4      30    62.0    18.0
   104.327    31.885    15.362    54.000     0.077       4      30    64.0    18.0
   104.807    32.292    13.744    54.000     0.006      99       9     0.0    16.0
   104.792    32.280    13.744    54.000     0.020     100      10     2.0    16.0
   104.778    32.267    13.744    54.000     0.024      99       8     4.0    16.0
   104.763    32.254    13.744    54.000     0.027      73       7     6.0    16.0
   104.748    32.241    13.744    54.000     0.016      98       9     8.0    16.0
   104.733    32.228    13.744    54.000     0.019     100      14    10.0    16.0
   104.718    32.215    13.744    54.000     0.014      99      16    12.0    16.0
   104.704    32.202    13.744    54.000     0.027      40      27    14.0    16.0
   104.689    32.189    13.744    54.000     0.052      69      35    16.0    16.0
   104.674    32.176    13.744    54.000     0.068      53       1    18.0    16.0
   104.659    32.163    13.744    54.000     0.113      53       1    20.0    16.0
   104.645    32.150    13.744    54.000     0.087      53       1    22.0    16.0
   104.630    32.137    13.744    54.000     0.056      49       1    24.0    16.0
   104.615    32.124    13.744    54.000     0.038      35      37    26.0    16.0
   104.600    32.111    13.744    54.000     0.028      26      24    28.0    16.0
   104.586    32.098    13.744    54.000     0.018       1      26    30.0    16.0
   104.571    32.085    13.744    54.000     0.014      62       4    32.0    16.0
   104.556    32.072    13.744    54.000     0.016      63       5    34.0    16.0
   104.541    32.059    13.744    54.000     0.039      94      27    36.0    16.0
   104.527    32.047    13.744    54.000     0.089      93      30    38.0    16.0
   104.512    32.034    13.744    54.000     0.100      96      15    40.0    16.0
   104.497    32.021    13.744    54.000     0.063      95      15    42.0    16.0
   104.482    32.008    13.744    54.000     0.029      63      36    44.0    16.0
   104.468    31.995    13.744    54.000     0.027      62      33    46.0    16.0
   104.453    31.982    13.744    54.000     0.019      95       6    48.0    16.0
   104.438    31.969    13.744    54.000     0.026      42       3    50.0    16.0
   104.424    31.956    13.744    54.000     0.025      43       3    52.0    16.0
   104.409    31.943    13.744    54.000     0.033      41       5    54.0    16.0
   104.394    31.930    13.744    54.000     0.060       1       8    56.0    16.0
   104.380    31.917    13.744    54.000     0.091       1      13    58.0    16.0
   104.365    31.904    13.744    54.000     0.083       1       9    60.0    16.0
   104.350    31.891    13.744    54.000     0.102       1       9    62.0    16.0
   104.336    31.878    13.744    54.000     0.061       1      19    64.0    16.0
   104.816    32.285    12.126    54.000     0.013      42      19     0.0    14.0
   104.801    32.272    12.126    54.000     0.018      19       6     2.0    14.0
   104.786    32.259    12.126    54.000     0.036      18      10     4.0    14.0
   104.772    32.246    12.126    54.000     0.056      17      12     6.0    14.0
   104.757    32.233    12.126    54.000     0.052      18      22     8.0    14.0
   104.742    32.220    12.126    54.000     0.055      18      26    10.0    14.0
   104.727    32.207    12.126    54.000     0.063      21      36    12.0    14.0
   104.713    32.195    12.126    54.000     0.049      22      36    14.0    14.0
   104.698    32.182    12.126    54.000     0.060      87       1    16.0    14.0
   104.683    32.169    12.126    54.000     0.145      87       1    18.0    14.0
   104.668    32.156    12.126    54.000     0.174      87       1    20.0    14.0
   104.653    32.143    12.126    54.000     0.105      85       1    22.0    14.0
   104.639    32.130    12.126    54.000     0.078      73      37    24.0    14.0
   104.624    32.117    12.126    54.000     0.024      73      37    26.0    14.0
   104.609    32.104    12.126    54.000     0.010      29      31    28.0    14.0
   104.594    32.091    12.126    54.000     0.026     100       4    30.0    14.0
   104.580    32.078    12.126    54.000     0.052     100       4    32.0    14.0
   104.565    32.065    12.126    54.000     0.043     100       4    34.0    14.0
   104.550    32.052    12.126    54.000     0.016      68       5    36.0    14.0
   104.536    32.039    12.126    54.000     0.025      79      37    38.0    14.0
   104.521    32.026    12.126    54.000     0.034      96      31    40.0    14.0
   104.506    32.013    12.126    54.000     0.039      95      31    42.0    14.0
   104.491    32.000    12.126    54.000     0.032      95      35    44.0    14.0
   104.477    31.987    12.126    54.000     0.015      94      35    46.0    14.0
   104.462    31.974    12.126    54.000     0.019      64      35    48.0    14.0
   104.447    31.961    12.126    54.000     0.016      64      33    50.0    14.0
   104.433    31.948    12.126    54.000     0.022       1       3    52.0    14.0
   104.418    31.935    12.126    54.000     0.027       1      16    54.0    14.0
   104.403    31.922    12.126    54.000     0.024       5       3    56.0    14.0
   104.388    31.909    12.126    54.000     0.037     100      29    58.0    14.0
   104.374    31.896    12.126    54.000     0.035       2       6    60.0    14.0
   104.359    31.884    12.126    54.000     0.027      30       3    62.0    14.0
   104.344    31.871    12.126    54.000     0.017       1       4    64.0    14.0
   104.825    32.278    10.508    54.000     0.037      47       4     0.0    12.0
   104.810    32.265    10.508    54.000     0.018      47       4     2.0    12.0
   104.795    32.252    10.508    54.000     0.008      51       7     4.0    12.0
   104.781    32.239    10.508    54.000     0.013      17      28     6.0    12.0
   104.766    32.226    10.508    54.000     0.033      54      32     8.0    12.0
   104.751    32.213    10.508    54.000     0.041      54      30    10.0    12.0
   104.736    32.200    10.508    54.000     0.059      53      28    12.0    12.0
   104.722    32.187    10.508    54.000     0.065      51      30    14.0    12.0
   104.707    32.174    10.508    54.000     0.042      50      30    16.0    12.0
   104.692    32.161    10.508    54.000     0.020      23      24    18.0    12.0
   104.677    32.148    10.508    54.000     0.010      24      25    20.0    12.0
   104.662    32.135    10.508    54.000     0.012      92       1    22.0    12.0
   104.648    32.122    10.508    54.000     0.014      90       1    24.0    12.0
   104.633    32.109    10.508    54.000     0.012      99      14    26.0    12.0
   104.618    32.097    10.508    54.000     0.021      41       1    28.0    12.0
   104.603    32.084    10.508    54.000     0.016      31      33    30.0    12.0
   104.589    32.071    10.508    54.000     0.019      30      36    32.0    12.0
   104.574    32.058    10.508    54.000     0.012      28      30    34.0    12.0
   104.559    32.045    10.508    54.000     0.011      26      31    36.0    12.0
   104.544    32.032    10.508    54.000     0.007      13       1    38.0    12.0
   104.530    32.019    10.508    54.000     0.004      73       3    40.0    12.0
   104.515    32.006    10.508    54.000     0.021      75       6    42.0    12.0
   104.500    31.993    10.508    54.000     0.051      73       8    44.0    12.0
   104.486    31.980    10.508    54.000     0.059       1       1    46.0    12.0
   104.471    31.967    10.508    54.000     0.070       4       7    48.0    12.0
   104.456    31.954    10.508    54.000     0.046       3       4    50.0    12.0
   104.441    31.941    10.508    54.000     0.028      12      37    52.0    12.0
   104.427    31.928    10.508    54.000     0.048      33       4    54.0    12.0
   104.412    31.915    10.508    54.000     0.049      34       3    56.0    12.0
   104.397    31.902    10.508    54.000     0.030      34       3    58.0    12.0
   104.383    31.889    10.508    54.000     0.033     100      28    60.0    12.0
   104.368    31.876    10.508    54.000     0.039      78      37    62.0    12.0
   104.353    31.863    10.508    54.000     0.081      66       8    64.0    12.0
   104.834    32.270     8.890    54.000     0.013      87       4     0.0    10.0
   104.819    32.257     8.890    54.000     0.021      87       4     2.0    10.0
   104.804    32.244     8.890    54.000     0.021      86       5     4.0    10.0
   104.790    32.231     8.890    54.000     0.025      68      37     6.0    10.0
   104.775    32.219     8.890    54.000     0.029      68      37     8.0    10.0
   104.760    32.206     8.890    54.000     0.017      15      37    10.0    10.0
   104.745    32.193     8.890    54.000     0.026      13      37    12.0    10.0
   104.730    32.180     8.890    54.000     0.036      12      37    14.0    10.0
   104.716    32.167     8.890    54.000     0.042      13      37    16.0    10.0
   104.701    32.154     8.890    54.000     0.031      20      25    18.0    10.0
   104.686    32.141     8.890    54.000     0.045      20      26    20.0    10.0
   104.671    32.128     8.890    54.000     0.051      17      18    22.0    10.0
   104.657    32.115     8.890    54.000     0.024      18       9    24.0    10.0
   104.642    32.102     8.890    54.000     0.019     100      20    26.0    10.0
   104.627    32.089     8.890    54.000     0.010      91       2    28.0    10.0
   104.612    32.076     8.890    54.000     0.021      78      34    30.0    10.0
   104.598    32.063     8.890    54.000     0.044      75      31    32.0    10.0
   104.583    32.050     8.890    54.000     0.040      74      31    34.0    10.0
   104.568    32.037     8.890    54.000     0.049      72      31    36.0    10.0
   104.553    32.024     8.890    54.000     0.040      77       8    38.0    10.0
   104.539    32.011     8.890    54.000     0.059      79      20    40.0    10.0
   104.524    31.998     8.890    54.000     0.054      76       9    42.0    10.0
   104.509    31.986     8.890    54.000     0.063      75      19    44.0    10.0
   104.495    31.973     8.890    54.000     0.048      74      10    46.0    10.0
   104.480    31.960     8.890    54.000     0.030      16      35    48.0    10.0
   104.465    31.947     8.890    54.000     0.045      14      33    50.0    10.0
   104.450    31.934     8.890    54.000     0.028      13      33    52.0    10.0
   104.436    31.921     8.890    54.000     0.027      11      35    54.0    10.0
   104.421    31.908     8.890    54.000     0.032      13      35    56.0    10.0
   104.406    31.895     8.890    54.000     0.020      10      34    58.0    10.0
   104.392    31.882     8.890    54.000     0.019      10      35    60.0    10.0
   104.377    31.869     8.890    54.000     0.031      19       1    62.0    10.0
   104.362    31.856     8.890    54.000     0.029      17       1    64.0    10.0
   104.843    32.263     7.272    54.000     0.023      96       2     0.0     8.0
   104.828    32.250     7.272    54.000     0.019      94       3     2.0     8.0
   104.813    32.237     7.272    54.000     0.014      43      37     4.0     8.0
   104.799    32.224     7.272    54.000     0.016      43      37     6.0     8.0
   104.784    32.211     7.272    54.000     0.018      43      37     8.0     8.0
   104.769    32.198     7.272    54.000     0.013      13      37    10.0     8.0
   104.754    32.185     7.272    54.000     0.020      12      37    12.0     8.0
   104.739    32.172     7.272    54.000     0.014      10      37    14.0     8.0
   104.725    32.159     7.272    54.000     0.016       1       1    16.0     8.0
   104.710    32.147     7.272    54.000     0.010      33       1    18.0     8.0
   104.695    32.134     7.272    54.000     0.028      31       1    20.0     8.0
   104.680    32.121     7.272    54.000     0.047      31       1    22.0     8.0
   104.666    32.108     7.272    54.000     0.019      29       1    24.0     8.0
   104.651    32.095     7.272    54.000     0.022      13      31    26.0     8.0
   104.636    32.082     7.272    54.000     0.022      57       1    28.0     8.0
   104.621    32.069     7.272    54.000     0.016      59       1    30.0     8.0
   104.607    32.056     7.272    54.000     0.010      77      16    32.0     8.0
   104.592    32.043     7.272    54.000     0.025      79      17    34.0     8.0
   104.577    32.030     7.272    54.000     0.044      79      16    36.0     8.0
   104.562    32.017     7.272    54.000     0.027      23      37    38.0     8.0
   104.548    32.004     7.272    54.000     0.039      24      37    40.0     8.0
   104.533    31.991     7.272    54.000     0.079      24      37    42.0     8.0
   104.518    31.978     7.272    54.000     0.056      24      37    44.0     8.0
   104.503    31.965     7.272    54.000     0.022      70       7    46.0     8.0
   104.489    31.952     7.272    54.000     0.008      71       5    48.0     8.0
   104.474    31.939     7.272    54.000     0.004      49      32    50.0     8.0
   104.459    31.926     7.272    54.000     0.013      17      32    52.0     8.0
   104.445    31.913     7.272    54.000     0.015      19      19    54.0     8.0
   104.430    31.900     7.272    54.000     0.020      20      17    56.0     8.0
   104.415    31.887     7.272    54.000     0.021      21      16    58.0     8.0
   104.401    31.874     7.272    54.000     0.022      15      31    60.0     8.0
   104.386    31.861     7.272    54.000     0.016      17      30    62.0     8.0
   104.371    31.848     7.272    54.000     0.037      10      30    64.0     8.0
   104.852    32.255     5.654    54.000     0.062      81      36     0.0     6.0
   104.837    32.243     5.654    54.000     0.014      81      36     2.0     6.0
   104.822    32.230     5.654    54.000     0.013      30      11     4.0     6.0
   104.807    32.217     5.654    54.000     0.019       1      19     6.0     6.0
   104.793    32.204     5.654    54.000     0.023       1      14     8.0     6.0
   104.778    32.191     5.654    54.000     0.022       5      37    10.0     6.0
   104.763    32.178     5.654    54.000     0.032      18       2    12.0     6.0
   104.748    32.165     5.654    54.000     0.046      16       2    14.0     6.0
   104.734    32.152     5.654    54.000     0.030      15       3    16.0     6.0
   104.719    32.139     5.654    54.000     0.044      12       3    18.0     6.0
   104.704    32.126     5.654    54.000     0.039      12       5    20.0     6.0
   104.689    32.113     5.654    54.000     0.025      82      36    22.0     6.0
   104.674    32.100     5.654    54.000     0.015      83      36    24.0     6.0
   104.660    32.087     5.654    54.000     0.026      12      33    26.0     6.0
   104.645    32.074     5.654    54.000     0.062      15      36    28.0     6.0
   104.630    32.061     5.654    54.000     0.106      16      36    30.0     6.0
   104.616    32.049     5.654    54.000     0.103      17      36    32.0     6.0
   104.601    32.036     5.654    54.000     0.061      11      31    34.0     6.0
   104.586    32.023     5.654    54.000     0.047      40      29    36.0     6.0
   104.571    32.010     5.654    54.000     0.027      38      29    38.0     6.0
   104.557    31.997     5.654    54.000     0.008      10       8    40.0     6.0
   104.542    31.984     5.654    54.000     0.020      13       4    42.0     6.0
   104.527    31.971     5.654    54.000     0.041      11       2    44.0     6.0
   104.512    31.958     5.654    54.000     0.034      11       2    46.0     6.0
   104.498    31.945     5.654    54.000     0.055      26      29    48.0     6.0
   104.483    31.932     5.654    54.000     0.040      59      14    50.0     6.0
   104.468    31.919     5.654    54.000     0.036      21      30    52.0     6.0
   104.454    31.906     5.654    54.000     0.031      53       6    54.0     6.0
   104.439    31.893     5.654    54.000     0.032      18      27    56.0     6.0
   104.424    31.880     5.654    54.000     0.033      18      24    58.0     6.0
   104.410    31.867     5.654    54.000     0.037      19      17    60.0     6.0
   104.395    31.854     5.654    54.000     0.047      18      28    62.0     6.0
   104.380    31.841     5.654    54.000     0.070      19      32    64.0     6.0
   104.861    32.248     4.036    54.000     0.054      94      37     0.0     4.0
   104.846    32.235     4.036    54.000     0.047      94      37     2.0     4.0
   104.831    32.222     4.036    54.000     0.017      95      37     4.0     4.0
   104.816    32.209     4.036    54.000     0.016      96      37     6.0     4.0
   104.802    32.196     4.036    54.000     0.026      96      37     8.0     4.0
   104.787    32.183     4.036    54.000     0.016      94      37    10.0     4.0
   104.772    32.171     4.036    54.000     0.010      68      14    12.0     4.0
   104.757    32.158     4.036    54.000     0.010       7      18    14.0     4.0
   104.742    32.145     4.036    54.000     0.011       9      21    16.0     4.0
   104.728    32.132     4.036    54.000     0.023       8      26    18.0     4.0
   104.713    32.119     4.036    54.000     0.026      33      17    20.0     4.0
   104.698    32.106     4.036    54.000     0.023      32      17    22.0     4.0
   104.683    32.093     4.036    54.000     0.025      63      36    24.0     4.0
   104.669    32.080     4.036    54.000     0.038      60      37    26.0     4.0
   104.654    32.067     4.036    54.000     0.061       9       6    28.0     4.0
   104.639    32.054     4.036    54.000     0.096       9       8    30.0     4.0
   104.624    32.041     4.036    54.000     0.089      11       7    32.0     4.0
   104.610    32.028     4.036    54.000     0.077      11      12    34.0     4.0
   104.595    32.015     4.036    54.000     0.060      15      33    36.0     4.0
   104.580    32.002     4.036    54.000     0.079      13      33    38.0     4.0
   104.566    31.989     4.036    54.000     0.083      60      11    40.0     4.0
   104.551    31.976     4.036    54.000     0.082      60       7    42.0     4.0
   104.536    31.963     4.036    54.000     0.084      58       5    44.0     4.0
   104.521    31.950     4.036    54.000     0.097      21       4    46.0     4.0
   104.507    31.937     4.036    54.000     0.054      20       4    48.0     4.0
   104.492    31.925     4.036    54.000     0.047      21       4    50.0     4.0
   104.477    31.912     4.036    54.000     0.044      20       7    52.0     4.0
   104.463    31.899     4.036    54.000     0.033      21       6    54.0     4.0
   104.448    31.886     4.036    54.000     0.017      48       9    56.0     4.0
   104.433    31.873     4.036    54.000     0.029      47       7    58.0     4.0
   104.418    31.860     4.036    54.000     0.033      49      14    60.0     4.0
   104.404    31.847     4.036    54.000     0.056      48      13    62.0     4.0
   104.389    31.834     4.036    54.000     0.047      48       7    64.0     4.0
   104.870    32.241     2.418    54.000     0.044      77      33     0.0     2.0
   104.855    32.228     2.418    54.000     0.040      77      37     2.0     2.0
   104.840    32.215     2.418    54.000     0.015      67       1     4.0     2.0
   104.825    32.202     2.418    54.000     0.007      15      18     6.0     2.0
   104.811    32.189     2.418    54.000     0.006      14      21     8.0     2.0
   104.796    32.176     2.418    54.000     0.015      97       2    10.0     2.0
   104.781    32.163     2.418    54.000     0.013      97       2    12.0     2.0
   104.766    32.150     2.418    54.000     0.008      98       3    14.0     2.0
   104.751    32.137     2.418    54.000     0.016     100      36    16.0     2.0
   104.737    32.124     2.418    54.000     0.025     100      36    18.0     2.0
   104.722    32.111     2.418    54.000     0.023      76      37    20.0     2.0
   104.707    32.098     2.418    54.000     0.025      77      37    22.0     2.0
   104.692    32.086     2.418    54.000     0.025      74      36    24.0     2.0
   104.678    32.073     2.418    54.000     0.014       1      30    26.0     2.0
   104.663    32.060     2.418    54.000     0.040      57       2    28.0     2.0
   104.648    32.047     2.418    54.000     0.030      20       1    30.0     2.0
   104.633    32.034     2.418    54.000     0.080      21       1    32.0     2.0
   104.619    32.021     2.418    54.000     0.058      20       1    34.0     2.0
   104.604    32.008     2.418    54.000     0.068      32      37    36.0     2.0
   104.589    31.995     2.418    54.000     0.052      57      33    38.0     2.0
   104.574    31.982     2.418    54.000     0.050      56      36    40.0     2.0
   104.560    31.969     2.418    54.000     0.020      57      35    42.0     2.0
   104.545    31.956     2.418    54.000     0.045      11       5    44.0     2.0
   104.530    31.943     2.418    54.000     0.046       6       2    46.0     2.0
   104.516    31.930     2.418    54.000     0.042       6       2    48.0     2.0
   104.501    31.917     2.418    54.000     0.026       6       2    50.0     2.0
   104.486    31.904     2.418    54.000     0.029      42       7    52.0     2.0
   104.471    31.891     2.418    54.000     0.042      40       8    54.0     2.0
   104.457    31.878     2.418    54.000     0.034       6      22    56.0     2.0
   104.442    31.865     2.418    54.000     0.035       6      32    58.0     2.0
   104.427    31.852     2.418    54.000     0.017      31       2    60.0     2.0
   104.413    31.839     2.418    54.000     0.028      29       2    62.0     2.0
   104.398    31.826     2.418    54.000     0.045      26       2    64.0     2.0
   104.879    32.233     0.800    54.000     0.031      24       2     0.0     0.0
   104.864    32.220     0.800    54.000     0.016       9      36     2.0     0.0
   104.849    32.207     0.800    54.000     0.011      47      14     4.0     0.0
   104.834    32.195     0.800    54.000     0.026      78      32     6.0     0.0
   104.819    32.182     0.800    54.000     0.013      78      33     8.0     0.0
   104.805    32.169     0.800    54.000     0.008      79      34    10.0     0.0
   104.790    32.156     0.800    54.000     0.010       7       2    12.0     0.0
   104.775    32.143     0.800    54.000     0.013       5       1    14.0     0.0
   104.760    32.130     0.800    54.000     0.014       3       2    16.0     0.0
   104.746    32.117     0.800    54.000     0.013      48       6    18.0     0.0
   104.731    32.104     0.800    54.000     0.020     100       1    20.0     0.0
   104.716    32.091     0.800    54.000     0.036     100       1    22.0     0.0
   104.701    32.078     0.800    54.000     0.032      90      37    24.0     0.0
   104.687    32.065     0.800    54.000     0.041     100       1    26.0     0.0
   104.672    32.052     0.800    54.000     0.056       1      31    28.0     0.0
   104.657    32.039     0.800    54.000     0.128       2      32    30.0     0.0
   104.642    32.026     0.800    54.000     0.167       2      32    32.0     0.0
   104.628    32.013     0.800    54.000     0.095       1      32    34.0     0.0
   104.613    32.000     0.800    54.000     0.082      29      23    36.0     0.0
   104.598    31.988     0.800    54.000     0.067      31      18    38.0     0.0
   104.583    31.975     0.800    54.000     0.050      57       2    40.0     0.0
   104.569    31.962     0.800    54.000     0.036      57      25    42.0     0.0
   104.554    31.949     0.800    54.000     0.021      81       2    44.0     0.0
   104.539    31.936     0.800    54.000     0.027      57      32    46.0     0.0
   104.525    31.923     0.800    54.000     0.034      15      12    48.0     0.0
   104.510    31.910     0.800    54.000     0.037      15      13    50.0     0.0
   104.495    31.897     0.800    54.000     0.022      15      10    52.0     0.0
   104.480    31.884     0.800    54.000     0.027      10       3    54.0     0.0
   104.466    31.871     0.800    54.000     0.020      15       2    56.0     0.0
   104.451    31.858     0.800    54.000     0.017      11      31    58.0     0.0
   104.436    31.845     0.800    54.000     0.022      12      33    60.0     0.0
   104.422    31.832     0.800    54.000     0.027      99       3    62.0     0.0
   104.407    31.819     0.800    54.000     0.064      73       1    64.0     0.0
