   103.535    31.374    23.947    34.000     0.043      94      34     0.0    40.0
   103.521    31.360    23.947    34.000     0.015      93      34     2.0    40.0
   103.507    31.347    23.947    34.000     0.012      98      15     4.0    40.0
   103.492    31.334    23.947    34.000     0.011      98      13     6.0    40.0
   103.478    31.321    23.947    34.000     0.019     100      10     8.0    40.0
   103.464    31.308    23.947    34.000     0.024      19      15    10.0    40.0
   103.449    31.295    23.947    34.000     0.092      20      18    12.0    40.0
   103.435    31.281    23.947    34.000     0.075      19      20    14.0    40.0
   103.421    31.268    23.947    34.000     0.062      17      19    16.0    40.0
   103.406    31.255    23.947    34.000     0.020      19      25    18.0    40.0
   103.392    31.242    23.947    34.000     0.005      14      19    20.0    40.0
   103.378    31.229    23.947    34.000     0.009      62      36    22.0    40.0
   103.363    31.216    23.947    34.000     0.024      65      31    24.0    40.0
   103.349    31.202    23.947    34.000     0.044      65      27    26.0    40.0
   103.335    31.189    23.947    34.000     0.037      64      26    28.0    40.0
   103.320    31.176    23.947    34.000     0.020      93      33    30.0    40.0
   103.306    31.163    23.947    34.000     0.014      92      36    32.0    40.0
   103.292    31.150    23.947    34.000     0.008      96      36    34.0    40.0
   103.277    31.136    23.947    34.000     0.007      18      11    36.0    40.0
   103.263    31.123    23.947    34.000     0.009       4      36    38.0    40.0
   103.249    31.110    23.947    34.000     0.010       4      36    40.0    40.0
   103.235    31.097    23.947    34.000     0.010       2      36    42.0    40.0
   103.220    31.084    23.947    34.000     0.006      10       1    44.0    40.0
   103.206    31.070    23.947    34.000     0.018      11       1    46.0    40.0
   103.192    31.057    23.947    34.000     0.016      86       8    48.0    40.0
   103.178    31.044    23.947    34.000     0.035      85      10    50.0    40.0
   103.163    31.031    23.947    34.000     0.022      85      14    52.0    40.0
   103.149    31.018    23.947    34.000     0.039      53      10    54.0    40.0
   103.135    31.004    23.947    34.000     0.025      53       8    56.0    40.0
   103.120    30.991    23.947    34.000     0.015      83      27    58.0    40.0
   103.106    30.978    23.947    34.000     0.009      83      27    60.0    40.0
   103.092    30.965    23.947    34.000     0.010      77      32    62.0    40.0
   103.078    30.951    23.947    34.000     0.018       5      27    64.0    40.0
   103.548    31.363    22.829    34.000     0.016      43      28     0.0    38.0
   103.534    31.350    22.829    34.000     0.010     100      36     2.0    38.0
   103.519    31.337    22.829    34.000     0.012      68      18     4.0    38.0
   103.505    31.324    22.829    34.000     0.010       9      31     6.0    38.0
   103.491    31.311    22.829    34.000     0.007       8      33     8.0    38.0
   103.476    31.298    22.829    34.000     0.016      82      23    10.0    38.0
   103.462    31.284    22.829    34.000     0.014      83      29    12.0    38.0
   103.448    31.271    22.829    34.000     0.028      21      18    14.0    38.0
   103.433    31.258    22.829    34.000     0.028      19      17    16.0    38.0
   103.419    31.245    22.829    34.000     0.018      19      31    18.0    38.0
   103.405    31.232    22.829    34.000     0.012      18      31    20.0    38.0
   103.390    31.218    22.829    34.000     0.018      36       2    22.0    38.0
   103.376    31.205    22.829    34.000     0.017      36       2    24.0    38.0
   103.362    31.192    22.829    34.000     0.019      39       2    26.0    38.0
   103.347    31.179    22.829    34.000     0.039      68      21    28.0    38.0
   103.333    31.166    22.829    34.000     0.028      68      21    30.0    38.0
   103.319    31.153    22.829    34.000     0.026      66      18    32.0    38.0
   103.305    31.139    22.829    34.000     0.015      66      13    34.0    38.0
   103.290    31.126    22.829    34.000     0.009      20      14    36.0    38.0
   103.276    31.113    22.829    34.000     0.009      21      14    38.0    38.0
   103.262    31.100    22.829    34.000     0.004      17      26    40.0    38.0
   103.247    31.087    22.829    34.000     0.006      35       2    42.0    38.0
   103.233    31.073    22.829    34.000     0.015      76      37    44.0    38.0
   103.219    31.060    22.829    34.000     0.019      76      37    46.0    38.0
   103.204    31.047    22.829    34.000     0.013      62       1    48.0    38.0
   103.190    31.034    22.829    34.000     0.013      89       2    50.0    38.0
   103.176    31.021    22.829    34.000     0.020      90       2    52.0    38.0
   103.162    31.007    22.829    34.000     0.014      83      29    54.0    38.0
   103.147    30.994    22.829    34.000     0.031      83      24    56.0    38.0
   103.133    30.981    22.829    34.000     0.038      86      21    58.0    38.0
   103.119    30.968    22.829    34.000     0.051      86      23    60.0    38.0
   103.105    30.954    22.829    34.000     0.040      83      30    62.0    38.0
   103.090    30.941    22.829    34.000     0.043       2      23    64.0    38.0
   103.561    31.353    21.710    34.000     0.044      41      33     0.0    36.0
   103.547    31.340    21.710    34.000     0.036      42      34     2.0    36.0
   103.532    31.327    21.710    34.000     0.027      40      34     4.0    36.0
   103.518    31.314    21.710    34.000     0.034      38      32     6.0    36.0
   103.503    31.301    21.710    34.000     0.030      81       3     8.0    36.0
   103.489    31.287    21.710    34.000     0.027      79       3    10.0    36.0
   103.475    31.274    21.710    34.000     0.046      87      34    12.0    36.0
   103.460    31.261    21.710    34.000     0.034      85      29    14.0    36.0
   103.446    31.248    21.710    34.000     0.026      84      24    16.0    36.0
   103.432    31.235    21.710    34.000     0.010      84      21    18.0    36.0
   103.417    31.221    21.710    34.000     0.015      81      21    20.0    36.0
   103.403    31.208    21.710    34.000     0.021      79      15    22.0    36.0
   103.389    31.195    21.710    34.000     0.035      79      14    24.0    36.0
   103.374    31.182    21.710    34.000     0.020     100      29    26.0    36.0
   103.360    31.169    21.710    34.000     0.032      25      37    28.0    36.0
   103.346    31.156    21.710    34.000     0.029      26      37    30.0    36.0
   103.332    31.142    21.710    34.000     0.022      70      12    32.0    36.0
   103.317    31.129    21.710    34.000     0.016      99      33    34.0    36.0
   103.303    31.116    21.710    34.000     0.030     100      34    36.0    36.0
   103.289    31.103    21.710    34.000     0.046      99      32    38.0    36.0
   103.274    31.090    21.710    34.000     0.036     100      32    40.0    36.0
   103.260    31.076    21.710    34.000     0.020     100      32    42.0    36.0
   103.246    31.063    21.710    34.000     0.005      98      32    44.0    36.0
   103.231    31.050    21.710    34.000     0.009     100      18    46.0    36.0
   103.217    31.037    21.710    34.000     0.017     100      17    48.0    36.0
   103.203    31.024    21.710    34.000     0.017       3      35    50.0    36.0
   103.189    31.010    21.710    34.000     0.015     100      18    52.0    36.0
   103.174    30.997    21.710    34.000     0.022      78      37    54.0    36.0
   103.160    30.984    21.710    34.000     0.027      76      37    56.0    36.0
   103.146    30.971    21.710    34.000     0.024      78      37    58.0    36.0
   103.132    30.958    21.710    34.000     0.020      79      36    60.0    36.0
   103.117    30.944    21.710    34.000     0.015      70       1    62.0    36.0
   103.103    30.931    21.710    34.000     0.015      69       1    64.0    36.0
   103.574    31.343    20.592    34.000     0.023      15      27     0.0    34.0
   103.559    31.330    20.592    34.000     0.014      71      32     2.0    34.0
   103.545    31.317    20.592    34.000     0.018      72      32     4.0    34.0
   103.531    31.303    20.592    34.000     0.011      73      35     6.0    34.0
   103.516    31.290    20.592    34.000     0.013      97      36     8.0    34.0
   103.502    31.277    20.592    34.000     0.020      33      32    10.0    34.0
   103.487    31.264    20.592    34.000     0.032       9      21    12.0    34.0
   103.473    31.251    20.592    34.000     0.035       9      16    14.0    34.0
   103.459    31.238    20.592    34.000     0.035      89      37    16.0    34.0
   103.444    31.224    20.592    34.000     0.053      88      37    18.0    34.0
   103.430    31.211    20.592    34.000     0.028       6       6    20.0    34.0
   103.416    31.198    20.592    34.000     0.042       7       5    22.0    34.0
   103.401    31.185    20.592    34.000     0.050       7       3    24.0    34.0
   103.387    31.172    20.592    34.000     0.025       7       5    26.0    34.0
   103.373    31.159    20.592    34.000     0.014      82      37    28.0    34.0
   103.359    31.145    20.592    34.000     0.029       5      24    30.0    34.0
   103.344    31.132    20.592    34.000     0.016      42       1    32.0    34.0
   103.330    31.119    20.592    34.000     0.021       2      26    34.0    34.0
   103.316    31.106    20.592    34.000     0.019      24      36    36.0    34.0
   103.301    31.093    20.592    34.000     0.029      23      36    38.0    34.0
   103.287    31.079    20.592    34.000     0.018       7       3    40.0    34.0
   103.273    31.066    20.592    34.000     0.009      96      31    42.0    34.0
   103.258    31.053    20.592    34.000     0.010      93      33    44.0    34.0
   103.244    31.040    20.592    34.000     0.021      92      33    46.0    34.0
   103.230    31.027    20.592    34.000     0.014       9      36    48.0    34.0
   103.216    31.013    20.592    34.000     0.011      99       3    50.0    34.0
   103.201    31.000    20.592    34.000     0.030      96       2    52.0    34.0
   103.187    30.987    20.592    34.000     0.055      95       3    54.0    34.0
   103.173    30.974    20.592    34.000     0.029      80      37    56.0    34.0
   103.159    30.961    20.592    34.000     0.034      80      37    58.0    34.0
   103.144    30.947    20.592    34.000     0.016      80      37    60.0    34.0
   103.130    30.934    20.592    34.000     0.025      82      37    62.0    34.0
   103.116    30.921    20.592    34.000     0.028      82      37    64.0    34.0
   103.586    31.333    19.474    34.000     0.038      41      31     0.0    32.0
   103.572    31.320    19.474    34.000     0.022      24      20     2.0    32.0
   103.558    31.306    19.474    34.000     0.020      58       1     4.0    32.0
   103.543    31.293    19.474    34.000     0.006     100      25     6.0    32.0
   103.529    31.280    19.474    34.000     0.006      31      31     8.0    32.0
   103.515    31.267    19.474    34.000     0.017      33      27    10.0    32.0
   103.500    31.254    19.474    34.000     0.036      33      27    12.0    32.0
   103.486    31.241    19.474    34.000     0.019      93      28    14.0    32.0
   103.472    31.227    19.474    34.000     0.043      91      27    16.0    32.0
   103.457    31.214    19.474    34.000     0.065      93      24    18.0    32.0
   103.443    31.201    19.474    34.000     0.081       6       8    20.0    32.0
   103.429    31.188    19.474    34.000     0.084       7       3    22.0    32.0
   103.414    31.175    19.474    34.000     0.058       6       4    24.0    32.0
   103.400    31.162    19.474    34.000     0.021       5       3    26.0    32.0
   103.386    31.148    19.474    34.000     0.025       2       2    28.0    32.0
   103.371    31.135    19.474    34.000     0.022       1       3    30.0    32.0
   103.357    31.122    19.474    34.000     0.014      12      37    32.0    32.0
   103.343    31.109    19.474    34.000     0.007       5      25    34.0    32.0
   103.328    31.096    19.474    34.000     0.009      73      27    36.0    32.0
   103.314    31.082    19.474    34.000     0.010       3      23    38.0    32.0
   103.300    31.069    19.474    34.000     0.006       4      20    40.0    32.0
   103.285    31.056    19.474    34.000     0.006      46      36    42.0    32.0
   103.271    31.043    19.474    34.000     0.006      47      36    44.0    32.0
   103.257    31.030    19.474    34.000     0.007      31       8    46.0    32.0
   103.243    31.016    19.474    34.000     0.017      31       7    48.0    32.0
   103.228    31.003    19.474    34.000     0.013      26       1    50.0    32.0
   103.214    30.990    19.474    34.000     0.016      28       1    52.0    32.0
   103.200    30.977    19.474    34.000     0.011      23       1    54.0    32.0
   103.186    30.964    19.474    34.000     0.012      73      21    56.0    32.0
   103.171    30.950    19.474    34.000     0.020      74      21    58.0    32.0
   103.157    30.937    19.474    34.000     0.021      74      23    60.0    32.0
   103.143    30.924    19.474    34.000     0.015      46      35    62.0    32.0
   103.129    30.911    19.474    34.000     0.040      46      34    64.0    32.0
   103.599    31.323    18.355    34.000     0.192       7      37     0.0    30.0
   103.585    31.309    18.355    34.000     0.133      23       4     2.0    30.0
   103.570    31.296    18.355    34.000     0.067      21       3     4.0    30.0
   103.556    31.283    18.355    34.000     0.030      19      21     6.0    30.0
   103.542    31.270    18.355    34.000     0.026      18      21     8.0    30.0
   103.527    31.257    18.355    34.000     0.024      19      15    10.0    30.0
   103.513    31.244    18.355    34.000     0.014      61      34    12.0    30.0
   103.499    31.230    18.355    34.000     0.020      62      35    14.0    30.0
   103.484    31.217    18.355    34.000     0.016      12       6    16.0    30.0
   103.470    31.204    18.355    34.000     0.038      14       3    18.0    30.0
   103.456    31.191    18.355    34.000     0.030      14       4    20.0    30.0
   103.441    31.178    18.355    34.000     0.038      89      28    22.0    30.0
   103.427    31.164    18.355    34.000     0.020      89      30    24.0    30.0
   103.413    31.151    18.355    34.000     0.022      16      25    26.0    30.0
   103.398    31.138    18.355    34.000     0.030      18      33    28.0    30.0
   103.384    31.125    18.355    34.000     0.031      13      28    30.0    30.0
   103.370    31.112    18.355    34.000     0.038      15      33    32.0    30.0
   103.355    31.099    18.355    34.000     0.021      10      18    34.0    30.0
   103.341    31.085    18.355    34.000     0.015       7      19    36.0    30.0
   103.327    31.072    18.355    34.000     0.008       9      17    38.0    30.0
   103.312    31.059    18.355    34.000     0.006      99       6    40.0    30.0
   103.298    31.046    18.355    34.000     0.005      65      37    42.0    30.0
   103.284    31.033    18.355    34.000     0.005      41      37    44.0    30.0
   103.270    31.019    18.355    34.000     0.005      25       1    46.0    30.0
   103.255    31.006    18.355    34.000     0.005      18      14    48.0    30.0
   103.241    30.993    18.355    34.000     0.006      75       4    50.0    30.0
   103.227    30.980    18.355    34.000     0.008      63      29    52.0    30.0
   103.213    30.967    18.355    34.000     0.008      63      23    54.0    30.0
   103.198    30.953    18.355    34.000     0.009      92      37    56.0    30.0
   103.184    30.940    18.355    34.000     0.007     100      12    58.0    30.0
   103.170    30.927    18.355    34.000     0.028     100       9    60.0    30.0
   103.156    30.914    18.355    34.000     0.023     100      13    62.0    30.0
   103.141    30.901    18.355    34.000     0.022     100      12    64.0    30.0
   103.612    31.312    17.237    34.000     0.044      23       1     0.0    28.0
   103.597    31.299    17.237    34.000     0.037      24       5     2.0    28.0
   103.583    31.286    17.237    34.000     0.022      39      37     4.0    28.0
   103.569    31.273    17.237    34.000     0.039      55       2     6.0    28.0
   103.554    31.260    17.237    34.000     0.035      68      37     8.0    28.0
   103.540    31.246    17.237    34.000     0.018      70      37    10.0    28.0
   103.526    31.233    17.237    34.000     0.010     100       9    12.0    28.0
   103.511    31.220    17.237    34.000     0.010     100      26    14.0    28.0
   103.497    31.207    17.237    34.000     0.036      59      36    16.0    28.0
   103.483    31.194    17.237    34.000     0.055      61      36    18.0    28.0
   103.468    31.181    17.237    34.000     0.064      60      36    20.0    28.0
   103.454    31.167    17.237    34.000     0.047      61      36    22.0    28.0
   103.440    31.154    17.237    34.000     0.031      88      24    24.0    28.0
   103.425    31.141    17.237    34.000     0.028      87      24    26.0    28.0
   103.411    31.128    17.237    34.000     0.025      87      28    28.0    28.0
   103.397    31.115    17.237    34.000     0.018      58      36    30.0    28.0
   103.382    31.102    17.237    34.000     0.020      81      24    32.0    28.0
   103.368    31.088    17.237    34.000     0.026       8      14    34.0    28.0
   103.354    31.075    17.237    34.000     0.025      11      33    36.0    28.0
   103.339    31.062    17.237    34.000     0.019      11      33    38.0    28.0
   103.325    31.049    17.237    34.000     0.013      11      33    40.0    28.0
   103.311    31.036    17.237    34.000     0.008      12      35    42.0    28.0
   103.297    31.022    17.237    34.000     0.015      47      11    44.0    28.0
   103.282    31.009    17.237    34.000     0.019      44      16    46.0    28.0
   103.268    30.996    17.237    34.000     0.023      42       8    48.0    28.0
   103.254    30.983    17.237    34.000     0.043      41       8    50.0    28.0
   103.240    30.970    17.237    34.000     0.019      92      37    52.0    28.0
   103.225    30.956    17.237    34.000     0.031      95      37    54.0    28.0
   103.211    30.943    17.237    34.000     0.022      95      37    56.0    28.0
   103.197    30.930    17.237    34.000     0.022      67      21    58.0    28.0
   103.182    30.917    17.237    34.000     0.008      67      20    60.0    28.0
   103.168    30.904    17.237    34.000     0.011     100       6    62.0    28.0
   103.154    30.890    17.237    34.000     0.034      99       6    64.0    28.0
   103.624    31.302    16.118    34.000     0.043      11      18     0.0    26.0
   103.610    31.289    16.118    34.000     0.076       9      20     2.0    26.0
   103.596    31.276    16.118    34.000     0.067       9      21     4.0    26.0
   103.581    31.263    16.118    34.000     0.021       9      17     6.0    26.0
   103.567    31.249    16.118    34.000     0.020      11      16     8.0    26.0
   103.553    31.236    16.118    34.000     0.014      49      14    10.0    26.0
   103.538    31.223    16.118    34.000     0.023      76      30    12.0    26.0
   103.524    31.210    16.118    34.000     0.021      75      32    14.0    26.0
   103.510    31.197    16.118    34.000     0.026       8       7    16.0    26.0
   103.495    31.184    16.118    34.000     0.024       8       6    18.0    26.0
   103.481    31.170    16.118    34.000     0.014      31      30    20.0    26.0
   103.467    31.157    16.118    34.000     0.023      62      36    22.0    26.0
   103.452    31.144    16.118    34.000     0.040      91      35    24.0    26.0
   103.438    31.131    16.118    34.000     0.036      90      35    26.0    26.0
   103.424    31.118    16.118    34.000     0.030      90      35    28.0    26.0
   103.409    31.105    16.118    34.000     0.041      87      35    30.0    26.0
   103.395    31.091    16.118    34.000     0.024      55      17    32.0    26.0
   103.381    31.078    16.118    34.000     0.027      58      36    34.0    26.0
   103.366    31.065    16.118    34.000     0.009      58      35    36.0    26.0
   103.352    31.052    16.118    34.000     0.010      13      22    38.0    26.0
   103.338    31.039    16.118    34.000     0.011      90      34    40.0    26.0
   103.324    31.025    16.118    34.000     0.009      44      21    42.0    26.0
   103.309    31.012    16.118    34.000     0.010      45      20    44.0    26.0
   103.295    30.999    16.118    34.000     0.016      97      37    46.0    26.0
   103.281    30.986    16.118    34.000     0.014      95      37    48.0    26.0
   103.266    30.973    16.118    34.000     0.004      94      37    50.0    26.0
   103.252    30.959    16.118    34.000     0.011      29       2    52.0    26.0
   103.238    30.946    16.118    34.000     0.009       3      17    54.0    26.0
   103.224    30.933    16.118    34.000     0.011       3      18    56.0    26.0
   103.209    30.920    16.118    34.000     0.018      31      19    58.0    26.0
   103.195    30.907    16.118    34.000     0.010      31      23    60.0    26.0
   103.181    30.893    16.118    34.000     0.013       1      31    62.0    26.0
   103.167    30.880    16.118    34.000     0.018       1      31    64.0    26.0
   103.637    31.292    15.000    34.000     0.018      84      10     0.0    24.0
   103.623    31.279    15.000    34.000     0.028       8      21     2.0    24.0
   103.608    31.266    15.000    34.000     0.058       9      21     4.0    24.0
   103.594    31.252    15.000    34.000     0.068       9      18     6.0    24.0
   103.580    31.239    15.000    34.000     0.039       7      17     8.0    24.0
   103.565    31.226    15.000    34.000     0.029      71      12    10.0    24.0
   103.551    31.213    15.000    34.000     0.027      70      15    12.0    24.0
   103.537    31.200    15.000    34.000     0.028      70      26    14.0    24.0
   103.522    31.187    15.000    34.000     0.113      73      32    16.0    24.0
   103.508    31.173    15.000    34.000     0.155      73      32    18.0    24.0
   103.494    31.160    15.000    34.000     0.075      72      32    20.0    24.0
   103.479    31.147    15.000    34.000     0.029      71      31    22.0    24.0
   103.465    31.134    15.000    34.000     0.014      28      25    24.0    24.0
   103.451    31.121    15.000    34.000     0.020      22      10    26.0    24.0
   103.436    31.107    15.000    34.000     0.024      90      35    28.0    24.0
   103.422    31.094    15.000    34.000     0.066      90      32    30.0    24.0
   103.408    31.081    15.000    34.000     0.088      91      28    32.0    24.0
   103.393    31.068    15.000    34.000     0.042      90      29    34.0    24.0
   103.379    31.055    15.000    34.000     0.016      87      20    36.0    24.0
   103.365    31.042    15.000    34.000     0.020      71       1    38.0    24.0
   103.351    31.028    15.000    34.000     0.019      44       1    40.0    24.0
   103.336    31.015    15.000    34.000     0.013      42       1    42.0    24.0
   103.322    31.002    15.000    34.000     0.007      92       6    44.0    24.0
   103.308    30.989    15.000    34.000     0.006      69      16    46.0    24.0
   103.293    30.976    15.000    34.000     0.006      35       7    48.0    24.0
   103.279    30.962    15.000    34.000     0.009      31       6    50.0    24.0
   103.265    30.949    15.000    34.000     0.014      32       7    52.0    24.0
   103.251    30.936    15.000    34.000     0.008       5      18    54.0    24.0
   103.236    30.923    15.000    34.000     0.008      42       1    56.0    24.0
   103.222    30.910    15.000    34.000     0.013      43       1    58.0    24.0
   103.208    30.896    15.000    34.000     0.005      81       8    60.0    24.0
   103.194    30.883    15.000    34.000     0.007      91      33    62.0    24.0
   103.179    30.870    15.000    34.000     0.010      90      33    64.0    24.0
   103.650    31.282    13.882    34.000     0.025      45      14     0.0    22.0
   103.635    31.268    13.882    34.000     0.012      43       6     2.0    22.0
   103.621    31.255    13.882    34.000     0.014      42      17     4.0    22.0
   103.607    31.242    13.882    34.000     0.018      41      13     6.0    22.0
   103.592    31.229    13.882    34.000     0.020      39      20     8.0    22.0
   103.578    31.216    13.882    34.000     0.029      37      20    10.0    22.0
   103.564    31.203    13.882    34.000     0.027      38      25    12.0    22.0
   103.549    31.189    13.882    34.000     0.032      45      35    14.0    22.0
   103.535    31.176    13.882    34.000     0.037      76      36    16.0    22.0
   103.521    31.163    13.882    34.000     0.105      77      37    18.0    22.0
   103.506    31.150    13.882    34.000     0.152      76      36    20.0    22.0
   103.492    31.137    13.882    34.000     0.034      77      36    22.0    22.0
   103.478    31.124    13.882    34.000     0.018      27      24    24.0    22.0
   103.463    31.110    13.882    34.000     0.015      40      36    26.0    22.0
   103.449    31.097    13.882    34.000     0.019      66      35    28.0    22.0
   103.435    31.084    13.882    34.000     0.017      27      25    30.0    22.0
   103.420    31.071    13.882    34.000     0.024      91      34    32.0    22.0
   103.406    31.058    13.882    34.000     0.007      92      17    34.0    22.0
   103.392    31.045    13.882    34.000     0.017      56      28    36.0    22.0
   103.378    31.031    13.882    34.000     0.039      56      32    38.0    22.0
   103.363    31.018    13.882    34.000     0.082      56      30    40.0    22.0
   103.349    31.005    13.882    34.000     0.058      56      30    42.0    22.0
   103.335    30.992    13.882    34.000     0.019      54      31    44.0    22.0
   103.320    30.979    13.882    34.000     0.015     100       2    46.0    22.0
   103.306    30.965    13.882    34.000     0.011      62      19    48.0    22.0
   103.292    30.952    13.882    34.000     0.007      60      37    50.0    22.0
   103.278    30.939    13.882    34.000     0.004      59      37    52.0    22.0
   103.263    30.926    13.882    34.000     0.012      13       9    54.0    22.0
   103.249    30.913    13.882    34.000     0.022      14       8    56.0    22.0
   103.235    30.899    13.882    34.000     0.035      15      23    58.0    22.0
   103.221    30.886    13.882    34.000     0.038      15      25    60.0    22.0
   103.206    30.873    13.882    34.000     0.036      14      22    62.0    22.0
   103.192    30.860    13.882    34.000     0.016      15      22    64.0    22.0
   103.663    31.271    12.763    34.000     0.020      75      36     0.0    20.0
   103.648    31.258    12.763    34.000     0.015       1      24     2.0    20.0
   103.634    31.245    12.763    34.000     0.012      76      36     4.0    20.0
   103.619    31.232    12.763    34.000     0.013      43      18     6.0    20.0
   103.605    31.219    12.763    34.000     0.012      43      22     8.0    20.0
   103.591    31.206    12.763    34.000     0.022      36      15    10.0    20.0
   103.576    31.192    12.763    34.000     0.026      36      14    12.0    20.0
   103.562    31.179    12.763    34.000     0.030      30       1    14.0    20.0
   103.548    31.166    12.763    34.000     0.038      31       1    16.0    20.0
   103.533    31.153    12.763    34.000     0.031      30       1    18.0    20.0
   103.519    31.140    12.763    34.000     0.042       1       3    20.0    20.0
   103.505    31.127    12.763    34.000     0.026       1       3    22.0    20.0
   103.490    31.113    12.763    34.000     0.023      74      36    24.0    20.0
   103.476    31.100    12.763    34.000     0.060      72      36    26.0    20.0
   103.462    31.087    12.763    34.000     0.040      32      20    28.0    20.0
   103.447    31.074    12.763    34.000     0.018      31      20    30.0    20.0
   103.433    31.061    12.763    34.000     0.017      30      20    32.0    20.0
   103.419    31.048    12.763    34.000     0.008      75      36    34.0    20.0
   103.405    31.034    12.763    34.000     0.006      30      28    36.0    20.0
   103.390    31.021    12.763    34.000     0.010      57      31    38.0    20.0
   103.376    31.008    12.763    34.000     0.015      60      31    40.0    20.0
   103.362    30.995    12.763    34.000     0.042      60      32    42.0    20.0
   103.347    30.982    12.763    34.000     0.017      58      32    44.0    20.0
   103.333    30.968    12.763    34.000     0.018      75       1    46.0    20.0
   103.319    30.955    12.763    34.000     0.015      75       1    48.0    20.0
   103.305    30.942    12.763    34.000     0.024      35      37    50.0    20.0
   103.290    30.929    12.763    34.000     0.023      19       1    52.0    20.0
   103.276    30.916    12.763    34.000     0.030      20       1    54.0    20.0
   103.262    30.902    12.763    34.000     0.058      17      10    56.0    20.0
   103.248    30.889    12.763    34.000     0.044      17      10    58.0    20.0
   103.233    30.876    12.763    34.000     0.044      14      12    60.0    20.0
   103.219    30.863    12.763    34.000     0.060      13      23    62.0    20.0
   103.205    30.850    12.763    34.000     0.074      13      28    64.0    20.0
   103.675    31.261    11.645    34.000     0.051      31      35     0.0    18.0
   103.661    31.248    11.645    34.000     0.041      31      35     2.0    18.0
   103.647    31.235    11.645    34.000     0.022      79      36     4.0    18.0
   103.632    31.222    11.645    34.000     0.020      76      36     6.0    18.0
   103.618    31.209    11.645    34.000     0.038      77      36     8.0    18.0
   103.603    31.195    11.645    34.000     0.022      74      36    10.0    18.0
   103.589    31.182    11.645    34.000     0.025      60       1    12.0    18.0
   103.575    31.169    11.645    34.000     0.014      57       1    14.0    18.0
   103.560    31.156    11.645    34.000     0.026      58       1    16.0    18.0
   103.546    31.143    11.645    34.000     0.028      33       1    18.0    18.0
   103.532    31.130    11.645    34.000     0.038      32       1    20.0    18.0
   103.517    31.116    11.645    34.000     0.020      33       1    22.0    18.0
   103.503    31.103    11.645    34.000     0.057      75      36    24.0    18.0
   103.489    31.090    11.645    34.000     0.040      73      36    26.0    18.0
   103.474    31.077    11.645    34.000     0.042      73      36    28.0    18.0
   103.460    31.064    11.645    34.000     0.031      75      36    30.0    18.0
   103.446    31.051    11.645    34.000     0.012      34      10    32.0    18.0
   103.432    31.037    11.645    34.000     0.007      74      11    34.0    18.0
   103.417    31.024    11.645    34.000     0.008      72      14    36.0    18.0
   103.403    31.011    11.645    34.000     0.009      29      12    38.0    18.0
   103.389    30.998    11.645    34.000     0.013      29      17    40.0    18.0
   103.374    30.985    11.645    34.000     0.011      51      35    42.0    18.0
   103.360    30.971    11.645    34.000     0.030      53      30    44.0    18.0
   103.346    30.958    11.645    34.000     0.036      55      31    46.0    18.0
   103.332    30.945    11.645    34.000     0.035      56      30    48.0    18.0
   103.317    30.932    11.645    34.000     0.026      51      12    50.0    18.0
   103.303    30.919    11.645    34.000     0.031      50      11    52.0    18.0
   103.289    30.905    11.645    34.000     0.022      78       3    54.0    18.0
   103.274    30.892    11.645    34.000     0.040      53       2    56.0    18.0
   103.260    30.879    11.645    34.000     0.021      54       2    58.0    18.0
   103.246    30.866    11.645    34.000     0.021      40      37    60.0    18.0
   103.232    30.853    11.645    34.000     0.011      40      37    62.0    18.0
   103.217    30.839    11.645    34.000     0.012      28       1    64.0    18.0
   103.688    31.251    10.526    34.000     0.039      86      36     0.0    16.0
   103.674    31.238    10.526    34.000     0.070      86      36     2.0    16.0
   103.659    31.225    10.526    34.000     0.023      86      36     4.0    16.0
   103.645    31.211    10.526    34.000     0.014     100       8     6.0    16.0
   103.631    31.198    10.526    34.000     0.018      83      36     8.0    16.0
   103.616    31.185    10.526    34.000     0.015      80      33    10.0    16.0
   103.602    31.172    10.526    34.000     0.015      26      13    12.0    16.0
   103.587    31.159    10.526    34.000     0.014      24      12    14.0    16.0
   103.573    31.146    10.526    34.000     0.017      51      28    16.0    16.0
   103.559    31.132    10.526    34.000     0.013      50      28    18.0    16.0
   103.544    31.119    10.526    34.000     0.031      47      34    20.0    16.0
   103.530    31.106    10.526    34.000     0.037      22      36    22.0    16.0
   103.516    31.093    10.526    34.000     0.059      26      36    24.0    16.0
   103.501    31.080    10.526    34.000     0.028      92       1    26.0    16.0
   103.487    31.067    10.526    34.000     0.033      91       1    28.0    16.0
   103.473    31.053    10.526    34.000     0.022      39      27    30.0    16.0
   103.459    31.040    10.526    34.000     0.017      71      30    32.0    16.0
   103.444    31.027    10.526    34.000     0.030      71      29    34.0    16.0
   103.430    31.014    10.526    34.000     0.020      71      26    36.0    16.0
   103.416    31.001    10.526    34.000     0.005      70      34    38.0    16.0
   103.401    30.988    10.526    34.000     0.004      87      12    40.0    16.0
   103.387    30.974    10.526    34.000     0.004      88      30    42.0    16.0
   103.373    30.961    10.526    34.000     0.011      86      31    44.0    16.0
   103.358    30.948    10.526    34.000     0.024      56      30    46.0    16.0
   103.344    30.935    10.526    34.000     0.042      56      33    48.0    16.0
   103.330    30.922    10.526    34.000     0.024      59      34    50.0    16.0
   103.316    30.908    10.526    34.000     0.016      57      35    52.0    16.0
   103.301    30.895    10.526    34.000     0.008      56      34    54.0    16.0
   103.287    30.882    10.526    34.000     0.019      96      30    56.0    16.0
   103.273    30.869    10.526    34.000     0.023       1      21    58.0    16.0
   103.259    30.856    10.526    34.000     0.035      61       1    60.0    16.0
   103.244    30.842    10.526    34.000     0.059      59       1    62.0    16.0
   103.230    30.829    10.526    34.000     0.061      59       1    64.0    16.0
   103.701    31.241     9.408    34.000     0.019      18      24     0.0    14.0
   103.686    31.228     9.408    34.000     0.032      61      36     2.0    14.0
   103.672    31.214     9.408    34.000     0.021      62      36     4.0    14.0
   103.658    31.201     9.408    34.000     0.030      63      36     6.0    14.0
   103.643    31.188     9.408    34.000     0.031      50       1     8.0    14.0
   103.629    31.175     9.408    34.000     0.037      50       1    10.0    14.0
   103.614    31.162     9.408    34.000     0.035      35      37    12.0    14.0
   103.600    31.149     9.408    34.000     0.085      21       3    14.0    14.0
   103.586    31.135     9.408    34.000     0.064      19       3    16.0    14.0
   103.571    31.122     9.408    34.000     0.034      18       3    18.0    14.0
   103.557    31.109     9.408    34.000     0.034      15      13    20.0    14.0
   103.543    31.096     9.408    34.000     0.039      17      13    22.0    14.0
   103.528    31.083     9.408    34.000     0.050      17      23    24.0    14.0
   103.514    31.070     9.408    34.000     0.031      19      28    26.0    14.0
   103.500    31.056     9.408    34.000     0.019      19      20    28.0    14.0
   103.486    31.043     9.408    34.000     0.022      19      31    30.0    14.0
   103.471    31.030     9.408    34.000     0.021      41      33    32.0    14.0
   103.457    31.017     9.408    34.000     0.014      59       2    34.0    14.0
   103.443    31.004     9.408    34.000     0.030      58       2    36.0    14.0
   103.428    30.991     9.408    34.000     0.024      56       4    38.0    14.0
   103.414    30.977     9.408    34.000     0.017      58       2    40.0    14.0
   103.400    30.964     9.408    34.000     0.010      60       4    42.0    14.0
   103.385    30.951     9.408    34.000     0.014      63      34    44.0    14.0
   103.371    30.938     9.408    34.000     0.031      61      35    46.0    14.0
   103.357    30.925     9.408    34.000     0.044      73       1    48.0    14.0
   103.343    30.911     9.408    34.000     0.062      58      34    50.0    14.0
   103.328    30.898     9.408    34.000     0.128      57      36    52.0    14.0
   103.314    30.885     9.408    34.000     0.218      57      36    54.0    14.0
   103.300    30.872     9.408    34.000     0.161      57      34    56.0    14.0
   103.286    30.859     9.408    34.000     0.068      58      34    58.0    14.0
   103.271    30.845     9.408    34.000     0.062      62      14    60.0    14.0
   103.257    30.832     9.408    34.000     0.056      62      15    62.0    14.0
   103.243    30.819     9.408    34.000     0.066      62       7    64.0    14.0
   103.713    31.230     8.290    34.000     0.028      44       8     0.0    12.0
   103.699    31.217     8.290    34.000     0.031      42       4     2.0    12.0
   103.685    31.204     8.290    34.000     0.016      47      32     4.0    12.0
   103.670    31.191     8.290    34.000     0.017      43      34     6.0    12.0
   103.656    31.178     8.290    34.000     0.021      44      32     8.0    12.0
   103.642    31.165     8.290    34.000     0.036      44      31    10.0    12.0
   103.627    31.152     8.290    34.000     0.061      39      34    12.0    12.0
   103.613    31.138     8.290    34.000     0.031      39      34    14.0    12.0
   103.598    31.125     8.290    34.000     0.012      39      34    16.0    12.0
   103.584    31.112     8.290    34.000     0.010      20       2    18.0    12.0
   103.570    31.099     8.290    34.000     0.023      13      34    20.0    12.0
   103.555    31.086     8.290    34.000     0.025      14      34    22.0    12.0
   103.541    31.073     8.290    34.000     0.026      14      34    24.0    12.0
   103.527    31.059     8.290    34.000     0.018      18      26    26.0    12.0
   103.513    31.046     8.290    34.000     0.035      97      13    28.0    12.0
   103.498    31.033     8.290    34.000     0.019      98      13    30.0    12.0
   103.484    31.020     8.290    34.000     0.011      98      12    32.0    12.0
   103.470    31.007     8.290    34.000     0.015      98       8    34.0    12.0
   103.455    30.994     8.290    34.000     0.018      75      34    36.0    12.0
   103.441    30.980     8.290    34.000     0.012      74      34    38.0    12.0
   103.427    30.967     8.290    34.000     0.012      39      31    40.0    12.0
   103.412    30.954     8.290    34.000     0.013      37      31    42.0    12.0
   103.398    30.941     8.290    34.000     0.007      38       2    44.0    12.0
   103.384    30.928     8.290    34.000     0.008      36       4    46.0    12.0
   103.370    30.914     8.290    34.000     0.027      38       4    48.0    12.0
   103.355    30.901     8.290    34.000     0.023      37       4    50.0    12.0
   103.341    30.888     8.290    34.000     0.038      61      33    52.0    12.0
   103.327    30.875     8.290    34.000     0.059      61      34    54.0    12.0
   103.313    30.862     8.290    34.000     0.067      62      32    56.0    12.0
   103.298    30.848     8.290    34.000     0.066      61      28    58.0    12.0
   103.284    30.835     8.290    34.000     0.034      61      28    60.0    12.0
   103.270    30.822     8.290    34.000     0.037      32      10    62.0    12.0
   103.255    30.809     8.290    34.000     0.025      33      19    64.0    12.0
   103.726    31.220     7.171    34.000     0.036      54      32     0.0    10.0
   103.712    31.207     7.171    34.000     0.029      54      30     2.0    10.0
   103.697    31.194     7.171    34.000     0.014      55      32     4.0    10.0
   103.683    31.181     7.171    34.000     0.007      54       8     6.0    10.0
   103.669    31.168     7.171    34.000     0.007     100      36     8.0    10.0
   103.654    31.154     7.171    34.000     0.009      20       3    10.0    10.0
   103.640    31.141     7.171    34.000     0.011      99      36    12.0    10.0
   103.626    31.128     7.171    34.000     0.009      41      36    14.0    10.0
   103.611    31.115     7.171    34.000     0.015      74      36    16.0    10.0
   103.597    31.102     7.171    34.000     0.026      74      35    18.0    10.0
   103.583    31.089     7.171    34.000     0.034      74      35    20.0    10.0
   103.568    31.075     7.171    34.000     0.038      71      33    22.0    10.0
   103.554    31.062     7.171    34.000     0.045      71      30    24.0    10.0
   103.540    31.049     7.171    34.000     0.044      71      35    26.0    10.0
   103.525    31.036     7.171    34.000     0.020      72      35    28.0    10.0
   103.511    31.023     7.171    34.000     0.013      71      35    30.0    10.0
   103.497    31.010     7.171    34.000     0.013      11      36    32.0    10.0
   103.482    30.996     7.171    34.000     0.015      11      36    34.0    10.0
   103.468    30.983     7.171    34.000     0.011      74       4    36.0    10.0
   103.454    30.970     7.171    34.000     0.009      70       6    38.0    10.0
   103.439    30.957     7.171    34.000     0.015      71      12    40.0    10.0
   103.425    30.944     7.171    34.000     0.016      71      16    42.0    10.0
   103.411    30.931     7.171    34.000     0.022       2      28    44.0    10.0
   103.397    30.917     7.171    34.000     0.012       3      17    46.0    10.0
   103.382    30.904     7.171    34.000     0.014      69      11    48.0    10.0
   103.368    30.891     7.171    34.000     0.034      66      11    50.0    10.0
   103.354    30.878     7.171    34.000     0.022      64      14    52.0    10.0
   103.339    30.865     7.171    34.000     0.025      37      12    54.0    10.0
   103.325    30.851     7.171    34.000     0.015      70      32    56.0    10.0
   103.311    30.838     7.171    34.000     0.021      53      37    58.0    10.0
   103.297    30.825     7.171    34.000     0.022     100      26    60.0    10.0
   103.282    30.812     7.171    34.000     0.020     100      17    62.0    10.0
   103.268    30.799     7.171    34.000     0.027      57      37    64.0    10.0
   103.739    31.210     6.053    34.000     0.021      57      14     0.0     8.0
   103.724    31.197     6.053    34.000     0.026      93      14     2.0     8.0
   103.710    31.184     6.053    34.000     0.024      94      20     4.0     8.0
   103.696    31.171     6.053    34.000     0.022      94      15     6.0     8.0
   103.681    31.157     6.053    34.000     0.017      91      15     8.0     8.0
   103.667    31.144     6.053    34.000     0.008      90      16    10.0     8.0
   103.653    31.131     6.053    34.000     0.010      28      32    12.0     8.0
   103.638    31.118     6.053    34.000     0.009       5      16    14.0     8.0
   103.624    31.105     6.053    34.000     0.017       4      12    16.0     8.0
   103.610    31.092     6.053    34.000     0.035       6      12    18.0     8.0
   103.595    31.078     6.053    34.000     0.052      45      37    20.0     8.0
   103.581    31.065     6.053    34.000     0.057      43      37    22.0     8.0
   103.567    31.052     6.053    34.000     0.093      59       1    24.0     8.0
   103.552    31.039     6.053    34.000     0.061      44      37    26.0     8.0
   103.538    31.026     6.053    34.000     0.069      15      37    28.0     8.0
   103.524    31.013     6.053    34.000     0.039      44      37    30.0     8.0
   103.509    30.999     6.053    34.000     0.034      95      37    32.0     8.0
   103.495    30.986     6.053    34.000     0.036      79       3    34.0     8.0
   103.481    30.973     6.053    34.000     0.036      80       3    36.0     8.0
   103.466    30.960     6.053    34.000     0.022      74      11    38.0     8.0
   103.452    30.947     6.053    34.000     0.047      75      12    40.0     8.0
   103.438    30.934     6.053    34.000     0.044      74      13    42.0     8.0
   103.423    30.920     6.053    34.000     0.019      44      19    44.0     8.0
   103.409    30.907     6.053    34.000     0.039      44      20    46.0     8.0
   103.395    30.894     6.053    34.000     0.037      43      17    48.0     8.0
   103.381    30.881     6.053    34.000     0.050      49      34    50.0     8.0
   103.366    30.868     6.053    34.000     0.028      48      33    52.0     8.0
   103.352    30.854     6.053    34.000     0.016      80      36    54.0     8.0
   103.338    30.841     6.053    34.000     0.021      22      21    56.0     8.0
   103.324    30.828     6.053    34.000     0.024      21      20    58.0     8.0
   103.309    30.815     6.053    34.000     0.023      77       3    60.0     8.0
   103.295    30.802     6.053    34.000     0.062      78       3    62.0     8.0
   103.281    30.788     6.053    34.000     0.054      76       3    64.0     8.0
   103.751    31.200     4.935    34.000     0.034      63      25     0.0     6.0
   103.737    31.187     4.935    34.000     0.046      60      34     2.0     6.0
   103.723    31.173     4.935    34.000     0.056      59      34     4.0     6.0
   103.708    31.160     4.935    34.000     0.085      58      34     6.0     6.0
   103.694    31.147     4.935    34.000     0.062      57      34     8.0     6.0
   103.680    31.134     4.935    34.000     0.063      62      33    10.0     6.0
   103.665    31.121     4.935    34.000     0.040      60      33    12.0     6.0
   103.651    31.108     4.935    34.000     0.045      65      28    14.0     6.0
   103.637    31.095     4.935    34.000     0.053      65      25    16.0     6.0
   103.622    31.081     4.935    34.000     0.050      65       5    18.0     6.0
   103.608    31.068     4.935    34.000     0.057      63       6    20.0     6.0
   103.594    31.055     4.935    34.000     0.034      63       8    22.0     6.0
   103.579    31.042     4.935    34.000     0.015      63       9    24.0     6.0
   103.565    31.029     4.935    34.000     0.009      64       8    26.0     6.0
   103.551    31.016     4.935    34.000     0.014      21      16    28.0     6.0
   103.536    31.002     4.935    34.000     0.030      22      26    30.0     6.0
   103.522    30.989     4.935    34.000     0.035      20      27    32.0     6.0
   103.508    30.976     4.935    34.000     0.077      85       1    34.0     6.0
   103.493    30.963     4.935    34.000     0.054      18      30    36.0     6.0
   103.479    30.950     4.935    34.000     0.038      48       2    38.0     6.0
   103.465    30.937     4.935    34.000     0.038      44       6    40.0     6.0
   103.450    30.923     4.935    34.000     0.017      44       9    42.0     6.0
   103.436    30.910     4.935    34.000     0.015      13      20    44.0     6.0
   103.422    30.897     4.935    34.000     0.012      11      30    46.0     6.0
   103.408    30.884     4.935    34.000     0.012      76      35    48.0     6.0
   103.393    30.871     4.935    34.000     0.018      83      25    50.0     6.0
   103.379    30.857     4.935    34.000     0.034      55      21    52.0     6.0
   103.365    30.844     4.935    34.000     0.027      54      16    54.0     6.0
   103.351    30.831     4.935    34.000     0.023      30       8    56.0     6.0
   103.336    30.818     4.935    34.000     0.019      54       5    58.0     6.0
   103.322    30.805     4.935    34.000     0.023       7       1    60.0     6.0
   103.308    30.791     4.935    34.000     0.028      85      17    62.0     6.0
   103.294    30.778     4.935    34.000     0.043      81       1    64.0     6.0
   103.764    31.189     3.816    34.000     0.008      90      31     0.0     4.0
   103.750    31.176     3.816    34.000     0.017      90      33     2.0     4.0
   103.735    31.163     3.816    34.000     0.015      63      37     4.0     4.0
   103.721    31.150     3.816    34.000     0.015      94      36     6.0     4.0
   103.707    31.137     3.816    34.000     0.037      22      32     8.0     4.0
   103.692    31.124     3.816    34.000     0.023      20      32    10.0     4.0
   103.678    31.111     3.816    34.000     0.029      13       7    12.0     4.0
   103.664    31.097     3.816    34.000     0.021      45       1    14.0     4.0
   103.649    31.084     3.816    34.000     0.030      33      36    16.0     4.0
   103.635    31.071     3.816    34.000     0.037      33      36    18.0     4.0
   103.621    31.058     3.816    34.000     0.038      33      36    20.0     4.0
   103.606    31.045     3.816    34.000     0.051       4      37    22.0     4.0
   103.592    31.032     3.816    34.000     0.074       5      37    24.0     4.0
   103.578    31.018     3.816    34.000     0.076       6      37    26.0     4.0
   103.563    31.005     3.816    34.000     0.038      19       4    28.0     4.0
   103.549    30.992     3.816    34.000     0.031       3      37    30.0     4.0
   103.535    30.979     3.816    34.000     0.018      15       4    32.0     4.0
   103.520    30.966     3.816    34.000     0.023      75      26    34.0     4.0
   103.506    30.953     3.816    34.000     0.020      94       5    36.0     4.0
   103.492    30.939     3.816    34.000     0.028      71      33    38.0     4.0
   103.477    30.926     3.816    34.000     0.033      72      26    40.0     4.0
   103.463    30.913     3.816    34.000     0.033      71      28    42.0     4.0
   103.449    30.900     3.816    34.000     0.025      33       6    44.0     4.0
   103.435    30.887     3.816    34.000     0.034      13      31    46.0     4.0
   103.420    30.874     3.816    34.000     0.092      13      34    48.0     4.0
   103.406    30.860     3.816    34.000     0.100      14      34    50.0     4.0
   103.392    30.847     3.816    34.000     0.037       8      25    52.0     4.0
   103.377    30.834     3.816    34.000     0.026       9      22    54.0     4.0
   103.363    30.821     3.816    34.000     0.027       7      18    56.0     4.0
   103.349    30.808     3.816    34.000     0.025       7      16    58.0     4.0
   103.335    30.794     3.816    34.000     0.038      90      15    60.0     4.0
   103.320    30.781     3.816    34.000     0.053      89      20    62.0     4.0
   103.306    30.768     3.816    34.000     0.035      89      22    64.0     4.0
   103.777    31.179     2.698    34.000     0.025      15      20     0.0     2.0
   103.762    31.166     2.698    34.000     0.027      14      28     2.0     2.0
   103.748    31.153     2.698    34.000     0.040      49      34     4.0     2.0
   103.734    31.140     2.698    34.000     0.033      51      34     6.0     2.0
   103.719    31.127     2.698    34.000     0.032      51      29     8.0     2.0
   103.705    31.114     2.698    34.000     0.023      51      30    10.0     2.0
   103.691    31.100     2.698    34.000     0.083      56      21    12.0     2.0
   103.676    31.087     2.698    34.000     0.095      56      23    14.0     2.0
   103.662    31.074     2.698    34.000     0.061      54      14    16.0     2.0
   103.648    31.061     2.698    34.000     0.046      54      13    18.0     2.0
   103.633    31.048     2.698    34.000     0.033      15      35    20.0     2.0
   103.619    31.035     2.698    34.000     0.036      16      35    22.0     2.0
   103.605    31.021     2.698    34.000     0.022      16      34    24.0     2.0
   103.590    31.008     2.698    34.000     0.021      55       3    26.0     2.0
   103.576    30.995     2.698    34.000     0.044      12      20    28.0     2.0
   103.562    30.982     2.698    34.000     0.086      12      33    30.0     2.0
   103.547    30.969     2.698    34.000     0.065      11      34    32.0     2.0
   103.533    30.956     2.698    34.000     0.041       9      26    34.0     2.0
   103.519    30.942     2.698    34.000     0.017      11      34    36.0     2.0
   103.504    30.929     2.698    34.000     0.045      70       2    38.0     2.0
   103.490    30.916     2.698    34.000     0.082      69       7    40.0     2.0
   103.476    30.903     2.698    34.000     0.059      67       7    42.0     2.0
   103.462    30.890     2.698    34.000     0.033      67       3    44.0     2.0
   103.447    30.877     2.698    34.000     0.017      53      36    46.0     2.0
   103.433    30.863     2.698    34.000     0.012       8       2    48.0     2.0
   103.419    30.850     2.698    34.000     0.015      11       2    50.0     2.0
   103.404    30.837     2.698    34.000     0.012      45      25    52.0     2.0
   103.390    30.824     2.698    34.000     0.021      44      27    54.0     2.0
   103.376    30.811     2.698    34.000     0.013      45       7    56.0     2.0
   103.362    30.797     2.698    34.000     0.019      18       8    58.0     2.0
   103.347    30.784     2.698    34.000     0.027      17      10    60.0     2.0
   103.333    30.771     2.698    34.000     0.010       3       1    62.0     2.0
   103.319    30.758     2.698    34.000     0.011      69      34    64.0     2.0
   103.789    31.169     1.579    34.000     0.030      83      33     0.0     0.0
   103.775    31.156     1.579    34.000     0.035      82      36     2.0     0.0
   103.761    31.143     1.579    34.000     0.030      82      36     4.0     0.0
   103.746    31.130     1.579    34.000     0.032      16      36     6.0     0.0
   103.732    31.116     1.579    34.000     0.046      30       1     8.0     0.0
   103.718    31.103     1.579    34.000     0.035      30       1    10.0     0.0
   103.703    31.090     1.579    34.000     0.038      27       8    12.0     0.0
   103.689    31.077     1.579    34.000     0.042      27      15    14.0     0.0
   103.675    31.064     1.579    34.000     0.040      27      28    16.0     0.0
   103.660    31.051     1.579    34.000     0.048      26      33    18.0     0.0
   103.646    31.038     1.579    34.000     0.036      26      36    20.0     0.0
   103.632    31.024     1.579    34.000     0.023      25      37    22.0     0.0
   103.617    31.011     1.579    34.000     0.013      28      36    24.0     0.0
   103.603    30.998     1.579    34.000     0.011      23      37    26.0     0.0
   103.589    30.985     1.579    34.000     0.011       6      11    28.0     0.0
   103.574    30.972     1.579    34.000     0.013       6      26    30.0     0.0
   103.560    30.959     1.579    34.000     0.013      38       1    32.0     0.0
   103.546    30.945     1.579    34.000     0.044      37       1    34.0     0.0
   103.531    30.932     1.579    34.000     0.077      35       1    36.0     0.0
   103.517    30.919     1.579    34.000     0.074      33       1    38.0     0.0
   103.503    30.906     1.579    34.000     0.052      32       1    40.0     0.0
   103.488    30.893     1.579    34.000     0.047      29       6    42.0     0.0
   103.474    30.880     1.579    34.000     0.032      91      37    44.0     0.0
   103.460    30.866     1.579    34.000     0.010      78      15    46.0     0.0
   103.446    30.853     1.579    34.000     0.009      78      25    48.0     0.0
   103.431    30.840     1.579    34.000     0.009      23       3    50.0     0.0
   103.417    30.827     1.579    34.000     0.010      21       3    52.0     0.0
   103.403    30.814     1.579    34.000     0.006      58       2    54.0     0.0
   103.389    30.800     1.579    34.000     0.007      48      29    56.0     0.0
   103.374    30.787     1.579    34.000     0.006      27       3    58.0     0.0
   103.360    30.774     1.579    34.000     0.008      53       8    60.0     0.0
   103.346    30.761     1.579    34.000     0.016      55      24    62.0     0.0
   103.332    30.748     1.579    34.000     0.017      54      25    64.0     0.0
