   104.132    31.868    23.168    34.000     0.061       1       3     0.0    40.0
   104.117    31.855    23.168    34.000     0.105       1       4     2.0    40.0
   104.103    31.842    23.168    34.000     0.067       1       3     4.0    40.0
   104.088    31.829    23.168    34.000     0.030      25       5     6.0    40.0
   104.074    31.815    23.168    34.000     0.088      24       5     8.0    40.0
   104.060    31.802    23.168    34.000     0.093      24       5    10.0    40.0
   104.045    31.789    23.168    34.000     0.061      24       4    12.0    40.0
   104.031    31.776    23.168    34.000     0.019      24       9    14.0    40.0
   104.016    31.763    23.168    34.000     0.011      24       9    16.0    40.0
   104.002    31.750    23.168    34.000     0.005      31      33    18.0    40.0
   103.987    31.736    23.168    34.000     0.009      12       1    20.0    40.0
   103.973    31.723    23.168    34.000     0.009      82       8    22.0    40.0
   103.959    31.710    23.168    34.000     0.013      90      29    24.0    40.0
   103.944    31.697    23.168    34.000     0.031      89      29    26.0    40.0
   103.930    31.684    23.168    34.000     0.042      88      26    28.0    40.0
   103.915    31.671    23.168    34.000     0.057      85      27    30.0    40.0
   103.901    31.657    23.168    34.000     0.055      56      34    32.0    40.0
   103.887    31.644    23.168    34.000     0.153      53      32    34.0    40.0
   103.872    31.631    23.168    34.000     0.218      40       1    36.0    40.0
   103.858    31.618    23.168    34.000     0.160      41       1    38.0    40.0
   103.844    31.605    23.168    34.000     0.102      40       1    40.0    40.0
   103.829    31.591    23.168    34.000     0.054      24      33    42.0    40.0
   103.815    31.578    23.168    34.000     0.045      95      18    44.0    40.0
   103.800    31.565    23.168    34.000     0.048      93       4    46.0    40.0
   103.786    31.552    23.168    34.000     0.038      92       4    48.0    40.0
   103.772    31.539    23.168    34.000     0.061      34      30    50.0    40.0
   103.757    31.525    23.168    34.000     0.083      23       6    52.0    40.0
   103.743    31.512    23.168    34.000     0.044      20       2    54.0    40.0
   103.729    31.499    23.168    34.000     0.027      60      10    56.0    40.0
   103.714    31.486    23.168    34.000     0.021       6      33    58.0    40.0
   103.700    31.473    23.168    34.000     0.014       6      33    60.0    40.0
   103.686    31.459    23.168    34.000     0.015      89      34    62.0    40.0
   103.671    31.446    23.168    34.000     0.016      87      35    64.0    40.0
   103.657    31.433    23.168    34.000     0.013      87      36    66.0    40.0
   103.643    31.420    23.168    34.000     0.011      76       3    68.0    40.0
   103.628    31.407    23.168    34.000     0.028      43      18    70.0    40.0
   103.614    31.393    23.168    34.000     0.079       6       1    72.0    40.0
   103.600    31.380    23.168    34.000     0.085       6       1    74.0    40.0
   103.585    31.367    23.168    34.000     0.045       4       1    76.0    40.0
   103.571    31.354    23.168    34.000     0.027       8       6    78.0    40.0
   104.145    31.858    22.049    34.000     0.069       2       3     0.0    38.0
   104.130    31.845    22.049    34.000     0.066       4       1     2.0    38.0
   104.116    31.832    22.049    34.000     0.037       1       5     4.0    38.0
   104.101    31.818    22.049    34.000     0.013      81      25     6.0    38.0
   104.087    31.805    22.049    34.000     0.026      40      37     8.0    38.0
   104.072    31.792    22.049    34.000     0.037      41      37    10.0    38.0
   104.058    31.779    22.049    34.000     0.030      40      37    12.0    38.0
   104.044    31.766    22.049    34.000     0.028      39      37    14.0    38.0
   104.029    31.753    22.049    34.000     0.019      19       6    16.0    38.0
   104.015    31.739    22.049    34.000     0.051      14       1    18.0    38.0
   104.000    31.726    22.049    34.000     0.056      16       2    20.0    38.0
   103.986    31.713    22.049    34.000     0.042      14       1    22.0    38.0
   103.971    31.700    22.049    34.000     0.021      89       6    24.0    38.0
   103.957    31.687    22.049    34.000     0.022      87       2    26.0    38.0
   103.943    31.674    22.049    34.000     0.030      85       3    28.0    38.0
   103.928    31.660    22.049    34.000     0.020      84      22    30.0    38.0
   103.914    31.647    22.049    34.000     0.023      22      29    32.0    38.0
   103.899    31.634    22.049    34.000     0.059      44       1    34.0    38.0
   103.885    31.621    22.049    34.000     0.120      43       1    36.0    38.0
   103.871    31.608    22.049    34.000     0.090      42       1    38.0    38.0
   103.856    31.594    22.049    34.000     0.058      42       1    40.0    38.0
   103.842    31.581    22.049    34.000     0.036      81      35    42.0    38.0
   103.828    31.568    22.049    34.000     0.020      93       1    44.0    38.0
   103.813    31.555    22.049    34.000     0.032      95       1    46.0    38.0
   103.799    31.542    22.049    34.000     0.024      93       1    48.0    38.0
   103.784    31.528    22.049    34.000     0.040      39      30    50.0    38.0
   103.770    31.515    22.049    34.000     0.034      39      30    52.0    38.0
   103.756    31.502    22.049    34.000     0.040      39      32    54.0    38.0
   103.741    31.489    22.049    34.000     0.056      10      34    56.0    38.0
   103.727    31.476    22.049    34.000     0.046       7      37    58.0    38.0
   103.713    31.462    22.049    34.000     0.045      37      24    60.0    38.0
   103.698    31.449    22.049    34.000     0.027      38      19    62.0    38.0
   103.684    31.436    22.049    34.000     0.059      77       7    64.0    38.0
   103.670    31.423    22.049    34.000     0.054      13      13    66.0    38.0
   103.655    31.410    22.049    34.000     0.070      43      16    68.0    38.0
   103.641    31.396    22.049    34.000     0.065      12      13    70.0    38.0
   103.627    31.383    22.049    34.000     0.051      10       7    72.0    38.0
   103.612    31.370    22.049    34.000     0.048      20      37    74.0    38.0
   103.598    31.357    22.049    34.000     0.051      35       3    76.0    38.0
   103.584    31.344    22.049    34.000     0.025      34       3    78.0    38.0
   104.157    31.848    20.931    34.000     0.057      19      34     0.0    36.0
   104.143    31.834    20.931    34.000     0.052      20      34     2.0    36.0
   104.128    31.821    20.931    34.000     0.046      80       4     4.0    36.0
   104.114    31.808    20.931    34.000     0.032      82       5     6.0    36.0
   104.100    31.795    20.931    34.000     0.030      83      11     8.0    36.0
   104.085    31.782    20.931    34.000     0.025      81       9    10.0    36.0
   104.071    31.769    20.931    34.000     0.025      47      21    12.0    36.0
   104.056    31.755    20.931    34.000     0.049      45      22    14.0    36.0
   104.042    31.742    20.931    34.000     0.054      44      20    16.0    36.0
   104.027    31.729    20.931    34.000     0.050      43      18    18.0    36.0
   104.013    31.716    20.931    34.000     0.038      75      24    20.0    36.0
   103.999    31.703    20.931    34.000     0.067      75      26    22.0    36.0
   103.984    31.690    20.931    34.000     0.063      15       1    24.0    36.0
   103.970    31.676    20.931    34.000     0.080      12       1    26.0    36.0
   103.955    31.663    20.931    34.000     0.047      12       1    28.0    36.0
   103.941    31.650    20.931    34.000     0.030      78      11    30.0    36.0
   103.927    31.637    20.931    34.000     0.025      78       8    32.0    36.0
   103.912    31.624    20.931    34.000     0.016      75       1    34.0    36.0
   103.898    31.611    20.931    34.000     0.038      95       1    36.0    36.0
   103.883    31.597    20.931    34.000     0.042      95       1    38.0    36.0
   103.869    31.584    20.931    34.000     0.039      94       1    40.0    36.0
   103.855    31.571    20.931    34.000     0.062      12      31    42.0    36.0
   103.840    31.558    20.931    34.000     0.085      12      34    44.0    36.0
   103.826    31.545    20.931    34.000     0.025      12      26    46.0    36.0
   103.812    31.531    20.931    34.000     0.036      15      22    48.0    36.0
   103.797    31.518    20.931    34.000     0.054      14      20    50.0    36.0
   103.783    31.505    20.931    34.000     0.031      12      22    52.0    36.0
   103.769    31.492    20.931    34.000     0.041      11      25    54.0    36.0
   103.754    31.479    20.931    34.000     0.053      11      25    56.0    36.0
   103.740    31.465    20.931    34.000     0.087      41      19    58.0    36.0
   103.726    31.452    20.931    34.000     0.065      10      30    60.0    36.0
   103.711    31.439    20.931    34.000     0.088      43      12    62.0    36.0
   103.697    31.426    20.931    34.000     0.121      41       6    64.0    36.0
   103.683    31.413    20.931    34.000     0.163      41       6    66.0    36.0
   103.668    31.399    20.931    34.000     0.130      40       7    68.0    36.0
   103.654    31.386    20.931    34.000     0.104      40       5    70.0    36.0
   103.640    31.373    20.931    34.000     0.061      39       5    72.0    36.0
   103.625    31.360    20.931    34.000     0.022      69      30    74.0    36.0
   103.611    31.347    20.931    34.000     0.025      40      33    76.0    36.0
   103.597    31.333    20.931    34.000     0.016      40      34    78.0    36.0
   104.170    31.837    19.813    34.000     0.053      55      23     0.0    34.0
   104.156    31.824    19.813    34.000     0.051      80       4     2.0    34.0
   104.141    31.811    19.813    34.000     0.048      47       5     4.0    34.0
   104.127    31.798    19.813    34.000     0.062      16       1     6.0    34.0
   104.112    31.785    19.813    34.000     0.046      15       1     8.0    34.0
   104.098    31.772    19.813    34.000     0.036      14       1    10.0    34.0
   104.083    31.758    19.813    34.000     0.021      42      30    12.0    34.0
   104.069    31.745    19.813    34.000     0.033      78      24    14.0    34.0
   104.055    31.732    19.813    34.000     0.039      79       4    16.0    34.0
   104.040    31.719    19.813    34.000     0.087      41      27    18.0    34.0
   104.026    31.706    19.813    34.000     0.077      42      27    20.0    34.0
   104.011    31.693    19.813    34.000     0.085      75       9    22.0    34.0
   103.997    31.679    19.813    34.000     0.083      74      11    24.0    34.0
   103.983    31.666    19.813    34.000     0.080      76      12    26.0    34.0
   103.968    31.653    19.813    34.000     0.037      75      14    28.0    34.0
   103.954    31.640    19.813    34.000     0.036      71      33    30.0    34.0
   103.939    31.627    19.813    34.000     0.037      72      32    32.0    34.0
   103.925    31.614    19.813    34.000     0.054      71      33    34.0    34.0
   103.911    31.600    19.813    34.000     0.037      72      34    36.0    34.0
   103.896    31.587    19.813    34.000     0.043      76      34    38.0    34.0
   103.882    31.574    19.813    34.000     0.071      74      34    40.0    34.0
   103.867    31.561    19.813    34.000     0.084      75      35    42.0    34.0
   103.853    31.548    19.813    34.000     0.059      76      34    44.0    34.0
   103.839    31.534    19.813    34.000     0.052       8      34    46.0    34.0
   103.824    31.521    19.813    34.000     0.071      18       8    48.0    34.0
   103.810    31.508    19.813    34.000     0.051      17       8    50.0    34.0
   103.796    31.495    19.813    34.000     0.048      73       2    52.0    34.0
   103.781    31.482    19.813    34.000     0.122      73       2    54.0    34.0
   103.767    31.468    19.813    34.000     0.093      73       2    56.0    34.0
   103.753    31.455    19.813    34.000     0.129      74       2    58.0    34.0
   103.738    31.442    19.813    34.000     0.104      45      21    60.0    34.0
   103.724    31.429    19.813    34.000     0.099      44       4    62.0    34.0
   103.710    31.416    19.813    34.000     0.114      42       5    64.0    34.0
   103.695    31.402    19.813    34.000     0.128      42       5    66.0    34.0
   103.681    31.389    19.813    34.000     0.048      40       5    68.0    34.0
   103.667    31.376    19.813    34.000     0.038      70      31    70.0    34.0
   103.652    31.363    19.813    34.000     0.042      72      33    72.0    34.0
   103.638    31.350    19.813    34.000     0.040      70      32    74.0    34.0
   103.624    31.336    19.813    34.000     0.046      41      33    76.0    34.0
   103.609    31.323    19.813    34.000     0.055      68      27    78.0    34.0
   104.183    31.827    18.694    34.000     0.067      37      36     0.0    32.0
   104.168    31.814    18.694    34.000     0.059      98      37     2.0    32.0
   104.154    31.801    18.694    34.000     0.059      97      37     4.0    32.0
   104.140    31.788    18.694    34.000     0.063      77       2     6.0    32.0
   104.125    31.775    18.694    34.000     0.061      78       2     8.0    32.0
   104.111    31.761    18.694    34.000     0.026      27      37    10.0    32.0
   104.096    31.748    18.694    34.000     0.009      80       3    12.0    32.0
   104.082    31.735    18.694    34.000     0.010      73      28    14.0    32.0
   104.067    31.722    18.694    34.000     0.010       4      15    16.0    32.0
   104.053    31.709    18.694    34.000     0.019      34      11    18.0    32.0
   104.039    31.696    18.694    34.000     0.019      38      28    20.0    32.0
   104.024    31.682    18.694    34.000     0.061      95      37    22.0    32.0
   104.010    31.669    18.694    34.000     0.032      96      37    24.0    32.0
   103.995    31.656    18.694    34.000     0.098      32      27    26.0    32.0
   103.981    31.643    18.694    34.000     0.139      32      27    28.0    32.0
   103.967    31.630    18.694    34.000     0.127      32      28    30.0    32.0
   103.952    31.617    18.694    34.000     0.071      32      15    32.0    32.0
   103.938    31.603    18.694    34.000     0.070      31      17    34.0    32.0
   103.923    31.590    18.694    34.000     0.043       3      10    36.0    32.0
   103.909    31.577    18.694    34.000     0.057       2      21    38.0    32.0
   103.895    31.564    18.694    34.000     0.089       1      18    40.0    32.0
   103.880    31.551    18.694    34.000     0.061       1      20    42.0    32.0
   103.866    31.537    18.694    34.000     0.078      23       7    44.0    32.0
   103.851    31.524    18.694    34.000     0.049      21       7    46.0    32.0
   103.837    31.511    18.694    34.000     0.039      21      10    48.0    32.0
   103.823    31.498    18.694    34.000     0.032      21      22    50.0    32.0
   103.808    31.485    18.694    34.000     0.052      79       3    52.0    32.0
   103.794    31.471    18.694    34.000     0.053      77       2    54.0    32.0
   103.780    31.458    18.694    34.000     0.052      75       4    56.0    32.0
   103.765    31.445    18.694    34.000     0.042      76       6    58.0    32.0
   103.751    31.432    18.694    34.000     0.055      25      32    60.0    32.0
   103.737    31.419    18.694    34.000     0.037     100      26    62.0    32.0
   103.722    31.405    18.694    34.000     0.039      26      32    64.0    32.0
   103.708    31.392    18.694    34.000     0.023       5      21    66.0    32.0
   103.694    31.379    18.694    34.000     0.031       2      20    68.0    32.0
   103.679    31.366    18.694    34.000     0.026       2      21    70.0    32.0
   103.665    31.353    18.694    34.000     0.104      24       4    72.0    32.0
   103.651    31.339    18.694    34.000     0.128      24       4    74.0    32.0
   103.636    31.326    18.694    34.000     0.091      25       4    76.0    32.0
   103.622    31.313    18.694    34.000     0.086       9      37    78.0    32.0
   104.196    31.817    17.576    34.000     0.048      35      33     0.0    30.0
   104.181    31.804    17.576    34.000     0.050      30      34     2.0    30.0
   104.167    31.791    17.576    34.000     0.066     100      26     4.0    30.0
   104.152    31.777    17.576    34.000     0.065     100      25     6.0    30.0
   104.138    31.764    17.576    34.000     0.089      62      33     8.0    30.0
   104.123    31.751    17.576    34.000     0.052      62      34    10.0    30.0
   104.109    31.738    17.576    34.000     0.038       7       1    12.0    30.0
   104.095    31.725    17.576    34.000     0.036      59      32    14.0    30.0
   104.080    31.712    17.576    34.000     0.025      57      33    16.0    30.0
   104.066    31.699    17.576    34.000     0.014      57      33    18.0    30.0
   104.051    31.685    17.576    34.000     0.017      65      31    20.0    30.0
   104.037    31.672    17.576    34.000     0.034      37      32    22.0    30.0
   104.023    31.659    17.576    34.000     0.048      37      32    24.0    30.0
   104.008    31.646    17.576    34.000     0.061      36      13    26.0    30.0
   103.994    31.633    17.576    34.000     0.079      35      18    28.0    30.0
   103.979    31.619    17.576    34.000     0.122      35      22    30.0    30.0
   103.965    31.606    17.576    34.000     0.061      32      20    32.0    30.0
   103.951    31.593    17.576    34.000     0.044      55       1    34.0    30.0
   103.936    31.580    17.576    34.000     0.063      55       1    36.0    30.0
   103.922    31.567    17.576    34.000     0.083      57       2    38.0    30.0
   103.907    31.554    17.576    34.000     0.107      57       2    40.0    30.0
   103.893    31.540    17.576    34.000     0.112      56       2    42.0    30.0
   103.879    31.527    17.576    34.000     0.095      22      11    44.0    30.0
   103.864    31.514    17.576    34.000     0.050      52      16    46.0    30.0
   103.850    31.501    17.576    34.000     0.088      54      19    48.0    30.0
   103.836    31.488    17.576    34.000     0.086      55      20    50.0    30.0
   103.821    31.474    17.576    34.000     0.068      57      32    52.0    30.0
   103.807    31.461    17.576    34.000     0.093      55      32    54.0    30.0
   103.792    31.448    17.576    34.000     0.080      54      32    56.0    30.0
   103.778    31.435    17.576    34.000     0.039      58      32    58.0    30.0
   103.764    31.422    17.576    34.000     0.040       3       6    60.0    30.0
   103.749    31.409    17.576    34.000     0.046       1       7    62.0    30.0
   103.735    31.395    17.576    34.000     0.039      28      28    64.0    30.0
   103.721    31.382    17.576    34.000     0.023       1       8    66.0    30.0
   103.706    31.369    17.576    34.000     0.014      82      32    68.0    30.0
   103.692    31.356    17.576    34.000     0.044      28      11    70.0    30.0
   103.678    31.342    17.576    34.000     0.042      81      34    72.0    30.0
   103.664    31.329    17.576    34.000     0.052      80      30    74.0    30.0
   103.649    31.316    17.576    34.000     0.041      22       1    76.0    30.0
   103.635    31.303    17.576    34.000     0.057      21       1    78.0    30.0
   104.208    31.807    16.457    34.000     0.104       1      37     0.0    28.0
   104.194    31.794    16.457    34.000     0.056      99      22     2.0    28.0
   104.180    31.780    16.457    34.000     0.093      30      32     4.0    28.0
   104.165    31.767    16.457    34.000     0.135      32      32     6.0    28.0
   104.151    31.754    16.457    34.000     0.106      30      28     8.0    28.0
   104.136    31.741    16.457    34.000     0.080      28      28    10.0    28.0
   104.122    31.728    16.457    34.000     0.076      63      32    12.0    28.0
   104.107    31.715    16.457    34.000     0.080      62      33    14.0    28.0
   104.093    31.701    16.457    34.000     0.070      60      33    16.0    28.0
   104.079    31.688    16.457    34.000     0.043      60      34    18.0    28.0
   104.064    31.675    16.457    34.000     0.033      62      34    20.0    28.0
   104.050    31.662    16.457    34.000     0.030      91      30    22.0    28.0
   104.035    31.649    16.457    34.000     0.034      91      29    24.0    28.0
   104.021    31.636    16.457    34.000     0.046      91      20    26.0    28.0
   104.006    31.622    16.457    34.000     0.081      89      11    28.0    28.0
   103.992    31.609    16.457    34.000     0.098      89      12    30.0    28.0
   103.978    31.596    16.457    34.000     0.093      88       6    32.0    28.0
   103.963    31.583    16.457    34.000     0.117      90       5    34.0    28.0
   103.949    31.570    16.457    34.000     0.138      90       3    36.0    28.0
   103.935    31.557    16.457    34.000     0.128      87       4    38.0    28.0
   103.920    31.543    16.457    34.000     0.115      59       2    40.0    28.0
   103.906    31.530    16.457    34.000     0.109      60       2    42.0    28.0
   103.891    31.517    16.457    34.000     0.085       1      37    44.0    28.0
   103.877    31.504    16.457    34.000     0.049      63       2    46.0    28.0
   103.863    31.491    16.457    34.000     0.059      53      34    48.0    28.0
   103.848    31.477    16.457    34.000     0.088      54      32    50.0    28.0
   103.834    31.464    16.457    34.000     0.137      54      34    52.0    28.0
   103.820    31.451    16.457    34.000     0.133      55      33    54.0    28.0
   103.805    31.438    16.457    34.000     0.132      58      29    56.0    28.0
   103.791    31.425    16.457    34.000     0.059      59      31    58.0    28.0
   103.777    31.412    16.457    34.000     0.035       4       5    60.0    28.0
   103.762    31.398    16.457    34.000     0.036       5       8    62.0    28.0
   103.748    31.385    16.457    34.000     0.031       3       5    64.0    28.0
   103.734    31.372    16.457    34.000     0.014      85      14    66.0    28.0
   103.719    31.359    16.457    34.000     0.008      86      31    68.0    28.0
   103.705    31.345    16.457    34.000     0.036      84      33    70.0    28.0
   103.691    31.332    16.457    34.000     0.063      84      33    72.0    28.0
   103.676    31.319    16.457    34.000     0.077      85      31    74.0    28.0
   103.662    31.306    16.457    34.000     0.039      82      27    76.0    28.0
   103.648    31.293    16.457    34.000     0.031      80      30    78.0    28.0
   104.221    31.796    15.339    34.000     0.046      96      12     0.0    26.0
   104.207    31.783    15.339    34.000     0.063      95       9     2.0    26.0
   104.192    31.770    15.339    34.000     0.034      97      20     4.0    26.0
   104.178    31.757    15.339    34.000     0.030      28      16     6.0    26.0
   104.163    31.744    15.339    34.000     0.039      95      32     8.0    26.0
   104.149    31.731    15.339    34.000     0.043      96      34    10.0    26.0
   104.135    31.718    15.339    34.000     0.040      25      33    12.0    26.0
   104.120    31.704    15.339    34.000     0.049      25      33    14.0    26.0
   104.106    31.691    15.339    34.000     0.020      21      32    16.0    26.0
   104.091    31.678    15.339    34.000     0.020      21      31    18.0    26.0
   104.077    31.665    15.339    34.000     0.017      94       4    20.0    26.0
   104.062    31.652    15.339    34.000     0.029      92       4    22.0    26.0
   104.048    31.639    15.339    34.000     0.066      95       5    24.0    26.0
   104.034    31.625    15.339    34.000     0.078      91       5    26.0    26.0
   104.019    31.612    15.339    34.000     0.108      92       5    28.0    26.0
   104.005    31.599    15.339    34.000     0.094      91       7    30.0    26.0
   103.990    31.586    15.339    34.000     0.061      91       7    32.0    26.0
   103.976    31.573    15.339    34.000     0.078      18       1    34.0    26.0
   103.962    31.560    15.339    34.000     0.089      18       1    36.0    26.0
   103.947    31.546    15.339    34.000     0.059      18       1    38.0    26.0
   103.933    31.533    15.339    34.000     0.031      17      13    40.0    26.0
   103.919    31.520    15.339    34.000     0.031      16      13    42.0    26.0
   103.904    31.507    15.339    34.000     0.019       1      37    44.0    26.0
   103.890    31.494    15.339    34.000     0.035       7       1    46.0    26.0
   103.875    31.480    15.339    34.000     0.042       8       2    48.0    26.0
   103.861    31.467    15.339    34.000     0.036      10       1    50.0    26.0
   103.847    31.454    15.339    34.000     0.043      42       1    52.0    26.0
   103.832    31.441    15.339    34.000     0.050      40       1    54.0    26.0
   103.818    31.428    15.339    34.000     0.036      27      37    56.0    26.0
   103.804    31.415    15.339    34.000     0.032      64      22    58.0    26.0
   103.789    31.401    15.339    34.000     0.024      11       1    60.0    26.0
   103.775    31.388    15.339    34.000     0.026      88       1    62.0    26.0
   103.761    31.375    15.339    34.000     0.014      73      36    64.0    26.0
   103.746    31.362    15.339    34.000     0.010      72      36    66.0    26.0
   103.732    31.349    15.339    34.000     0.005      54      16    68.0    26.0
   103.718    31.335    15.339    34.000     0.007       9      35    70.0    26.0
   103.703    31.322    15.339    34.000     0.022      11      35    72.0    26.0
   103.689    31.309    15.339    34.000     0.015       9      35    74.0    26.0
   103.675    31.296    15.339    34.000     0.015       7      35    76.0    26.0
   103.660    31.282    15.339    34.000     0.032      42      35    78.0    26.0
   104.234    31.786    14.221    34.000     0.028      43      24     0.0    24.0
   104.220    31.773    14.221    34.000     0.027      42      23     2.0    24.0
   104.205    31.760    14.221    34.000     0.010      43      27     4.0    24.0
   104.191    31.747    14.221    34.000     0.006      42      30     6.0    24.0
   104.176    31.734    14.221    34.000     0.007      16       4     8.0    24.0
   104.162    31.720    14.221    34.000     0.021      43       1    10.0    24.0
   104.147    31.707    14.221    34.000     0.049      43       1    12.0    24.0
   104.133    31.694    14.221    34.000     0.060      43       1    14.0    24.0
   104.118    31.681    14.221    34.000     0.050      13       4    16.0    24.0
   104.104    31.668    14.221    34.000     0.125      13       3    18.0    24.0
   104.090    31.655    14.221    34.000     0.054      13       3    20.0    24.0
   104.075    31.642    14.221    34.000     0.066      49      32    22.0    24.0
   104.061    31.628    14.221    34.000     0.072      48      30    24.0    24.0
   104.046    31.615    14.221    34.000     0.125      45      33    26.0    24.0
   104.032    31.602    14.221    34.000     0.102      45      32    28.0    24.0
   104.018    31.589    14.221    34.000     0.100      45      34    30.0    24.0
   104.003    31.576    14.221    34.000     0.049      34      37    32.0    24.0
   103.989    31.563    14.221    34.000     0.086      34      37    34.0    24.0
   103.974    31.549    14.221    34.000     0.073      46       4    36.0    24.0
   103.960    31.536    14.221    34.000     0.074      46       1    38.0    24.0
   103.946    31.523    14.221    34.000     0.070      75       5    40.0    24.0
   103.931    31.510    14.221    34.000     0.042      73       4    42.0    24.0
   103.917    31.497    14.221    34.000     0.039      72       3    44.0    24.0
   103.903    31.483    14.221    34.000     0.073      11       2    46.0    24.0
   103.888    31.470    14.221    34.000     0.094      39       1    48.0    24.0
   103.874    31.457    14.221    34.000     0.093      72      25    50.0    24.0
   103.859    31.444    14.221    34.000     0.102      72      22    52.0    24.0
   103.845    31.431    14.221    34.000     0.081      73      21    54.0    24.0
   103.831    31.418    14.221    34.000     0.040      67       3    56.0    24.0
   103.816    31.404    14.221    34.000     0.040      68       5    58.0    24.0
   103.802    31.391    14.221    34.000     0.039      93       1    60.0    24.0
   103.788    31.378    14.221    34.000     0.032      78      36    62.0    24.0
   103.773    31.365    14.221    34.000     0.025     100      14    64.0    24.0
   103.759    31.352    14.221    34.000     0.012      47      36    66.0    24.0
   103.745    31.338    14.221    34.000     0.018      45      36    68.0    24.0
   103.730    31.325    14.221    34.000     0.041      44      36    70.0    24.0
   103.716    31.312    14.221    34.000     0.062      43      36    72.0    24.0
   103.702    31.299    14.221    34.000     0.079      41      35    74.0    24.0
   103.688    31.286    14.221    34.000     0.093      43      36    76.0    24.0
   103.673    31.272    14.221    34.000     0.107      44      35    78.0    24.0
   104.247    31.776    13.102    34.000     0.074      42      29     0.0    22.0
   104.232    31.763    13.102    34.000     0.129      42      25     2.0    22.0
   104.218    31.750    13.102    34.000     0.111      43      24     4.0    22.0
   104.203    31.737    13.102    34.000     0.089      44      26     6.0    22.0
   104.189    31.723    13.102    34.000     0.043      44       2     8.0    22.0
   104.175    31.710    13.102    34.000     0.133      44       3    10.0    22.0
   104.160    31.697    13.102    34.000     0.116      44       2    12.0    22.0
   104.146    31.684    13.102    34.000     0.094      44       4    14.0    22.0
   104.131    31.671    13.102    34.000     0.044      45       1    16.0    22.0
   104.117    31.658    13.102    34.000     0.032      45       1    18.0    22.0
   104.102    31.644    13.102    34.000     0.042      74      33    20.0    22.0
   104.088    31.631    13.102    34.000     0.053      41       2    22.0    22.0
   104.074    31.618    13.102    34.000     0.050      41       2    24.0    22.0
   104.059    31.605    13.102    34.000     0.037      99       8    26.0    22.0
   104.045    31.592    13.102    34.000     0.048      99       8    28.0    22.0
   104.030    31.579    13.102    34.000     0.044      42      30    30.0    22.0
   104.016    31.565    13.102    34.000     0.078      41      31    32.0    22.0
   104.002    31.552    13.102    34.000     0.107      99      16    34.0    22.0
   103.987    31.539    13.102    34.000     0.128      98      32    36.0    22.0
   103.973    31.526    13.102    34.000     0.091      76       1    38.0    22.0
   103.958    31.513    13.102    34.000     0.092      76       2    40.0    22.0
   103.944    31.500    13.102    34.000     0.108      76       2    42.0    22.0
   103.930    31.486    13.102    34.000     0.069      72       6    44.0    22.0
   103.915    31.473    13.102    34.000     0.065      72      10    46.0    22.0
   103.901    31.460    13.102    34.000     0.094      71      14    48.0    22.0
   103.887    31.447    13.102    34.000     0.173      73      26    50.0    22.0
   103.872    31.434    13.102    34.000     0.230      71      26    52.0    22.0
   103.858    31.420    13.102    34.000     0.213      72      23    54.0    22.0
   103.844    31.407    13.102    34.000     0.105      74      27    56.0    22.0
   103.829    31.394    13.102    34.000     0.051      99       2    58.0    22.0
   103.815    31.381    13.102    34.000     0.039      73       3    60.0    22.0
   103.800    31.368    13.102    34.000     0.028      71       2    62.0    22.0
   103.786    31.355    13.102    34.000     0.040      84      37    64.0    22.0
   103.772    31.341    13.102    34.000     0.017      71       4    66.0    22.0
   103.758    31.328    13.102    34.000     0.030      78      36    68.0    22.0
   103.743    31.315    13.102    34.000     0.048      76      36    70.0    22.0
   103.729    31.302    13.102    34.000     0.122      74      36    72.0    22.0
   103.715    31.289    13.102    34.000     0.161      72      35    74.0    22.0
   103.700    31.275    13.102    34.000     0.173      72      36    76.0    22.0
   103.686    31.262    13.102    34.000     0.080      72      35    78.0    22.0
   104.259    31.766    11.984    34.000     0.084      81      27     0.0    20.0
   104.245    31.753    11.984    34.000     0.064      76      19     2.0    20.0
   104.231    31.739    11.984    34.000     0.085      43      16     4.0    20.0
   104.216    31.726    11.984    34.000     0.086      44      12     6.0    20.0
   104.202    31.713    11.984    34.000     0.056      75       2     8.0    20.0
   104.187    31.700    11.984    34.000     0.073      74       3    10.0    20.0
   104.173    31.687    11.984    34.000     0.040      74       3    12.0    20.0
   104.158    31.674    11.984    34.000     0.021      73       2    14.0    20.0
   104.144    31.661    11.984    34.000     0.012      40       2    16.0    20.0
   104.130    31.647    11.984    34.000     0.027      41       2    18.0    20.0
   104.115    31.634    11.984    34.000     0.068      40       3    20.0    20.0
   104.101    31.621    11.984    34.000     0.050      57      37    22.0    20.0
   104.086    31.608    11.984    34.000     0.032      32      29    24.0    20.0
   104.072    31.595    11.984    34.000     0.011      47       1    26.0    20.0
   104.057    31.582    11.984    34.000     0.013       7      34    28.0    20.0
   104.043    31.568    11.984    34.000     0.027      64      37    30.0    20.0
   104.029    31.555    11.984    34.000     0.025      64      37    32.0    20.0
   104.014    31.542    11.984    34.000     0.031      40      33    34.0    20.0
   104.000    31.529    11.984    34.000     0.046      69      27    36.0    20.0
   103.986    31.516    11.984    34.000     0.034      68      27    38.0    20.0
   103.971    31.503    11.984    34.000     0.061      33      24    40.0    20.0
   103.957    31.489    11.984    34.000     0.085      31      27    42.0    20.0
   103.942    31.476    11.984    34.000     0.059      29      27    44.0    20.0
   103.928    31.463    11.984    34.000     0.036      72       9    46.0    20.0
   103.914    31.450    11.984    34.000     0.037      76       2    48.0    20.0
   103.899    31.437    11.984    34.000     0.033      73      21    50.0    20.0
   103.885    31.423    11.984    34.000     0.026      75      28    52.0    20.0
   103.871    31.410    11.984    34.000     0.046      15      37    54.0    20.0
   103.856    31.397    11.984    34.000     0.026      14      37    56.0    20.0
   103.842    31.384    11.984    34.000     0.016      33       5    58.0    20.0
   103.828    31.371    11.984    34.000     0.031      30       3    60.0    20.0
   103.813    31.358    11.984    34.000     0.030      30       3    62.0    20.0
   103.799    31.344    11.984    34.000     0.013      31       2    64.0    20.0
   103.785    31.331    11.984    34.000     0.017      22      23    66.0    20.0
   103.770    31.318    11.984    34.000     0.019      78      36    68.0    20.0
   103.756    31.305    11.984    34.000     0.028      79      36    70.0    20.0
   103.742    31.292    11.984    34.000     0.077      77      36    72.0    20.0
   103.727    31.278    11.984    34.000     0.065      29      35    74.0    20.0
   103.713    31.265    11.984    34.000     0.068      33      26    76.0    20.0
   103.699    31.252    11.984    34.000     0.090      32      26    78.0    20.0
   104.272    31.755    10.865    34.000     0.025       6       8     0.0    18.0
   104.258    31.742    10.865    34.000     0.027       6       2     2.0    18.0
   104.243    31.729    10.865    34.000     0.021       4       3     4.0    18.0
   104.229    31.716    10.865    34.000     0.010      74      22     6.0    18.0
   104.214    31.703    10.865    34.000     0.009      33       7     8.0    18.0
   104.200    31.690    10.865    34.000     0.036       1      36    10.0    18.0
   104.186    31.677    10.865    34.000     0.075       1      26    12.0    18.0
   104.171    31.663    10.865    34.000     0.092      30      26    14.0    18.0
   104.157    31.650    10.865    34.000     0.107      29      31    16.0    18.0
   104.142    31.637    10.865    34.000     0.077      28      25    18.0    18.0
   104.128    31.624    10.865    34.000     0.086      62      20    20.0    18.0
   104.113    31.611    10.865    34.000     0.081      61      25    22.0    18.0
   104.099    31.598    10.865    34.000     0.064      31      34    24.0    18.0
   104.085    31.585    10.865    34.000     0.026      33      34    26.0    18.0
   104.070    31.571    10.865    34.000     0.025      33      34    28.0    18.0
   104.056    31.558    10.865    34.000     0.032      52       1    30.0    18.0
   104.041    31.545    10.865    34.000     0.032      52       1    32.0    18.0
   104.027    31.532    10.865    34.000     0.035      43      37    34.0    18.0
   104.013    31.519    10.865    34.000     0.039      28       2    36.0    18.0
   103.998    31.506    10.865    34.000     0.038      28       2    38.0    18.0
   103.984    31.492    10.865    34.000     0.063      31      14    40.0    18.0
   103.970    31.479    10.865    34.000     0.068      32      15    42.0    18.0
   103.955    31.466    10.865    34.000     0.051      87      36    44.0    18.0
   103.941    31.453    10.865    34.000     0.052      31       6    46.0    18.0
   103.926    31.440    10.865    34.000     0.061      31       7    48.0    18.0
   103.912    31.426    10.865    34.000     0.041      32      10    50.0    18.0
   103.898    31.413    10.865    34.000     0.052      27       3    52.0    18.0
   103.883    31.400    10.865    34.000     0.034      90       9    54.0    18.0
   103.869    31.387    10.865    34.000     0.050      81       3    56.0    18.0
   103.855    31.374    10.865    34.000     0.037      85       2    58.0    18.0
   103.840    31.361    10.865    34.000     0.023      84       2    60.0    18.0
   103.826    31.347    10.865    34.000     0.008      87       7    62.0    18.0
   103.812    31.334    10.865    34.000     0.013      27       9    64.0    18.0
   103.797    31.321    10.865    34.000     0.022      27      22    66.0    18.0
   103.783    31.308    10.865    34.000     0.033      25      26    68.0    18.0
   103.769    31.295    10.865    34.000     0.025      24      26    70.0    18.0
   103.754    31.281    10.865    34.000     0.008      22      27    72.0    18.0
   103.740    31.268    10.865    34.000     0.007      34      34    74.0    18.0
   103.726    31.255    10.865    34.000     0.018      33      36    76.0    18.0
   103.711    31.242    10.865    34.000     0.029      34      33    78.0    18.0
   104.285    31.745     9.747    34.000     0.049      89      33     0.0    16.0
   104.271    31.732     9.747    34.000     0.019      89      34     2.0    16.0
   104.256    31.719     9.747    34.000     0.018      65       1     4.0    16.0
   104.242    31.706     9.747    34.000     0.054      64       1     6.0    16.0
   104.227    31.693     9.747    34.000     0.091      63       2     8.0    16.0
   104.213    31.680     9.747    34.000     0.069      63       2    10.0    16.0
   104.198    31.666     9.747    34.000     0.061      65       4    12.0    16.0
   104.184    31.653     9.747    34.000     0.072      92       6    14.0    16.0
   104.169    31.640     9.747    34.000     0.117      91      24    16.0    16.0
   104.155    31.627     9.747    34.000     0.096      61      29    18.0    16.0
   104.141    31.614     9.747    34.000     0.112      61      31    20.0    16.0
   104.126    31.601     9.747    34.000     0.090      25      29    22.0    16.0
   104.112    31.587     9.747    34.000     0.143      26      23    24.0    16.0
   104.097    31.574     9.747    34.000     0.126      25      23    26.0    16.0
   104.083    31.561     9.747    34.000     0.101      24      15    28.0    16.0
   104.069    31.548     9.747    34.000     0.040      23      13    30.0    16.0
   104.054    31.535     9.747    34.000     0.031      55       3    32.0    16.0
   104.040    31.522     9.747    34.000     0.014       1      37    34.0    16.0
   104.025    31.508     9.747    34.000     0.023       1      37    36.0    16.0
   104.011    31.495     9.747    34.000     0.024      38      37    38.0    16.0
   103.997    31.482     9.747    34.000     0.020      28       2    40.0    16.0
   103.982    31.469     9.747    34.000     0.016      86      33    42.0    16.0
   103.968    31.456     9.747    34.000     0.065      95      37    44.0    16.0
   103.954    31.443     9.747    34.000     0.060      93      37    46.0    16.0
   103.939    31.429     9.747    34.000     0.068      87      15    48.0    16.0
   103.925    31.416     9.747    34.000     0.091      87      14    50.0    16.0
   103.910    31.403     9.747    34.000     0.075      90      22    52.0    16.0
   103.896    31.390     9.747    34.000     0.042      89      23    54.0    16.0
   103.882    31.377     9.747    34.000     0.041      89      11    56.0    16.0
   103.867    31.364     9.747    34.000     0.046      91      10    58.0    16.0
   103.853    31.350     9.747    34.000     0.030      90       9    60.0    16.0
   103.839    31.337     9.747    34.000     0.016      92       8    62.0    16.0
   103.824    31.324     9.747    34.000     0.013       6       1    64.0    16.0
   103.810    31.311     9.747    34.000     0.012       4       1    66.0    16.0
   103.796    31.298     9.747    34.000     0.011      18      35    68.0    16.0
   103.781    31.284     9.747    34.000     0.035      23      29    70.0    16.0
   103.767    31.271     9.747    34.000     0.044      23      28    72.0    16.0
   103.753    31.258     9.747    34.000     0.031      19      29    74.0    16.0
   103.738    31.245     9.747    34.000     0.027      77       1    76.0    16.0
   103.724    31.232     9.747    34.000     0.056      77       1    78.0    16.0
   104.298    31.735     8.629    34.000     0.096      62      12     0.0    14.0
   104.283    31.722     8.629    34.000     0.121      62      14     2.0    14.0
   104.269    31.709     8.629    34.000     0.095      60       5     4.0    14.0
   104.254    31.696     8.629    34.000     0.040      62       4     6.0    14.0
   104.240    31.682     8.629    34.000     0.031      61       4     8.0    14.0
   104.226    31.669     8.629    34.000     0.022      45      37    10.0    14.0
   104.211    31.656     8.629    34.000     0.028      91      22    12.0    14.0
   104.197    31.643     8.629    34.000     0.042      91      12    14.0    14.0
   104.182    31.630     8.629    34.000     0.031      96      28    16.0    14.0
   104.168    31.617     8.629    34.000     0.024      92       9    18.0    14.0
   104.153    31.604     8.629    34.000     0.039      95      31    20.0    14.0
   104.139    31.590     8.629    34.000     0.041      11       1    22.0    14.0
   104.125    31.577     8.629    34.000     0.024      21      25    24.0    14.0
   104.110    31.564     8.629    34.000     0.048      22      21    26.0    14.0
   104.096    31.551     8.629    34.000     0.041      23      19    28.0    14.0
   104.081    31.538     8.629    34.000     0.024      19       5    30.0    14.0
   104.067    31.525     8.629    34.000     0.038      16       7    32.0    14.0
   104.053    31.511     8.629    34.000     0.035      15       1    34.0    14.0
   104.038    31.498     8.629    34.000     0.019      80      29    36.0    14.0
   104.024    31.485     8.629    34.000     0.022      42      28    38.0    14.0
   104.009    31.472     8.629    34.000     0.018      42      27    40.0    14.0
   103.995    31.459     8.629    34.000     0.016      43      14    42.0    14.0
   103.981    31.446     8.629    34.000     0.021      44      11    44.0    14.0
   103.966    31.432     8.629    34.000     0.020      98      37    46.0    14.0
   103.952    31.419     8.629    34.000     0.035      99      36    48.0    14.0
   103.938    31.406     8.629    34.000     0.026      97      36    50.0    14.0
   103.923    31.393     8.629    34.000     0.021      98      36    52.0    14.0
   103.909    31.380     8.629    34.000     0.016      99      36    54.0    14.0
   103.894    31.366     8.629    34.000     0.025     100      36    56.0    14.0
   103.880    31.353     8.629    34.000     0.020      55       6    58.0    14.0
   103.866    31.340     8.629    34.000     0.009      97      23    60.0    14.0
   103.851    31.327     8.629    34.000     0.017      73      36    62.0    14.0
   103.837    31.314     8.629    34.000     0.010      73      29    64.0    14.0
   103.823    31.301     8.629    34.000     0.009       5      12    66.0    14.0
   103.808    31.287     8.629    34.000     0.021      15      35    68.0    14.0
   103.794    31.274     8.629    34.000     0.020      79      16    70.0    14.0
   103.780    31.261     8.629    34.000     0.022      44      12    72.0    14.0
   103.766    31.248     8.629    34.000     0.031      44      12    74.0    14.0
   103.751    31.235     8.629    34.000     0.034      44       9    76.0    14.0
   103.737    31.221     8.629    34.000     0.038      42       6    78.0    14.0
   104.310    31.725     7.510    34.000     0.101      54      34     0.0    12.0
   104.296    31.712     7.510    34.000     0.113      52      35     2.0    12.0
   104.282    31.698     7.510    34.000     0.120      52      34     4.0    12.0
   104.267    31.685     7.510    34.000     0.061      52      35     6.0    12.0
   104.253    31.672     7.510    34.000     0.110      47      35     8.0    12.0
   104.238    31.659     7.510    34.000     0.150      46      35    10.0    12.0
   104.224    31.646     7.510    34.000     0.103      46      34    12.0    12.0
   104.209    31.633     7.510    34.000     0.057      45      34    14.0    12.0
   104.195    31.620     7.510    34.000     0.109      11       5    16.0    12.0
   104.181    31.606     7.510    34.000     0.208      12       4    18.0    12.0
   104.166    31.593     7.510    34.000     0.186      13       4    20.0    12.0
   104.152    31.580     7.510    34.000     0.143      12       3    22.0    12.0
   104.137    31.567     7.510    34.000     0.097      13       2    24.0    12.0
   104.123    31.554     7.510    34.000     0.114      13       2    26.0    12.0
   104.108    31.541     7.510    34.000     0.058      16       5    28.0    12.0
   104.094    31.528     7.510    34.000     0.023     100       1    30.0    12.0
   104.080    31.514     7.510    34.000     0.014     100       1    32.0    12.0
   104.065    31.501     7.510    34.000     0.022      84      37    34.0    12.0
   104.051    31.488     7.510    34.000     0.026      97       1    36.0    12.0
   104.037    31.475     7.510    34.000     0.034      42      16    38.0    12.0
   104.022    31.462     7.510    34.000     0.022      42      17    40.0    12.0
   104.008    31.449     7.510    34.000     0.022      43      15    42.0    12.0
   103.993    31.435     7.510    34.000     0.040      44      11    44.0    12.0
   103.979    31.422     7.510    34.000     0.024      42       9    46.0    12.0
   103.965    31.409     7.510    34.000     0.025      38       1    48.0    12.0
   103.950    31.396     7.510    34.000     0.017      25      37    50.0    12.0
   103.936    31.383     7.510    34.000     0.017      72      34    52.0    12.0
   103.922    31.369     7.510    34.000     0.025      23      37    54.0    12.0
   103.907    31.356     7.510    34.000     0.028      69      33    56.0    12.0
   103.893    31.343     7.510    34.000     0.015      71      33    58.0    12.0
   103.879    31.330     7.510    34.000     0.011     100      35    60.0    12.0
   103.864    31.317     7.510    34.000     0.007      30      37    62.0    12.0
   103.850    31.304     7.510    34.000     0.017      30      37    64.0    12.0
   103.836    31.290     7.510    34.000     0.016      35      28    66.0    12.0
   103.821    31.277     7.510    34.000     0.031      59      37    68.0    12.0
   103.807    31.264     7.510    34.000     0.035      89      37    70.0    12.0
   103.793    31.251     7.510    34.000     0.022       7       1    72.0    12.0
   103.778    31.238     7.510    34.000     0.014      37       1    74.0    12.0
   103.764    31.224     7.510    34.000     0.029      35       1    76.0    12.0
   103.750    31.211     7.510    34.000     0.022      56      31    78.0    12.0
   104.323    31.715     6.392    34.000     0.077      76       8     0.0    10.0
   104.309    31.701     6.392    34.000     0.071      75       2     2.0    10.0
   104.294    31.688     6.392    34.000     0.073      51      32     4.0    10.0
   104.280    31.675     6.392    34.000     0.069      49      29     6.0    10.0
   104.265    31.662     6.392    34.000     0.104      50      26     8.0    10.0
   104.251    31.649     6.392    34.000     0.179      47      27    10.0    10.0
   104.237    31.636     6.392    34.000     0.226      47      27    12.0    10.0
   104.222    31.623     6.392    34.000     0.281      47      27    14.0    10.0
   104.208    31.609     6.392    34.000     0.146      46      29    16.0    10.0
   104.193    31.596     6.392    34.000     0.082      13       8    18.0    10.0
   104.179    31.583     6.392    34.000     0.056      19      10    20.0    10.0
   104.164    31.570     6.392    34.000     0.081      18       7    22.0    10.0
   104.150    31.557     6.392    34.000     0.084      18       5    24.0    10.0
   104.136    31.544     6.392    34.000     0.055      16       3    26.0    10.0
   104.121    31.530     6.392    34.000     0.038      72       3    28.0    10.0
   104.107    31.517     6.392    34.000     0.031      70       3    30.0    10.0
   104.092    31.504     6.392    34.000     0.036      69       2    32.0    10.0
   104.078    31.491     6.392    34.000     0.028      56      37    34.0    10.0
   104.064    31.478     6.392    34.000     0.037       2      27    36.0    10.0
   104.049    31.465     6.392    34.000     0.047       2      26    38.0    10.0
   104.035    31.451     6.392    34.000     0.063       3      25    40.0    10.0
   104.020    31.438     6.392    34.000     0.037       2      25    42.0    10.0
   104.006    31.425     6.392    34.000     0.024      45       2    44.0    10.0
   103.992    31.412     6.392    34.000     0.015      46       2    46.0    10.0
   103.977    31.399     6.392    34.000     0.014      10      12    48.0    10.0
   103.963    31.386     6.392    34.000     0.019      94       1    50.0    10.0
   103.949    31.372     6.392    34.000     0.018      81      35    52.0    10.0
   103.934    31.359     6.392    34.000     0.011      98       2    54.0    10.0
   103.920    31.346     6.392    34.000     0.009       4       1    56.0    10.0
   103.906    31.333     6.392    34.000     0.005       5       1    58.0    10.0
   103.891    31.320     6.392    34.000     0.007      40      33    60.0    10.0
   103.877    31.307     6.392    34.000     0.022      66      34    62.0    10.0
   103.863    31.293     6.392    34.000     0.035      97      37    64.0    10.0
   103.848    31.280     6.392    34.000     0.047      96      37    66.0    10.0
   103.834    31.267     6.392    34.000     0.014      96      37    68.0    10.0
   103.820    31.254     6.392    34.000     0.020      60      34    70.0    10.0
   103.805    31.241     6.392    34.000     0.031      58      33    72.0    10.0
   103.791    31.227     6.392    34.000     0.027      59      33    74.0    10.0
   103.777    31.214     6.392    34.000     0.028      60      13    76.0    10.0
   103.762    31.201     6.392    34.000     0.026      57      12    78.0    10.0
   104.336    31.704     5.274    34.000     0.178      81       7     0.0     8.0
   104.322    31.691     5.274    34.000     0.153      83       6     2.0     8.0
   104.307    31.678     5.274    34.000     0.055      82       6     4.0     8.0
   104.293    31.665     5.274    34.000     0.030      17       7     6.0     8.0
   104.278    31.652     5.274    34.000     0.045      15       8     8.0     8.0
   104.264    31.639     5.274    34.000     0.039      11      18    10.0     8.0
   104.249    31.625     5.274    34.000     0.070      11      12    12.0     8.0
   104.235    31.612     5.274    34.000     0.117      45      33    14.0     8.0
   104.220    31.599     5.274    34.000     0.191      44      35    16.0     8.0
   104.206    31.586     5.274    34.000     0.228      45      36    18.0     8.0
   104.192    31.573     5.274    34.000     0.237      44      36    20.0     8.0
   104.177    31.560     5.274    34.000     0.113      44      36    22.0     8.0
   104.163    31.547     5.274    34.000     0.048       6      36    24.0     8.0
   104.148    31.533     5.274    34.000     0.045       7      36    26.0     8.0
   104.134    31.520     5.274    34.000     0.046      54      37    28.0     8.0
   104.120    31.507     5.274    34.000     0.062      54      37    30.0     8.0
   104.105    31.494     5.274    34.000     0.049      52      37    32.0     8.0
   104.091    31.481     5.274    34.000     0.063      28      31    34.0     8.0
   104.076    31.468     5.274    34.000     0.069      31      30    36.0     8.0
   104.062    31.454     5.274    34.000     0.040      31      20    38.0     8.0
   104.048    31.441     5.274    34.000     0.036       2      29    40.0     8.0
   104.033    31.428     5.274    34.000     0.024       4      23    42.0     8.0
   104.019    31.415     5.274    34.000     0.029      99       2    44.0     8.0
   104.004    31.402     5.274    34.000     0.053      41      37    46.0     8.0
   103.990    31.389     5.274    34.000     0.057      40      37    48.0     8.0
   103.976    31.375     5.274    34.000     0.051      41      37    50.0     8.0
   103.961    31.362     5.274    34.000     0.049      63      11    52.0     8.0
   103.947    31.349     5.274    34.000     0.048      65      10    54.0     8.0
   103.933    31.336     5.274    34.000     0.020      66      10    56.0     8.0
   103.918    31.323     5.274    34.000     0.051      96      31    58.0     8.0
   103.904    31.310     5.274    34.000     0.040      96      32    60.0     8.0
   103.890    31.296     5.274    34.000     0.028      94      32    62.0     8.0
   103.875    31.283     5.274    34.000     0.030      96      33    64.0     8.0
   103.861    31.270     5.274    34.000     0.034      24      28    66.0     8.0
   103.847    31.257     5.274    34.000     0.060      97       8    68.0     8.0
   103.832    31.244     5.274    34.000     0.070      97       7    70.0     8.0
   103.818    31.230     5.274    34.000     0.053      96       6    72.0     8.0
   103.804    31.217     5.274    34.000     0.051      61      29    74.0     8.0
   103.789    31.204     5.274    34.000     0.047      61      22    76.0     8.0
   103.775    31.191     5.274    34.000     0.035      63      28    78.0     8.0
   104.349    31.694     4.155    34.000     0.085      91       1     0.0     6.0
   104.334    31.681     4.155    34.000     0.105      90       1     2.0     6.0
   104.320    31.668     4.155    34.000     0.054      90       1     4.0     6.0
   104.305    31.655     4.155    34.000     0.034       8      14     6.0     6.0
   104.291    31.641     4.155    34.000     0.064       7      14     8.0     6.0
   104.276    31.628     4.155    34.000     0.070      10      14    10.0     6.0
   104.262    31.615     4.155    34.000     0.059      38      25    12.0     6.0
   104.248    31.602     4.155    34.000     0.095      47      37    14.0     6.0
   104.233    31.589     4.155    34.000     0.094      34       9    16.0     6.0
   104.219    31.576     4.155    34.000     0.128      49      37    18.0     6.0
   104.204    31.563     4.155    34.000     0.139      11      37    20.0     6.0
   104.190    31.549     4.155    34.000     0.104      12      37    22.0     6.0
   104.175    31.536     4.155    34.000     0.106      13      37    24.0     6.0
   104.161    31.523     4.155    34.000     0.160       1      10    26.0     6.0
   104.147    31.510     4.155    34.000     0.112       1      11    28.0     6.0
   104.132    31.497     4.155    34.000     0.073       1       7    30.0     6.0
   104.118    31.484     4.155    34.000     0.056      58      33    32.0     6.0
   104.103    31.471     4.155    34.000     0.100      58      33    34.0     6.0
   104.089    31.457     4.155    34.000     0.083      57      31    36.0     6.0
   104.075    31.444     4.155    34.000     0.036      57      31    38.0     6.0
   104.060    31.431     4.155    34.000     0.026      58      10    40.0     6.0
   104.046    31.418     4.155    34.000     0.049      60       8    42.0     6.0
   104.032    31.405     4.155    34.000     0.073      58       7    44.0     6.0
   104.017    31.392     4.155    34.000     0.070      58       8    46.0     6.0
   104.003    31.378     4.155    34.000     0.034      62       3    48.0     6.0
   103.988    31.365     4.155    34.000     0.028      94      29    50.0     6.0
   103.974    31.352     4.155    34.000     0.034      92      28    52.0     6.0
   103.960    31.339     4.155    34.000     0.026      91      18    54.0     6.0
   103.945    31.326     4.155    34.000     0.018      94      25    56.0     6.0
   103.931    31.312     4.155    34.000     0.014      96      25    58.0     6.0
   103.917    31.299     4.155    34.000     0.015      96      28    60.0     6.0
   103.902    31.286     4.155    34.000     0.026      97      16    62.0     6.0
   103.888    31.273     4.155    34.000     0.037     100      18    64.0     6.0
   103.874    31.260     4.155    34.000     0.094      99      17    66.0     6.0
   103.859    31.247     4.155    34.000     0.052      99      17    68.0     6.0
   103.845    31.233     4.155    34.000     0.029      29      16    70.0     6.0
   103.831    31.220     4.155    34.000     0.017      30      13    72.0     6.0
   103.816    31.207     4.155    34.000     0.014       1      34    74.0     6.0
   103.802    31.194     4.155    34.000     0.011      34      36    76.0     6.0
   103.788    31.181     4.155    34.000     0.009      31      36    78.0     6.0
   104.361    31.684     3.037    34.000     0.100     100      10     0.0     4.0
   104.347    31.671     3.037    34.000     0.224      98       9     2.0     4.0
   104.333    31.657     3.037    34.000     0.151      97       7     4.0     4.0
   104.318    31.644     3.037    34.000     0.202      70      11     6.0     4.0
   104.304    31.631     3.037    34.000     0.147      69      11     8.0     4.0
   104.289    31.618     3.037    34.000     0.157      68      14    10.0     4.0
   104.275    31.605     3.037    34.000     0.117      33      11    12.0     4.0
   104.260    31.592     3.037    34.000     0.078       4       5    14.0     4.0
   104.246    31.579     3.037    34.000     0.117       3       1    16.0     4.0
   104.231    31.566     3.037    34.000     0.104       1       1    18.0     4.0
   104.217    31.552     3.037    34.000     0.021      70       9    20.0     4.0
   104.203    31.539     3.037    34.000     0.021      32       4    22.0     4.0
   104.188    31.526     3.037    34.000     0.023      92       4    24.0     4.0
   104.174    31.513     3.037    34.000     0.054      52      36    26.0     4.0
   104.159    31.500     3.037    34.000     0.068      73      35    28.0     4.0
   104.145    31.487     3.037    34.000     0.073      49      33    30.0     4.0
   104.131    31.473     3.037    34.000     0.034      50      34    32.0     4.0
   104.116    31.460     3.037    34.000     0.084      18      26    34.0     4.0
   104.102    31.447     3.037    34.000     0.102      18      24    36.0     4.0
   104.087    31.434     3.037    34.000     0.096      19      19    38.0     4.0
   104.073    31.421     3.037    34.000     0.080      19      14    40.0     4.0
   104.059    31.408     3.037    34.000     0.037      73       1    42.0     4.0
   104.044    31.394     3.037    34.000     0.040      53      36    44.0     4.0
   104.030    31.381     3.037    34.000     0.054      69       1    46.0     4.0
   104.016    31.368     3.037    34.000     0.062      69       1    48.0     4.0
   104.001    31.355     3.037    34.000     0.033      58      36    50.0     4.0
   103.987    31.342     3.037    34.000     0.035      14      36    52.0     4.0
   103.972    31.329     3.037    34.000     0.047      12      36    54.0     4.0
   103.958    31.315     3.037    34.000     0.051      90      35    56.0     4.0
   103.944    31.302     3.037    34.000     0.055      87      33    58.0     4.0
   103.929    31.289     3.037    34.000     0.055      88      35    60.0     4.0
   103.915    31.276     3.037    34.000     0.021      13      13    62.0     4.0
   103.901    31.263     3.037    34.000     0.018      18      34    64.0     4.0
   103.886    31.250     3.037    34.000     0.028      20      35    66.0     4.0
   103.872    31.236     3.037    34.000     0.022      88       4    68.0     4.0
   103.858    31.223     3.037    34.000     0.027      89       3    70.0     4.0
   103.843    31.210     3.037    34.000     0.027      78      33    72.0     4.0
   103.829    31.197     3.037    34.000     0.032      19       7    74.0     4.0
   103.815    31.184     3.037    34.000     0.019      16       9    76.0     4.0
   103.801    31.170     3.037    34.000     0.025      17      18    78.0     4.0
   104.374    31.674     1.918    34.000     0.128      98      32     0.0     2.0
   104.360    31.660     1.918    34.000     0.089      96      32     2.0     2.0
   104.345    31.647     1.918    34.000     0.055      95      35     4.0     2.0
   104.331    31.634     1.918    34.000     0.031      97      36     6.0     2.0
   104.316    31.621     1.918    34.000     0.037      53       1     8.0     2.0
   104.302    31.608     1.918    34.000     0.041      52       1    10.0     2.0
   104.287    31.595     1.918    34.000     0.087      50       1    12.0     2.0
   104.273    31.582     1.918    34.000     0.097      50       1    14.0     2.0
   104.259    31.568     1.918    34.000     0.075      51       1    16.0     2.0
   104.244    31.555     1.918    34.000     0.105      50       1    18.0     2.0
   104.230    31.542     1.918    34.000     0.076      49       1    20.0     2.0
   104.215    31.529     1.918    34.000     0.085      50       2    22.0     2.0
   104.201    31.516     1.918    34.000     0.097      17       2    24.0     2.0
   104.187    31.503     1.918    34.000     0.073      19       5    26.0     2.0
   104.172    31.490     1.918    34.000     0.061      18       2    28.0     2.0
   104.158    31.476     1.918    34.000     0.081      16       4    30.0     2.0
   104.143    31.463     1.918    34.000     0.094      17       4    32.0     2.0
   104.129    31.450     1.918    34.000     0.118      17       6    34.0     2.0
   104.115    31.437     1.918    34.000     0.081      15      16    36.0     2.0
   104.100    31.424     1.918    34.000     0.064      16      13    38.0     2.0
   104.086    31.411     1.918    34.000     0.048      15      28    40.0     2.0
   104.071    31.397     1.918    34.000     0.028      10       8    42.0     2.0
   104.057    31.384     1.918    34.000     0.031      18      36    44.0     2.0
   104.043    31.371     1.918    34.000     0.027      48       2    46.0     2.0
   104.028    31.358     1.918    34.000     0.021      65      37    48.0     2.0
   104.014    31.345     1.918    34.000     0.019      65      37    50.0     2.0
   104.000    31.332     1.918    34.000     0.020      85      16    52.0     2.0
   103.985    31.318     1.918    34.000     0.019      86      19    54.0     2.0
   103.971    31.305     1.918    34.000     0.016      85       5    56.0     2.0
   103.957    31.292     1.918    34.000     0.017      85       5    58.0     2.0
   103.942    31.279     1.918    34.000     0.022      84       6    60.0     2.0
   103.928    31.266     1.918    34.000     0.012      90      25    62.0     2.0
   103.914    31.253     1.918    34.000     0.018      90      26    64.0     2.0
   103.899    31.239     1.918    34.000     0.017      89      32    66.0     2.0
   103.885    31.226     1.918    34.000     0.020      21      25    68.0     2.0
   103.871    31.213     1.918    34.000     0.047      21      28    70.0     2.0
   103.856    31.200     1.918    34.000     0.029      57      36    72.0     2.0
   103.842    31.187     1.918    34.000     0.015      81      22    74.0     2.0
   103.828    31.173     1.918    34.000     0.014      54      35    76.0     2.0
   103.813    31.160     1.918    34.000     0.016      82      30    78.0     2.0
   104.387    31.663     0.800    34.000     0.054      68       9     0.0     0.0
   104.372    31.650     0.800    34.000     0.018      65       7     2.0     0.0
   104.358    31.637     0.800    34.000     0.026       5       1     4.0     0.0
   104.344    31.624     0.800    34.000     0.113      24      34     6.0     0.0
   104.329    31.611     0.800    34.000     0.069      22      35     8.0     0.0
   104.315    31.598     0.800    34.000     0.075       1       8    10.0     0.0
   104.300    31.584     0.800    34.000     0.064       2       9    12.0     0.0
   104.286    31.571     0.800    34.000     0.063       1      20    14.0     0.0
   104.271    31.558     0.800    34.000     0.031      26      26    16.0     0.0
   104.257    31.545     0.800    34.000     0.032      26      31    18.0     0.0
   104.242    31.532     0.800    34.000     0.030      25      31    20.0     0.0
   104.228    31.519     0.800    34.000     0.040      71      37    22.0     0.0
   104.214    31.506     0.800    34.000     0.048      56       7    24.0     0.0
   104.199    31.492     0.800    34.000     0.034      52      11    26.0     0.0
   104.185    31.479     0.800    34.000     0.059       7      37    28.0     0.0
   104.170    31.466     0.800    34.000     0.121      21       2    30.0     0.0
   104.156    31.453     0.800    34.000     0.116      19       3    32.0     0.0
   104.142    31.440     0.800    34.000     0.105      18       3    34.0     0.0
   104.127    31.427     0.800    34.000     0.102      17      12    36.0     0.0
   104.113    31.414     0.800    34.000     0.058      16      14    38.0     0.0
   104.099    31.400     0.800    34.000     0.040      54      35    40.0     0.0
   104.084    31.387     0.800    34.000     0.030      21      33    42.0     0.0
   104.070    31.374     0.800    34.000     0.035      22      35    44.0     0.0
   104.055    31.361     0.800    34.000     0.030      24      36    46.0     0.0
   104.041    31.348     0.800    34.000     0.012      24      36    48.0     0.0
   104.027    31.335     0.800    34.000     0.024      58      35    50.0     0.0
   104.012    31.321     0.800    34.000     0.031      84      29    52.0     0.0
   103.998    31.308     0.800    34.000     0.016      83      30    54.0     0.0
   103.984    31.295     0.800    34.000     0.016      53      35    56.0     0.0
   103.969    31.282     0.800    34.000     0.007      18      35    58.0     0.0
   103.955    31.269     0.800    34.000     0.008      21      36    60.0     0.0
   103.941    31.255     0.800    34.000     0.007      23      36    62.0     0.0
   103.926    31.242     0.800    34.000     0.018      96      35    64.0     0.0
   103.912    31.229     0.800    34.000     0.038      97      36    66.0     0.0
   103.898    31.216     0.800    34.000     0.048      97      36    68.0     0.0
   103.883    31.203     0.800    34.000     0.024      82      11    70.0     0.0
   103.869    31.190     0.800    34.000     0.025      82      10    72.0     0.0
   103.855    31.176     0.800    34.000     0.020      80      11    74.0     0.0
   103.840    31.163     0.800    34.000     0.008      79      29    76.0     0.0
   103.826    31.150     0.800    34.000     0.023      58      36    78.0     0.0
