   104.262    31.926    33.161    54.000     0.005      92      36     0.0    40.0
   104.247    31.913    33.161    54.000     0.002      93      36     2.0    40.0
   104.233    31.900    33.161    54.000     0.003      98       4     4.0    40.0
   104.218    31.887    33.161    54.000     0.001      97      33     6.0    40.0
   104.203    31.874    33.161    54.000     0.001      38       5     8.0    40.0
   104.189    31.861    33.161    54.000     0.002      39       5    10.0    40.0
   104.174    31.848    33.161    54.000     0.002      40       5    12.0    40.0
   104.159    31.835    33.161    54.000     0.002      41       5    14.0    40.0
   104.145    31.822    33.161    54.000     0.002      42       5    16.0    40.0
   104.130    31.809    33.161    54.000     0.001      19       5    18.0    40.0
   104.115    31.796    33.161    54.000     0.002      37      33    20.0    40.0
   104.101    31.783    33.161    54.000     0.003      71      35    22.0    40.0
   104.086    31.770    33.161    54.000     0.003      71      36    24.0    40.0
   104.071    31.757    33.161    54.000     0.002      71      35    26.0    40.0
   104.271    31.919    31.543    54.000     0.001      36      28     0.0    38.0
   104.256    31.906    31.543    54.000     0.002      41      30     2.0    38.0
   104.242    31.893    31.543    54.000     0.002      41      26     4.0    38.0
   104.227    31.880    31.543    54.000     0.002      41      24     6.0    38.0
   104.212    31.867    31.543    54.000     0.002      42      23     8.0    38.0
   104.198    31.854    31.543    54.000     0.002      42      22    10.0    38.0
   104.183    31.841    31.543    54.000     0.001      45      20    12.0    38.0
   104.168    31.828    31.543    54.000     0.001      16       1    14.0    38.0
   104.154    31.815    31.543    54.000     0.001      18       1    16.0    38.0
   104.139    31.802    31.543    54.000     0.001      21       1    18.0    38.0
   104.124    31.789    31.543    54.000     0.001      21       1    20.0    38.0
   104.110    31.776    31.543    54.000     0.001      94       2    22.0    38.0
   104.095    31.763    31.543    54.000     0.002      40      35    24.0    38.0
   104.080    31.750    31.543    54.000     0.002      42      34    26.0    38.0
   104.280    31.911    29.925    54.000     0.002      35      19     0.0    36.0
   104.265    31.898    29.925    54.000     0.004      37      21     2.0    36.0
   104.251    31.885    29.925    54.000     0.005      38      18     4.0    36.0
   104.236    31.872    29.925    54.000     0.006      40      18     6.0    36.0
   104.221    31.859    29.925    54.000     0.006      41      18     8.0    36.0
   104.207    31.846    29.925    54.000     0.006      43      18    10.0    36.0
   104.192    31.833    29.925    54.000     0.005      44      18    12.0    36.0
   104.177    31.820    29.925    54.000     0.003      46      18    14.0    36.0
   104.163    31.807    29.925    54.000     0.003      20      26    16.0    36.0
   104.148    31.794    29.925    54.000     0.002      89       9    18.0    36.0
   104.133    31.781    29.925    54.000     0.001      89      17    20.0    36.0
   104.119    31.768    29.925    54.000     0.001      89      11    22.0    36.0
   104.104    31.755    29.925    54.000     0.001      43       3    24.0    36.0
   104.089    31.742    29.925    54.000     0.001      67      21    26.0    36.0
   104.289    31.904    28.307    54.000     0.002      39       5     0.0    34.0
   104.274    31.891    28.307    54.000     0.003      41       5     2.0    34.0
   104.260    31.878    28.307    54.000     0.004      43       5     4.0    34.0
   104.245    31.865    28.307    54.000     0.004      45       5     6.0    34.0
   104.230    31.852    28.307    54.000     0.003      45       5     8.0    34.0
   104.216    31.839    28.307    54.000     0.002      48       5    10.0    34.0
   104.201    31.826    28.307    54.000     0.002      46      28    12.0    34.0
   104.186    31.813    28.307    54.000     0.004      47      29    14.0    34.0
   104.172    31.800    28.307    54.000     0.005      48      31    16.0    34.0
   104.157    31.787    28.307    54.000     0.005      48      31    18.0    34.0
   104.142    31.774    28.307    54.000     0.005      26      35    20.0    34.0
   104.128    31.761    28.307    54.000     0.008      27      34    22.0    34.0
   104.113    31.748    28.307    54.000     0.009      28      35    24.0    34.0
   104.098    31.735    28.307    54.000     0.009      30      35    26.0    34.0
   104.298    31.896    26.689    54.000     0.002      23      32     0.0    32.0
   104.283    31.884    26.689    54.000     0.004      98      12     2.0    32.0
   104.269    31.871    26.689    54.000     0.003      29      34     4.0    32.0
   104.254    31.858    26.689    54.000     0.005      30      34     6.0    32.0
   104.239    31.845    26.689    54.000     0.004      30      34     8.0    32.0
   104.224    31.832    26.689    54.000     0.003      31      34    10.0    32.0
   104.210    31.819    26.689    54.000     0.003     100       3    12.0    32.0
   104.195    31.806    26.689    54.000     0.002     100       3    14.0    32.0
   104.180    31.793    26.689    54.000     0.005     100       3    16.0    32.0
   104.166    31.780    26.689    54.000     0.006      99       2    18.0    32.0
   104.151    31.767    26.689    54.000     0.005     100       3    20.0    32.0
   104.137    31.754    26.689    54.000     0.002      63      37    22.0    32.0
   104.122    31.741    26.689    54.000     0.004      63      35    24.0    32.0
   104.107    31.728    26.689    54.000     0.006      63      36    26.0    32.0
   104.307    31.889    25.071    54.000     0.005      61      35     0.0    30.0
   104.292    31.876    25.071    54.000     0.003      60      34     2.0    30.0
   104.277    31.863    25.071    54.000     0.002      86       1     4.0    30.0
   104.263    31.850    25.071    54.000     0.002      62      25     6.0    30.0
   104.248    31.837    25.071    54.000     0.003      63      25     8.0    30.0
   104.233    31.824    25.071    54.000     0.003      62      19    10.0    30.0
   104.219    31.811    25.071    54.000     0.007      61      28    12.0    30.0
   104.204    31.798    25.071    54.000     0.011      66      23    14.0    30.0
   104.189    31.785    25.071    54.000     0.016      66      28    16.0    30.0
   104.175    31.772    25.071    54.000     0.020      66      26    18.0    30.0
   104.160    31.759    25.071    54.000     0.016      67      26    20.0    30.0
   104.145    31.746    25.071    54.000     0.009      68      23    22.0    30.0
   104.131    31.733    25.071    54.000     0.006      43      37    24.0    30.0
   104.116    31.720    25.071    54.000     0.011      47      37    26.0    30.0
   104.316    31.882    23.452    54.000     0.015      70      35     0.0    28.0
   104.301    31.869    23.452    54.000     0.020      70      34     2.0    28.0
   104.286    31.856    23.452    54.000     0.018      72      35     4.0    28.0
   104.272    31.843    23.452    54.000     0.014      72      29     6.0    28.0
   104.257    31.830    23.452    54.000     0.006      76      37     8.0    28.0
   104.242    31.817    23.452    54.000     0.005      46      36    10.0    28.0
   104.228    31.804    23.452    54.000     0.006      46      36    12.0    28.0
   104.213    31.791    23.452    54.000     0.005      93       6    14.0    28.0
   104.198    31.778    23.452    54.000     0.007      70      15    16.0    28.0
   104.184    31.765    23.452    54.000     0.010      71      13    18.0    28.0
   104.169    31.752    23.452    54.000     0.006      73      14    20.0    28.0
   104.154    31.739    23.452    54.000     0.005      66       1    22.0    28.0
   104.140    31.726    23.452    54.000     0.005      67       1    24.0    28.0
   104.125    31.713    23.452    54.000     0.005      69       2    26.0    28.0
   104.325    31.874    21.834    54.000     0.004      74      32     0.0    26.0
   104.310    31.861    21.834    54.000     0.003      74      32     2.0    26.0
   104.295    31.848    21.834    54.000     0.004      48      37     4.0    26.0
   104.281    31.835    21.834    54.000     0.004      52      37     6.0    26.0
   104.266    31.823    21.834    54.000     0.008      50      37     8.0    26.0
   104.251    31.810    21.834    54.000     0.012      52      37    10.0    26.0
   104.237    31.797    21.834    54.000     0.005      51      37    12.0    26.0
   104.222    31.784    21.834    54.000     0.009      50      37    14.0    26.0
   104.207    31.771    21.834    54.000     0.008      70       1    16.0    26.0
   104.193    31.758    21.834    54.000     0.015      72       1    18.0    26.0
   104.178    31.745    21.834    54.000     0.017      73       1    20.0    26.0
   104.163    31.732    21.834    54.000     0.012      74       1    22.0    26.0
   104.149    31.719    21.834    54.000     0.009      75       1    24.0    26.0
   104.134    31.706    21.834    54.000     0.004      74       1    26.0    26.0
   104.334    31.867    20.216    54.000     0.002      48       3     0.0    24.0
   104.319    31.854    20.216    54.000     0.002      16       4     2.0    24.0
   104.304    31.841    20.216    54.000     0.002      18       3     4.0    24.0
   104.290    31.828    20.216    54.000     0.002      43      35     6.0    24.0
   104.275    31.815    20.216    54.000     0.008      45      35     8.0    24.0
   104.260    31.802    20.216    54.000     0.011      46      33    10.0    24.0
   104.246    31.789    20.216    54.000     0.013      45      26    12.0    24.0
   104.231    31.776    20.216    54.000     0.013      45      12    14.0    24.0
   104.216    31.763    20.216    54.000     0.016      45       8    16.0    24.0
   104.202    31.750    20.216    54.000     0.016      46       7    18.0    24.0
   104.187    31.737    20.216    54.000     0.011      46       7    20.0    24.0
   104.172    31.724    20.216    54.000     0.008      45       7    22.0    24.0
   104.158    31.711    20.216    54.000     0.004      46       7    24.0    24.0
   104.143    31.698    20.216    54.000     0.004      70      37    26.0    24.0
   104.343    31.860    18.598    54.000     0.004      82      36     0.0    22.0
   104.328    31.847    18.598    54.000     0.009      82      36     2.0    22.0
   104.313    31.834    18.598    54.000     0.005      84      36     4.0    22.0
   104.298    31.821    18.598    54.000     0.016      76       5     6.0    22.0
   104.284    31.808    18.598    54.000     0.015      77       5     8.0    22.0
   104.269    31.795    18.598    54.000     0.016      77       5    10.0    22.0
   104.254    31.782    18.598    54.000     0.021      77       5    12.0    22.0
   104.240    31.769    18.598    54.000     0.015      78       8    14.0    22.0
   104.225    31.756    18.598    54.000     0.012      77      10    16.0    22.0
   104.210    31.743    18.598    54.000     0.005      77      18    18.0    22.0
   104.196    31.730    18.598    54.000     0.005      85       5    20.0    22.0
   104.181    31.717    18.598    54.000     0.005      86       5    22.0    22.0
   104.167    31.704    18.598    54.000     0.010      78      35    24.0    22.0
   104.152    31.691    18.598    54.000     0.006      76      37    26.0    22.0
   104.351    31.852    16.980    54.000     0.009      57       6     0.0    20.0
   104.337    31.839    16.980    54.000     0.008      58       6     2.0    20.0
   104.322    31.826    16.980    54.000     0.008      82      26     4.0    20.0
   104.307    31.813    16.980    54.000     0.007      82      16     6.0    20.0
   104.293    31.800    16.980    54.000     0.006      82       4     8.0    20.0
   104.278    31.787    16.980    54.000     0.007      84       4    10.0    20.0
   104.263    31.774    16.980    54.000     0.007      83       3    12.0    20.0
   104.249    31.761    16.980    54.000     0.007      84      12    14.0    20.0
   104.234    31.749    16.980    54.000     0.013      58       1    16.0    20.0
   104.219    31.736    16.980    54.000     0.011      59       1    18.0    20.0
   104.205    31.723    16.980    54.000     0.009      58       1    20.0    20.0
   104.190    31.710    16.980    54.000     0.008      95       4    22.0    20.0
   104.175    31.697    16.980    54.000     0.011      96      11    24.0    20.0
   104.161    31.684    16.980    54.000     0.010      84      36    26.0    20.0
   104.360    31.845    15.362    54.000     0.011      91       5     0.0    18.0
   104.346    31.832    15.362    54.000     0.011      97      34     2.0    18.0
   104.331    31.819    15.362    54.000     0.009      88       2     4.0    18.0
   104.316    31.806    15.362    54.000     0.014      98      36     6.0    18.0
   104.302    31.793    15.362    54.000     0.016      98      36     8.0    18.0
   104.287    31.780    15.362    54.000     0.010      92       2    10.0    18.0
   104.272    31.767    15.362    54.000     0.010      91       2    12.0    18.0
   104.258    31.754    15.362    54.000     0.014      90       2    14.0    18.0
   104.243    31.741    15.362    54.000     0.010      91       2    16.0    18.0
   104.228    31.728    15.362    54.000     0.010      97      11    18.0    18.0
   104.214    31.715    15.362    54.000     0.018     100       9    20.0    18.0
   104.199    31.702    15.362    54.000     0.018     100       9    22.0    18.0
   104.184    31.689    15.362    54.000     0.015      26      24    24.0    18.0
   104.170    31.676    15.362    54.000     0.015      27      21    26.0    18.0
   104.369    31.838    13.744    54.000     0.007      65       6     0.0    16.0
   104.355    31.825    13.744    54.000     0.005      28      36     2.0    16.0
   104.340    31.812    13.744    54.000     0.006      29      36     4.0    16.0
   104.325    31.799    13.744    54.000     0.006      30      36     6.0    16.0
   104.311    31.786    13.744    54.000     0.015      92       2     8.0    16.0
   104.296    31.773    13.744    54.000     0.020      93       2    10.0    16.0
   104.281    31.760    13.744    54.000     0.017      57      29    12.0    16.0
   104.267    31.747    13.744    54.000     0.022      59      27    14.0    16.0
   104.252    31.734    13.744    54.000     0.017      60      30    16.0    16.0
   104.237    31.721    13.744    54.000     0.013      62      37    18.0    16.0
   104.223    31.708    13.744    54.000     0.014      63      35    20.0    16.0
   104.208    31.695    13.744    54.000     0.009      63      36    22.0    16.0
   104.193    31.682    13.744    54.000     0.009      66      33    24.0    16.0
   104.179    31.669    13.744    54.000     0.012      99      37    26.0    16.0
   104.378    31.830    12.126    54.000     0.004      79       1     0.0    14.0
   104.364    31.817    12.126    54.000     0.008      79       1     2.0    14.0
   104.349    31.804    12.126    54.000     0.007      79       1     4.0    14.0
   104.334    31.791    12.126    54.000     0.006      78       1     6.0    14.0
   104.320    31.778    12.126    54.000     0.004      92      37     8.0    14.0
   104.305    31.765    12.126    54.000     0.006      78       1    10.0    14.0
   104.290    31.752    12.126    54.000     0.006      68       4    12.0    14.0
   104.275    31.739    12.126    54.000     0.008      68       4    14.0    14.0
   104.261    31.726    12.126    54.000     0.013      69       5    16.0    14.0
   104.246    31.713    12.126    54.000     0.009      69       6    18.0    14.0
   104.232    31.700    12.126    54.000     0.011      65      28    20.0    14.0
   104.217    31.688    12.126    54.000     0.011      65      27    22.0    14.0
   104.202    31.675    12.126    54.000     0.006      30      11    24.0    14.0
   104.188    31.662    12.126    54.000     0.006      31       9    26.0    14.0
   104.387    31.823    10.508    54.000     0.009      95      37     0.0    12.0
   104.372    31.810    10.508    54.000     0.014      79       2     2.0    12.0
   104.358    31.797    10.508    54.000     0.018      96      37     4.0    12.0
   104.343    31.784    10.508    54.000     0.033      85       1     6.0    12.0
   104.328    31.771    10.508    54.000     0.042      97      36     8.0    12.0
   104.314    31.758    10.508    54.000     0.027      97      36    10.0    12.0
   104.299    31.745    10.508    54.000     0.023     100      32    12.0    12.0
   104.284    31.732    10.508    54.000     0.013      99      26    14.0    12.0
   104.270    31.719    10.508    54.000     0.005      98      12    16.0    12.0
   104.255    31.706    10.508    54.000     0.004      33       9    18.0    12.0
   104.240    31.693    10.508    54.000     0.010       4      22    20.0    12.0
   104.226    31.680    10.508    54.000     0.010      33      20    22.0    12.0
   104.211    31.667    10.508    54.000     0.015       4       6    24.0    12.0
   104.197    31.654    10.508    54.000     0.022       4       7    26.0    12.0
   104.396    31.815     8.890    54.000     0.006      10       2     0.0    10.0
   104.381    31.802     8.890    54.000     0.006      11       3     2.0    10.0
   104.367    31.789     8.890    54.000     0.007      12       4     4.0    10.0
   104.352    31.777     8.890    54.000     0.008      92       2     6.0    10.0
   104.337    31.764     8.890    54.000     0.013      94       2     8.0    10.0
   104.323    31.751     8.890    54.000     0.013      40      26    10.0    10.0
   104.308    31.738     8.890    54.000     0.013      39      24    12.0    10.0
   104.293    31.725     8.890    54.000     0.014      38      12    14.0    10.0
   104.279    31.712     8.890    54.000     0.010      39       8    16.0    10.0
   104.264    31.699     8.890    54.000     0.010      38       2    18.0    10.0
   104.249    31.686     8.890    54.000     0.010      39       2    20.0    10.0
   104.235    31.673     8.890    54.000     0.013      95      36    22.0    10.0
   104.220    31.660     8.890    54.000     0.019      95      36    24.0    10.0
   104.205    31.647     8.890    54.000     0.032      96      36    26.0    10.0
   104.405    31.808     7.272    54.000     0.009      19      16     0.0     8.0
   104.390    31.795     7.272    54.000     0.005      95       2     2.0     8.0
   104.376    31.782     7.272    54.000     0.011      98       3     4.0     8.0
   104.361    31.769     7.272    54.000     0.012      99       5     6.0     8.0
   104.346    31.756     7.272    54.000     0.011      99       4     8.0     8.0
   104.332    31.743     7.272    54.000     0.010      72       7    10.0     8.0
   104.317    31.730     7.272    54.000     0.007      75       5    12.0     8.0
   104.302    31.717     7.272    54.000     0.005      14      36    14.0     8.0
   104.288    31.704     7.272    54.000     0.007      42      25    16.0     8.0
   104.273    31.691     7.272    54.000     0.007      15      36    18.0     8.0
   104.258    31.678     7.272    54.000     0.008      14      28    20.0     8.0
   104.244    31.665     7.272    54.000     0.010      12      23    22.0     8.0
   104.229    31.652     7.272    54.000     0.014      13      14    24.0     8.0
   104.214    31.639     7.272    54.000     0.024      13       4    26.0     8.0
   104.414    31.801     5.654    54.000     0.011      81      36     0.0     6.0
   104.399    31.788     5.654    54.000     0.012      81      36     2.0     6.0
   104.385    31.775     5.654    54.000     0.008      80      32     4.0     6.0
   104.370    31.762     5.654    54.000     0.007      80      15     6.0     6.0
   104.355    31.749     5.654    54.000     0.022      81       7     8.0     6.0
   104.341    31.736     5.654    54.000     0.056      81       6    10.0     6.0
   104.326    31.723     5.654    54.000     0.054      82       6    12.0     6.0
   104.311    31.710     5.654    54.000     0.049      82       6    14.0     6.0
   104.297    31.697     5.654    54.000     0.037      84       6    16.0     6.0
   104.282    31.684     5.654    54.000     0.021      84       6    18.0     6.0
   104.267    31.671     5.654    54.000     0.016      47      16    20.0     6.0
   104.253    31.658     5.654    54.000     0.020      47      17    22.0     6.0
   104.238    31.645     5.654    54.000     0.018      49      12    24.0     6.0
   104.223    31.632     5.654    54.000     0.022      19       6    26.0     6.0
   104.423    31.793     4.036    54.000     0.009      56      36     0.0     4.0
   104.408    31.780     4.036    54.000     0.011      81       9     2.0     4.0
   104.393    31.767     4.036    54.000     0.028      82       9     4.0     4.0
   104.379    31.754     4.036    54.000     0.026      82       9     6.0     4.0
   104.364    31.741     4.036    54.000     0.020      83      10     8.0     4.0
   104.349    31.728     4.036    54.000     0.012      83      10    10.0     4.0
   104.335    31.716     4.036    54.000     0.006      26      36    12.0     4.0
   104.320    31.703     4.036    54.000     0.006      80      35    14.0     4.0
   104.305    31.690     4.036    54.000     0.008      80      35    16.0     4.0
   104.291    31.677     4.036    54.000     0.006      20       9    18.0     4.0
   104.276    31.664     4.036    54.000     0.010      22       8    20.0     4.0
   104.261    31.651     4.036    54.000     0.008      49      12    22.0     4.0
   104.247    31.638     4.036    54.000     0.014      29       2    24.0     4.0
   104.232    31.625     4.036    54.000     0.031      50      36    26.0     4.0
   104.432    31.786     2.418    54.000     0.015      37      33     0.0     2.0
   104.417    31.773     2.418    54.000     0.017      39      33     2.0     2.0
   104.402    31.760     2.418    54.000     0.009      38      36     4.0     2.0
   104.388    31.747     2.418    54.000     0.012      39      36     6.0     2.0
   104.373    31.734     2.418    54.000     0.011      40      36     8.0     2.0
   104.358    31.721     2.418    54.000     0.011     100       2    10.0     2.0
   104.344    31.708     2.418    54.000     0.014     100       2    12.0     2.0
   104.329    31.695     2.418    54.000     0.013      37      36    14.0     2.0
   104.314    31.682     2.418    54.000     0.012      63      23    16.0     2.0
   104.300    31.669     2.418    54.000     0.013      63      26    18.0     2.0
   104.285    31.656     2.418    54.000     0.008      64      11    20.0     2.0
   104.270    31.643     2.418    54.000     0.009      35      11    22.0     2.0
   104.256    31.630     2.418    54.000     0.008      35      15    24.0     2.0
   104.241    31.617     2.418    54.000     0.010      44       2    26.0     2.0
   104.441    31.779     0.800    54.000     0.009       6      28     0.0     0.0
   104.426    31.766     0.800    54.000     0.011      75      36     2.0     0.0
   104.411    31.753     0.800    54.000     0.015      97      17     4.0     0.0
   104.397    31.740     0.800    54.000     0.019      98      22     6.0     0.0
   104.382    31.727     0.800    54.000     0.014      97      23     8.0     0.0
   104.367    31.714     0.800    54.000     0.027      36       3    10.0     0.0
   104.353    31.701     0.800    54.000     0.029      36       3    12.0     0.0
   104.338    31.688     0.800    54.000     0.014      38       3    14.0     0.0
   104.323    31.675     0.800    54.000     0.016      40       3    16.0     0.0
   104.309    31.662     0.800    54.000     0.014      40       3    18.0     0.0
   104.294    31.649     0.800    54.000     0.008      63      17    20.0     0.0
   104.279    31.636     0.800    54.000     0.006      70      36    22.0     0.0
   104.265    31.623     0.800    54.000     0.015      71      36    24.0     0.0
   104.250    31.610     0.800    54.000     0.021      71      36    26.0     0.0
