   104.700    32.381    33.161    54.000     0.020       4      35     0.0    40.0
   104.685    32.368    33.161    54.000     0.015       3      36     2.0    40.0
   104.670    32.355    33.161    54.000     0.043      71      11     4.0    40.0
   104.655    32.342    33.161    54.000     0.058      68       7     6.0    40.0
   104.641    32.329    33.161    54.000     0.091      68       6     8.0    40.0
   104.626    32.316    33.161    54.000     0.063      68       7    10.0    40.0
   104.611    32.303    33.161    54.000     0.031       5      21    12.0    40.0
   104.596    32.290    33.161    54.000     0.062      69      24    14.0    40.0
   104.581    32.278    33.161    54.000     0.056       1       8    16.0    40.0
   104.567    32.265    33.161    54.000     0.064       1       8    18.0    40.0
   104.552    32.252    33.161    54.000     0.037      42      32    20.0    40.0
   104.537    32.239    33.161    54.000     0.064      45      16    22.0    40.0
   104.522    32.226    33.161    54.000     0.084      45      11    24.0    40.0
   104.508    32.213    33.161    54.000     0.052      45      13    26.0    40.0
   104.493    32.200    33.161    54.000     0.013      85      29    28.0    40.0
   104.478    32.187    33.161    54.000     0.029      89      11    30.0    40.0
   104.463    32.174    33.161    54.000     0.023       5       4    32.0    40.0
   104.449    32.161    33.161    54.000     0.018       2       5    34.0    40.0
   104.434    32.148    33.161    54.000     0.018       2       4    36.0    40.0
   104.419    32.135    33.161    54.000     0.031      34      24    38.0    40.0
   104.404    32.122    33.161    54.000     0.057      33      10    40.0    40.0
   104.390    32.109    33.161    54.000     0.044      33      10    42.0    40.0
   104.375    32.096    33.161    54.000     0.054      31      14    44.0    40.0
   104.360    32.083    33.161    54.000     0.049      28      29    46.0    40.0
   104.346    32.070    33.161    54.000     0.033       3      29    48.0    40.0
   104.331    32.057    33.161    54.000     0.018      23       2    50.0    40.0
   104.316    32.044    33.161    54.000     0.020      61      17    52.0    40.0
   104.301    32.031    33.161    54.000     0.025      63      22    54.0    40.0
   104.287    32.018    33.161    54.000     0.010      21       7    56.0    40.0
   104.272    32.005    33.161    54.000     0.004      64      33    58.0    40.0
   104.257    31.992    33.161    54.000     0.009      47      37    60.0    40.0
   104.243    31.979    33.161    54.000     0.022      46      37    62.0    40.0
   104.228    31.966    33.161    54.000     0.026      49      16    64.0    40.0
   104.709    32.374    31.543    54.000     0.018      73       5     0.0    38.0
   104.694    32.361    31.543    54.000     0.009      73       5     2.0    38.0
   104.679    32.348    31.543    54.000     0.014      72       5     4.0    38.0
   104.664    32.335    31.543    54.000     0.023      70       7     6.0    38.0
   104.649    32.322    31.543    54.000     0.041      68       7     8.0    38.0
   104.635    32.309    31.543    54.000     0.021      66       7    10.0    38.0
   104.620    32.296    31.543    54.000     0.035      31      34    12.0    38.0
   104.605    32.283    31.543    54.000     0.029      36      19    14.0    38.0
   104.590    32.270    31.543    54.000     0.040      88       5    16.0    38.0
   104.576    32.257    31.543    54.000     0.091       8      15    18.0    38.0
   104.561    32.244    31.543    54.000     0.068       7      15    20.0    38.0
   104.546    32.231    31.543    54.000     0.053      69      35    22.0    38.0
   104.531    32.218    31.543    54.000     0.033      70      35    24.0    38.0
   104.517    32.205    31.543    54.000     0.020       8      25    26.0    38.0
   104.502    32.192    31.543    54.000     0.022      37       1    28.0    38.0
   104.487    32.179    31.543    54.000     0.051      38       1    30.0    38.0
   104.472    32.166    31.543    54.000     0.058      38       1    32.0    38.0
   104.458    32.154    31.543    54.000     0.068      35       1    34.0    38.0
   104.443    32.141    31.543    54.000     0.072      34       2    36.0    38.0
   104.428    32.128    31.543    54.000     0.057      33       5    38.0    38.0
   104.413    32.115    31.543    54.000     0.035      32       2    40.0    38.0
   104.399    32.102    31.543    54.000     0.036       4       4    42.0    38.0
   104.384    32.089    31.543    54.000     0.074      34      30    44.0    38.0
   104.369    32.076    31.543    54.000     0.155      32      29    46.0    38.0
   104.355    32.063    31.543    54.000     0.109      31      31    48.0    38.0
   104.340    32.050    31.543    54.000     0.053      31      22    50.0    38.0
   104.325    32.037    31.543    54.000     0.035      32      27    52.0    38.0
   104.310    32.024    31.543    54.000     0.023      31      10    54.0    38.0
   104.296    32.011    31.543    54.000     0.024      28       7    56.0    38.0
   104.281    31.998    31.543    54.000     0.031      28       7    58.0    38.0
   104.266    31.985    31.543    54.000     0.023      65      32    60.0    38.0
   104.252    31.972    31.543    54.000     0.015      65      33    62.0    38.0
   104.237    31.959    31.543    54.000     0.013      32       4    64.0    38.0
   104.718    32.366    29.925    54.000     0.027      60      14     0.0    36.0
   104.703    32.353    29.925    54.000     0.012      61      16     2.0    36.0
   104.688    32.340    29.925    54.000     0.006      59      29     4.0    36.0
   104.673    32.328    29.925    54.000     0.005       4       1     6.0    36.0
   104.658    32.315    29.925    54.000     0.007      89      33     8.0    36.0
   104.644    32.302    29.925    54.000     0.008      87      28    10.0    36.0
   104.629    32.289    29.925    54.000     0.022      87      30    12.0    36.0
   104.614    32.276    29.925    54.000     0.016      12       1    14.0    36.0
   104.599    32.263    29.925    54.000     0.044      13       1    16.0    36.0
   104.585    32.250    29.925    54.000     0.053      92       4    18.0    36.0
   104.570    32.237    29.925    54.000     0.046      89       4    20.0    36.0
   104.555    32.224    29.925    54.000     0.034      11      13    22.0    36.0
   104.540    32.211    29.925    54.000     0.043      11      17    24.0    36.0
   104.526    32.198    29.925    54.000     0.015      10      26    26.0    36.0
   104.511    32.185    29.925    54.000     0.021      93      36    28.0    36.0
   104.496    32.172    29.925    54.000     0.054      91      37    30.0    36.0
   104.481    32.159    29.925    54.000     0.083      94      36    32.0    36.0
   104.467    32.146    29.925    54.000     0.082      92      37    34.0    36.0
   104.452    32.133    29.925    54.000     0.048      55      34    36.0    36.0
   104.437    32.120    29.925    54.000     0.027      35       4    38.0    36.0
   104.422    32.107    29.925    54.000     0.019      93      19    40.0    36.0
   104.408    32.094    29.925    54.000     0.022      88      13    42.0    36.0
   104.393    32.081    29.925    54.000     0.012      90      17    44.0    36.0
   104.378    32.068    29.925    54.000     0.011      38       2    46.0    36.0
   104.364    32.055    29.925    54.000     0.017      38       2    48.0    36.0
   104.349    32.042    29.925    54.000     0.028      38       3    50.0    36.0
   104.334    32.029    29.925    54.000     0.046      31      19    52.0    36.0
   104.319    32.016    29.925    54.000     0.048      30      34    54.0    36.0
   104.305    32.003    29.925    54.000     0.029      13       1    56.0    36.0
   104.290    31.990    29.925    54.000     0.047      60      36    58.0    36.0
   104.275    31.977    29.925    54.000     0.035      59      35    60.0    36.0
   104.261    31.964    29.925    54.000     0.032      62      37    62.0    36.0
   104.246    31.951    29.925    54.000     0.030      65      36    64.0    36.0
   104.727    32.359    28.307    54.000     0.010      63       5     0.0    34.0
   104.712    32.346    28.307    54.000     0.007      66       8     2.0    34.0
   104.697    32.333    28.307    54.000     0.007      36      37     4.0    34.0
   104.682    32.320    28.307    54.000     0.014      15      31     6.0    34.0
   104.667    32.307    28.307    54.000     0.024      57       2     8.0    34.0
   104.653    32.294    28.307    54.000     0.040      55       2    10.0    34.0
   104.638    32.281    28.307    54.000     0.038      80      10    12.0    34.0
   104.623    32.268    28.307    54.000     0.020      52      12    14.0    34.0
   104.608    32.255    28.307    54.000     0.012      47       9    16.0    34.0
   104.594    32.242    28.307    54.000     0.030      32      37    18.0    34.0
   104.579    32.230    28.307    54.000     0.039      31      37    20.0    34.0
   104.564    32.217    28.307    54.000     0.024      57      36    22.0    34.0
   104.549    32.204    28.307    54.000     0.023      10      37    24.0    34.0
   104.534    32.191    28.307    54.000     0.036      12      35    26.0    34.0
   104.520    32.178    28.307    54.000     0.069      14      36    28.0    34.0
   104.505    32.165    28.307    54.000     0.063      11      35    30.0    34.0
   104.490    32.152    28.307    54.000     0.068      10      36    32.0    34.0
   104.476    32.139    28.307    54.000     0.039      91       9    34.0    34.0
   104.461    32.126    28.307    54.000     0.072      91       9    36.0    34.0
   104.446    32.113    28.307    54.000     0.062      91      12    38.0    34.0
   104.431    32.100    28.307    54.000     0.044      90      16    40.0    34.0
   104.417    32.087    28.307    54.000     0.054      88      28    42.0    34.0
   104.402    32.074    28.307    54.000     0.061      91      32    44.0    34.0
   104.387    32.061    28.307    54.000     0.087      89      29    46.0    34.0
   104.372    32.048    28.307    54.000     0.030      88      36    48.0    34.0
   104.358    32.035    28.307    54.000     0.023      92      31    50.0    34.0
   104.343    32.022    28.307    54.000     0.011      31      28    52.0    34.0
   104.328    32.009    28.307    54.000     0.028      31      35    54.0    34.0
   104.314    31.996    28.307    54.000     0.053      30      37    56.0    34.0
   104.299    31.983    28.307    54.000     0.073      31      35    58.0    34.0
   104.284    31.970    28.307    54.000     0.037      31      35    60.0    34.0
   104.270    31.957    28.307    54.000     0.050      61      17    62.0    34.0
   104.255    31.944    28.307    54.000     0.047      60      19    64.0    34.0
   104.736    32.352    26.689    54.000     0.028      48      30     0.0    32.0
   104.721    32.339    26.689    54.000     0.015      47      29     2.0    32.0
   104.706    32.326    26.689    54.000     0.020      52      11     4.0    32.0
   104.691    32.313    26.689    54.000     0.011      53       7     6.0    32.0
   104.676    32.300    26.689    54.000     0.015      81      23     8.0    32.0
   104.662    32.287    26.689    54.000     0.017      54       5    10.0    32.0
   104.647    32.274    26.689    54.000     0.042      80      25    12.0    32.0
   104.632    32.261    26.689    54.000     0.045      79      23    14.0    32.0
   104.617    32.248    26.689    54.000     0.035      80      25    16.0    32.0
   104.602    32.235    26.689    54.000     0.048      80       6    18.0    32.0
   104.588    32.222    26.689    54.000     0.028      79       9    20.0    32.0
   104.573    32.209    26.689    54.000     0.028       1       1    22.0    32.0
   104.558    32.196    26.689    54.000     0.064       1       1    24.0    32.0
   104.543    32.183    26.689    54.000     0.044      12      37    26.0    32.0
   104.529    32.170    26.689    54.000     0.032      12      37    28.0    32.0
   104.514    32.157    26.689    54.000     0.040      68      25    30.0    32.0
   104.499    32.144    26.689    54.000     0.059      94      11    32.0    32.0
   104.484    32.131    26.689    54.000     0.040      43      36    34.0    32.0
   104.470    32.118    26.689    54.000     0.036      43      37    36.0    32.0
   104.455    32.105    26.689    54.000     0.013      46      32    38.0    32.0
   104.440    32.093    26.689    54.000     0.011      46      12    40.0    32.0
   104.426    32.080    26.689    54.000     0.013      47       8    42.0    32.0
   104.411    32.067    26.689    54.000     0.013      22      14    44.0    32.0
   104.396    32.054    26.689    54.000     0.019      19      13    46.0    32.0
   104.381    32.041    26.689    54.000     0.014      53       3    48.0    32.0
   104.367    32.028    26.689    54.000     0.020      63      33    50.0    32.0
   104.352    32.015    26.689    54.000     0.014      66      37    52.0    32.0
   104.337    32.002    26.689    54.000     0.010      55       1    54.0    32.0
   104.323    31.989    26.689    54.000     0.008      71      27    56.0    32.0
   104.308    31.976    26.689    54.000     0.018      28      21    58.0    32.0
   104.293    31.963    26.689    54.000     0.028      44       1    60.0    32.0
   104.279    31.950    26.689    54.000     0.036      47       1    62.0    32.0
   104.264    31.937    26.689    54.000     0.046      47       1    64.0    32.0
   104.745    32.344    25.071    54.000     0.050      77       6     0.0    30.0
   104.730    32.331    25.071    54.000     0.063      49      28     2.0    30.0
   104.715    32.318    25.071    54.000     0.053      49      32     4.0    30.0
   104.700    32.305    25.071    54.000     0.031      51      18     6.0    30.0
   104.685    32.292    25.071    54.000     0.026      47      20     8.0    30.0
   104.671    32.279    25.071    54.000     0.050      48      18    10.0    30.0
   104.656    32.267    25.071    54.000     0.027      45      19    12.0    30.0
   104.641    32.254    25.071    54.000     0.037      47      22    14.0    30.0
   104.626    32.241    25.071    54.000     0.044      44      22    16.0    30.0
   104.611    32.228    25.071    54.000     0.059      44      30    18.0    30.0
   104.597    32.215    25.071    54.000     0.039      21      37    20.0    30.0
   104.582    32.202    25.071    54.000     0.050      21      37    22.0    30.0
   104.567    32.189    25.071    54.000     0.031      19      37    24.0    30.0
   104.552    32.176    25.071    54.000     0.030      78      37    26.0    30.0
   104.538    32.163    25.071    54.000     0.029      75      37    28.0    30.0
   104.523    32.150    25.071    54.000     0.028      67       8    30.0    30.0
   104.508    32.137    25.071    54.000     0.025      78      37    32.0    30.0
   104.493    32.124    25.071    54.000     0.025      63       1    34.0    30.0
   104.479    32.111    25.071    54.000     0.029      77      37    36.0    30.0
   104.464    32.098    25.071    54.000     0.025       9      30    38.0    30.0
   104.449    32.085    25.071    54.000     0.037       9      26    40.0    30.0
   104.435    32.072    25.071    54.000     0.048      10      26    42.0    30.0
   104.420    32.059    25.071    54.000     0.023      44      36    44.0    30.0
   104.405    32.046    25.071    54.000     0.017      44      36    46.0    30.0
   104.390    32.033    25.071    54.000     0.017      31       1    48.0    30.0
   104.376    32.020    25.071    54.000     0.051      30       1    50.0    30.0
   104.361    32.007    25.071    54.000     0.028      17      14    52.0    30.0
   104.346    31.994    25.071    54.000     0.042      45      37    54.0    30.0
   104.332    31.981    25.071    54.000     0.029      43      37    56.0    30.0
   104.317    31.968    25.071    54.000     0.044       3       1    58.0    30.0
   104.302    31.955    25.071    54.000     0.024       2       1    60.0    30.0
   104.288    31.942    25.071    54.000     0.030      27      19    62.0    30.0
   104.273    31.929    25.071    54.000     0.011      25      21    64.0    30.0
   104.753    32.337    23.452    54.000     0.036      16      34     0.0    28.0
   104.739    32.324    23.452    54.000     0.047      98      36     2.0    28.0
   104.724    32.311    23.452    54.000     0.037     100      36     4.0    28.0
   104.709    32.298    23.452    54.000     0.046      48      18     6.0    28.0
   104.694    32.285    23.452    54.000     0.047      79       4     8.0    28.0
   104.679    32.272    23.452    54.000     0.023      12      15    10.0    28.0
   104.665    32.259    23.452    54.000     0.024      77       4    12.0    28.0
   104.650    32.246    23.452    54.000     0.028      45      17    14.0    28.0
   104.635    32.233    23.452    54.000     0.026      44      26    16.0    28.0
   104.620    32.220    23.452    54.000     0.039      45      27    18.0    28.0
   104.606    32.207    23.452    54.000     0.055      79      37    20.0    28.0
   104.591    32.194    23.452    54.000     0.100      93       1    22.0    28.0
   104.576    32.181    23.452    54.000     0.196      93       1    24.0    28.0
   104.561    32.169    23.452    54.000     0.130      79      37    26.0    28.0
   104.547    32.156    23.452    54.000     0.093      80      37    28.0    28.0
   104.532    32.143    23.452    54.000     0.034      79      37    30.0    28.0
   104.517    32.130    23.452    54.000     0.031      35      27    32.0    28.0
   104.502    32.117    23.452    54.000     0.042      36      32    34.0    28.0
   104.488    32.104    23.452    54.000     0.040      37      31    36.0    28.0
   104.473    32.091    23.452    54.000     0.033      39      30    38.0    28.0
   104.458    32.078    23.452    54.000     0.019      40      29    40.0    28.0
   104.443    32.065    23.452    54.000     0.008      60       1    42.0    28.0
   104.429    32.052    23.452    54.000     0.018      61       1    44.0    28.0
   104.414    32.039    23.452    54.000     0.034      62       1    46.0    28.0
   104.399    32.026    23.452    54.000     0.022      52      37    48.0    28.0
   104.385    32.013    23.452    54.000     0.012      50      37    50.0    28.0
   104.370    32.000    23.452    54.000     0.010      78      37    52.0    28.0
   104.355    31.987    23.452    54.000     0.009      40      30    54.0    28.0
   104.341    31.974    23.452    54.000     0.011      31       1    56.0    28.0
   104.326    31.961    23.452    54.000     0.018      45      28    58.0    28.0
   104.311    31.948    23.452    54.000     0.030      23      37    60.0    28.0
   104.296    31.935    23.452    54.000     0.034      37       1    62.0    28.0
   104.282    31.922    23.452    54.000     0.059      36       1    64.0    28.0
   104.762    32.329    21.834    54.000     0.057      63      37     0.0    26.0
   104.748    32.316    21.834    54.000     0.090      21      33     2.0    26.0
   104.733    32.304    21.834    54.000     0.094      20      33     4.0    26.0
   104.718    32.291    21.834    54.000     0.054      25      34     6.0    26.0
   104.703    32.278    21.834    54.000     0.033      21      28     8.0    26.0
   104.688    32.265    21.834    54.000     0.018      21      28    10.0    26.0
   104.674    32.252    21.834    54.000     0.005      22      15    12.0    26.0
   104.659    32.239    21.834    54.000     0.008      24       8    14.0    26.0
   104.644    32.226    21.834    54.000     0.044      26       2    16.0    26.0
   104.629    32.213    21.834    54.000     0.075      25       2    18.0    26.0
   104.615    32.200    21.834    54.000     0.075      24       3    20.0    26.0
   104.600    32.187    21.834    54.000     0.085      24       6    22.0    26.0
   104.585    32.174    21.834    54.000     0.067      22       6    24.0    26.0
   104.570    32.161    21.834    54.000     0.076      19       8    26.0    26.0
   104.556    32.148    21.834    54.000     0.061      19       6    28.0    26.0
   104.541    32.135    21.834    54.000     0.035      15       1    30.0    26.0
   104.526    32.122    21.834    54.000     0.040      14       1    32.0    26.0
   104.511    32.109    21.834    54.000     0.020      78       8    34.0    26.0
   104.497    32.096    21.834    54.000     0.011      22      24    36.0    26.0
   104.482    32.083    21.834    54.000     0.007      20       2    38.0    26.0
   104.467    32.070    21.834    54.000     0.010      23       2    40.0    26.0
   104.452    32.057    21.834    54.000     0.020      21       2    42.0    26.0
   104.438    32.044    21.834    54.000     0.016      20       2    44.0    26.0
   104.423    32.032    21.834    54.000     0.025      66       2    46.0    26.0
   104.408    32.019    21.834    54.000     0.021      67       2    48.0    26.0
   104.394    32.006    21.834    54.000     0.022      90      30    50.0    26.0
   104.379    31.993    21.834    54.000     0.016      23       3    52.0    26.0
   104.364    31.980    21.834    54.000     0.042      21       4    54.0    26.0
   104.349    31.967    21.834    54.000     0.019      42      26    56.0    26.0
   104.335    31.954    21.834    54.000     0.059      41      24    58.0    26.0
   104.320    31.941    21.834    54.000     0.091      42      18    60.0    26.0
   104.305    31.928    21.834    54.000     0.048      18       9    62.0    26.0
   104.291    31.915    21.834    54.000     0.043      90       1    64.0    26.0
   104.771    32.322    20.216    54.000     0.039      29      34     0.0    24.0
   104.757    32.309    20.216    54.000     0.046      62      19     2.0    24.0
   104.742    32.296    20.216    54.000     0.041      63      23     4.0    24.0
   104.727    32.283    20.216    54.000     0.024      89       6     6.0    24.0
   104.712    32.270    20.216    54.000     0.027      96      11     8.0    24.0
   104.697    32.257    20.216    54.000     0.030      60      27    10.0    24.0
   104.683    32.244    20.216    54.000     0.052      56      28    12.0    24.0
   104.668    32.231    20.216    54.000     0.056      62      14    14.0    24.0
   104.653    32.219    20.216    54.000     0.092      63      12    16.0    24.0
   104.638    32.206    20.216    54.000     0.085      62      12    18.0    24.0
   104.624    32.193    20.216    54.000     0.079       9      37    20.0    24.0
   104.609    32.180    20.216    54.000     0.048      41      37    22.0    24.0
   104.594    32.167    20.216    54.000     0.075      42      37    24.0    24.0
   104.579    32.154    20.216    54.000     0.052      40      37    26.0    24.0
   104.564    32.141    20.216    54.000     0.033      48      13    28.0    24.0
   104.550    32.128    20.216    54.000     0.046      49      16    30.0    24.0
   104.535    32.115    20.216    54.000     0.048      77      26    32.0    24.0
   104.520    32.102    20.216    54.000     0.031      52      26    34.0    24.0
   104.506    32.089    20.216    54.000     0.019      74      33    36.0    24.0
   104.491    32.076    20.216    54.000     0.016      16       1    38.0    24.0
   104.476    32.063    20.216    54.000     0.017      84       1    40.0    24.0
   104.461    32.050    20.216    54.000     0.013      52       1    42.0    24.0
   104.447    32.037    20.216    54.000     0.014      25       2    44.0    24.0
   104.432    32.024    20.216    54.000     0.020      21       2    46.0    24.0
   104.417    32.011    20.216    54.000     0.017      20       3    48.0    24.0
   104.403    31.998    20.216    54.000     0.018      10      37    50.0    24.0
   104.388    31.985    20.216    54.000     0.012      27      25    52.0    24.0
   104.373    31.972    20.216    54.000     0.005       1      27    54.0    24.0
   104.358    31.959    20.216    54.000     0.005       2      23    56.0    24.0
   104.344    31.946    20.216    54.000     0.009       4      14    58.0    24.0
   104.329    31.933    20.216    54.000     0.011      99       4    60.0    24.0
   104.314    31.920    20.216    54.000     0.047     100       6    62.0    24.0
   104.300    31.907    20.216    54.000     0.074     100       5    64.0    24.0
   104.780    32.315    18.598    54.000     0.043      93       1     0.0    22.0
   104.766    32.302    18.598    54.000     0.028      65      26     2.0    22.0
   104.751    32.289    18.598    54.000     0.067      64      28     4.0    22.0
   104.736    32.276    18.598    54.000     0.075      65      22     6.0    22.0
   104.721    32.263    18.598    54.000     0.047      65      25     8.0    22.0
   104.706    32.250    18.598    54.000     0.042      98       6    10.0    22.0
   104.692    32.237    18.598    54.000     0.041      62       8    12.0    22.0
   104.677    32.224    18.598    54.000     0.046      61       8    14.0    22.0
   104.662    32.211    18.598    54.000     0.037      56      30    16.0    22.0
   104.647    32.198    18.598    54.000     0.047      93      33    18.0    22.0
   104.632    32.185    18.598    54.000     0.041      94      32    20.0    22.0
   104.618    32.172    18.598    54.000     0.028      94      28    22.0    22.0
   104.603    32.159    18.598    54.000     0.031      14      19    24.0    22.0
   104.588    32.146    18.598    54.000     0.024      14      13    26.0    22.0
   104.573    32.133    18.598    54.000     0.046      53       2    28.0    22.0
   104.559    32.120    18.598    54.000     0.027      53       2    30.0    22.0
   104.544    32.108    18.598    54.000     0.010      43      37    32.0    22.0
   104.529    32.095    18.598    54.000     0.020      48      28    34.0    22.0
   104.514    32.082    18.598    54.000     0.021      50      29    36.0    22.0
   104.500    32.069    18.598    54.000     0.040      73      37    38.0    22.0
   104.485    32.056    18.598    54.000     0.037      73      37    40.0    22.0
   104.470    32.043    18.598    54.000     0.019      70      37    42.0    22.0
   104.456    32.030    18.598    54.000     0.023      84       1    44.0    22.0
   104.441    32.017    18.598    54.000     0.021      85       1    46.0    22.0
   104.426    32.004    18.598    54.000     0.014       6       3    48.0    22.0
   104.411    31.991    18.598    54.000     0.018       6       5    50.0    22.0
   104.397    31.978    18.598    54.000     0.028       6       8    52.0    22.0
   104.382    31.965    18.598    54.000     0.025       5      10    54.0    22.0
   104.367    31.952    18.598    54.000     0.038      33       8    56.0    22.0
   104.353    31.939    18.598    54.000     0.040      33       8    58.0    22.0
   104.338    31.926    18.598    54.000     0.038       8       7    60.0    22.0
   104.323    31.913    18.598    54.000     0.033       6       6    62.0    22.0
   104.309    31.900    18.598    54.000     0.025       5       6    64.0    22.0
   104.789    32.307    16.980    54.000     0.132      97       2     0.0    20.0
   104.774    32.294    16.980    54.000     0.110      97       2     2.0    20.0
   104.760    32.281    16.980    54.000     0.054      97       2     4.0    20.0
   104.745    32.268    16.980    54.000     0.028      26       5     6.0    20.0
   104.730    32.256    16.980    54.000     0.044      24      12     8.0    20.0
   104.715    32.243    16.980    54.000     0.032      66      21    10.0    20.0
   104.701    32.230    16.980    54.000     0.037      66      23    12.0    20.0
   104.686    32.217    16.980    54.000     0.069      27      36    14.0    20.0
   104.671    32.204    16.980    54.000     0.176      26      36    16.0    20.0
   104.656    32.191    16.980    54.000     0.147      26      36    18.0    20.0
   104.641    32.178    16.980    54.000     0.113      56      29    20.0    20.0
   104.627    32.165    16.980    54.000     0.082      56      29    22.0    20.0
   104.612    32.152    16.980    54.000     0.058      45       1    24.0    20.0
   104.597    32.139    16.980    54.000     0.054      45       1    26.0    20.0
   104.582    32.126    16.980    54.000     0.071      91      33    28.0    20.0
   104.568    32.113    16.980    54.000     0.028      10      27    30.0    20.0
   104.553    32.100    16.980    54.000     0.035       4       2    32.0    20.0
   104.538    32.087    16.980    54.000     0.044      37       6    34.0    20.0
   104.523    32.074    16.980    54.000     0.033      36       5    36.0    20.0
   104.509    32.061    16.980    54.000     0.022       7       3    38.0    20.0
   104.494    32.048    16.980    54.000     0.011       8       3    40.0    20.0
   104.479    32.035    16.980    54.000     0.008      95       1    42.0    20.0
   104.465    32.022    16.980    54.000     0.021      94       3    44.0    20.0
   104.450    32.009    16.980    54.000     0.023      93       3    46.0    20.0
   104.435    31.996    16.980    54.000     0.039      92       2    48.0    20.0
   104.420    31.983    16.980    54.000     0.035      92       3    50.0    20.0
   104.406    31.970    16.980    54.000     0.018       8      10    52.0    20.0
   104.391    31.958    16.980    54.000     0.040       9       9    54.0    20.0
   104.376    31.945    16.980    54.000     0.038       8       7    56.0    20.0
   104.362    31.932    16.980    54.000     0.017      40       1    58.0    20.0
   104.347    31.919    16.980    54.000     0.028      41       1    60.0    20.0
   104.332    31.906    16.980    54.000     0.012      40       1    62.0    20.0
   104.318    31.893    16.980    54.000     0.007      85      29    64.0    20.0
   104.798    32.300    15.362    54.000     0.047      33       2     0.0    18.0
   104.783    32.287    15.362    54.000     0.039      63       2     2.0    18.0
   104.769    32.274    15.362    54.000     0.016      64       2     4.0    18.0
   104.754    32.261    15.362    54.000     0.014      29      17     6.0    18.0
   104.739    32.248    15.362    54.000     0.021      29       8     8.0    18.0
   104.724    32.235    15.362    54.000     0.016      29       6    10.0    18.0
   104.709    32.222    15.362    54.000     0.022      33      23    12.0    18.0
   104.695    32.209    15.362    54.000     0.022      34      32    14.0    18.0
   104.680    32.196    15.362    54.000     0.012      33      35    16.0    18.0
   104.665    32.183    15.362    54.000     0.018      81      15    18.0    18.0
   104.650    32.170    15.362    54.000     0.021      30      35    20.0    18.0
   104.636    32.158    15.362    54.000     0.022      47       1    22.0    18.0
   104.621    32.145    15.362    54.000     0.024      60      35    24.0    18.0
   104.606    32.132    15.362    54.000     0.027      57      31    26.0    18.0
   104.591    32.119    15.362    54.000     0.028      61      36    28.0    18.0
   104.577    32.106    15.362    54.000     0.028      59      24    30.0    18.0
   104.562    32.093    15.362    54.000     0.019      58      37    32.0    18.0
   104.547    32.080    15.362    54.000     0.029      58      37    34.0    18.0
   104.532    32.067    15.362    54.000     0.026      40       1    36.0    18.0
   104.518    32.054    15.362    54.000     0.025      42       1    38.0    18.0
   104.503    32.041    15.362    54.000     0.025      28      36    40.0    18.0
   104.488    32.028    15.362    54.000     0.013      30      35    42.0    18.0
   104.473    32.015    15.362    54.000     0.017       1      10    44.0    18.0
   104.459    32.002    15.362    54.000     0.016       2       9    46.0    18.0
   104.444    31.989    15.362    54.000     0.009      99       3    48.0    18.0
   104.429    31.976    15.362    54.000     0.010       1       5    50.0    18.0
   104.415    31.963    15.362    54.000     0.012       1      16    52.0    18.0
   104.400    31.950    15.362    54.000     0.007      93       2    54.0    18.0
   104.385    31.937    15.362    54.000     0.013      52       2    56.0    18.0
   104.371    31.924    15.362    54.000     0.024      61      37    58.0    18.0
   104.356    31.911    15.362    54.000     0.043      59      37    60.0    18.0
   104.341    31.898    15.362    54.000     0.021      61      37    62.0    18.0
   104.327    31.885    15.362    54.000     0.020      86      26    64.0    18.0
   104.807    32.292    13.744    54.000     0.067      77      10     0.0    16.0
   104.792    32.280    13.744    54.000     0.075      76      11     2.0    16.0
   104.778    32.267    13.744    54.000     0.094      77      21     4.0    16.0
   104.763    32.254    13.744    54.000     0.098      77      18     6.0    16.0
   104.748    32.241    13.744    54.000     0.072      75       9     8.0    16.0
   104.733    32.228    13.744    54.000     0.051      75       8    10.0    16.0
   104.718    32.215    13.744    54.000     0.041      77       7    12.0    16.0
   104.704    32.202    13.744    54.000     0.036      75      20    14.0    16.0
   104.689    32.189    13.744    54.000     0.038      73      27    16.0    16.0
   104.674    32.176    13.744    54.000     0.036      40      35    18.0    16.0
   104.659    32.163    13.744    54.000     0.032      28       5    20.0    16.0
   104.645    32.150    13.744    54.000     0.028       1       3    22.0    16.0
   104.630    32.137    13.744    54.000     0.012       1       3    24.0    16.0
   104.615    32.124    13.744    54.000     0.026      27      29    26.0    16.0
   104.600    32.111    13.744    54.000     0.042      27      31    28.0    16.0
   104.586    32.098    13.744    54.000     0.032      57      18    30.0    16.0
   104.571    32.085    13.744    54.000     0.018      56      16    32.0    16.0
   104.556    32.072    13.744    54.000     0.035      60      34    34.0    16.0
   104.541    32.059    13.744    54.000     0.019      59      33    36.0    16.0
   104.527    32.047    13.744    54.000     0.016       1       1    38.0    16.0
   104.512    32.034    13.744    54.000     0.009       1       2    40.0    16.0
   104.497    32.021    13.744    54.000     0.012      56      28    42.0    16.0
   104.482    32.008    13.744    54.000     0.012      37       7    44.0    16.0
   104.468    31.995    13.744    54.000     0.021      34       9    46.0    16.0
   104.453    31.982    13.744    54.000     0.025      34       7    48.0    16.0
   104.438    31.969    13.744    54.000     0.014       6      10    50.0    16.0
   104.424    31.956    13.744    54.000     0.012       4      19    52.0    16.0
   104.409    31.943    13.744    54.000     0.021      39      24    54.0    16.0
   104.394    31.930    13.744    54.000     0.039      40      25    56.0    16.0
   104.380    31.917    13.744    54.000     0.028      40      28    58.0    16.0
   104.365    31.904    13.744    54.000     0.026      41      28    60.0    16.0
   104.350    31.891    13.744    54.000     0.015      41      18    62.0    16.0
   104.336    31.878    13.744    54.000     0.010      92      24    64.0    16.0
   104.816    32.285    12.126    54.000     0.059      38      36     0.0    14.0
   104.801    32.272    12.126    54.000     0.032      38      36     2.0    14.0
   104.786    32.259    12.126    54.000     0.021      41      35     4.0    14.0
   104.772    32.246    12.126    54.000     0.021      46      19     6.0    14.0
   104.757    32.233    12.126    54.000     0.030      78      10     8.0    14.0
   104.742    32.220    12.126    54.000     0.053       9       1    10.0    14.0
   104.727    32.207    12.126    54.000     0.029      79      25    12.0    14.0
   104.713    32.195    12.126    54.000     0.038      41       5    14.0    14.0
   104.698    32.182    12.126    54.000     0.029      41       9    16.0    14.0
   104.683    32.169    12.126    54.000     0.016      43      18    18.0    14.0
   104.668    32.156    12.126    54.000     0.019      44      23    20.0    14.0
   104.653    32.143    12.126    54.000     0.014      22      37    22.0    14.0
   104.639    32.130    12.126    54.000     0.016      18      33    24.0    14.0
   104.624    32.117    12.126    54.000     0.011      18      31    26.0    14.0
   104.609    32.104    12.126    54.000     0.016      36       1    28.0    14.0
   104.594    32.091    12.126    54.000     0.019      38       2    30.0    14.0
   104.580    32.078    12.126    54.000     0.020      19      14    32.0    14.0
   104.565    32.065    12.126    54.000     0.061      36       1    34.0    14.0
   104.550    32.052    12.126    54.000     0.067      34       1    36.0    14.0
   104.536    32.039    12.126    54.000     0.058      34       1    38.0    14.0
   104.521    32.026    12.126    54.000     0.065      33       1    40.0    14.0
   104.506    32.013    12.126    54.000     0.029       4       1    42.0    14.0
   104.491    32.000    12.126    54.000     0.015       3       1    44.0    14.0
   104.477    31.987    12.126    54.000     0.012      38       1    46.0    14.0
   104.462    31.974    12.126    54.000     0.022      43       2    48.0    14.0
   104.447    31.961    12.126    54.000     0.020      42       2    50.0    14.0
   104.433    31.948    12.126    54.000     0.015      78       7    52.0    14.0
   104.418    31.935    12.126    54.000     0.006      78       9    54.0    14.0
   104.403    31.922    12.126    54.000     0.012      16      31    56.0    14.0
   104.388    31.909    12.126    54.000     0.022      17      32    58.0    14.0
   104.374    31.896    12.126    54.000     0.010      48      37    60.0    14.0
   104.359    31.884    12.126    54.000     0.031      47      37    62.0    14.0
   104.344    31.871    12.126    54.000     0.018      14       3    64.0    14.0
   104.825    32.278    10.508    54.000     0.066      40      33     0.0    12.0
   104.810    32.265    10.508    54.000     0.063      42      35     2.0    12.0
   104.795    32.252    10.508    54.000     0.037      43      35     4.0    12.0
   104.781    32.239    10.508    54.000     0.021      44      35     6.0    12.0
   104.766    32.226    10.508    54.000     0.016      95       1     8.0    12.0
   104.751    32.213    10.508    54.000     0.026      94       1    10.0    12.0
   104.736    32.200    10.508    54.000     0.036      94       1    12.0    12.0
   104.722    32.187    10.508    54.000     0.026      44       4    14.0    12.0
   104.707    32.174    10.508    54.000     0.041      45       2    16.0    12.0
   104.692    32.161    10.508    54.000     0.042      43       3    18.0    12.0
   104.677    32.148    10.508    54.000     0.025      40       6    20.0    12.0
   104.662    32.135    10.508    54.000     0.014      72      36    22.0    12.0
   104.648    32.122    10.508    54.000     0.016      11       2    24.0    12.0
   104.633    32.109    10.508    54.000     0.022      12       2    26.0    12.0
   104.618    32.097    10.508    54.000     0.021      22      37    28.0    12.0
   104.603    32.084    10.508    54.000     0.015      92       1    30.0    12.0
   104.589    32.071    10.508    54.000     0.034      53      37    32.0    12.0
   104.574    32.058    10.508    54.000     0.062      53      37    34.0    12.0
   104.559    32.045    10.508    54.000     0.118      54      37    36.0    12.0
   104.544    32.032    10.508    54.000     0.061      54      37    38.0    12.0
   104.530    32.019    10.508    54.000     0.019      23      36    40.0    12.0
   104.515    32.006    10.508    54.000     0.040      21      34    42.0    12.0
   104.500    31.993    10.508    54.000     0.042      21      28    44.0    12.0
   104.486    31.980    10.508    54.000     0.032      18      25    46.0    12.0
   104.471    31.967    10.508    54.000     0.020      21      19    48.0    12.0
   104.456    31.954    10.508    54.000     0.020      23      18    50.0    12.0
   104.441    31.941    10.508    54.000     0.017      79      15    52.0    12.0
   104.427    31.928    10.508    54.000     0.013      39       1    54.0    12.0
   104.412    31.915    10.508    54.000     0.034      15       2    56.0    12.0
   104.397    31.902    10.508    54.000     0.034      15       3    58.0    12.0
   104.383    31.889    10.508    54.000     0.010      13       2    60.0    12.0
   104.368    31.876    10.508    54.000     0.007      64      13    62.0    12.0
   104.353    31.863    10.508    54.000     0.006      66      10    64.0    12.0
   104.834    32.270     8.890    54.000     0.113       8      24     0.0    10.0
   104.819    32.257     8.890    54.000     0.144       9      15     2.0    10.0
   104.804    32.244     8.890    54.000     0.154       9      12     4.0    10.0
   104.790    32.231     8.890    54.000     0.067       9      15     6.0    10.0
   104.775    32.219     8.890    54.000     0.040      23       1     8.0    10.0
   104.760    32.206     8.890    54.000     0.023      25       1    10.0    10.0
   104.745    32.193     8.890    54.000     0.014      93      37    12.0    10.0
   104.730    32.180     8.890    54.000     0.029      52       8    14.0    10.0
   104.716    32.167     8.890    54.000     0.025      54       8    16.0    10.0
   104.701    32.154     8.890    54.000     0.034      39      37    18.0    10.0
   104.686    32.141     8.890    54.000     0.071      39      37    20.0    10.0
   104.671    32.128     8.890    54.000     0.096      38      37    22.0    10.0
   104.657    32.115     8.890    54.000     0.072      37      37    24.0    10.0
   104.642    32.102     8.890    54.000     0.063       7      31    26.0    10.0
   104.627    32.089     8.890    54.000     0.017       2      25    28.0    10.0
   104.612    32.076     8.890    54.000     0.022       4      31    30.0    10.0
   104.598    32.063     8.890    54.000     0.009       6       6    32.0    10.0
   104.583    32.050     8.890    54.000     0.024       8       4    34.0    10.0
   104.568    32.037     8.890    54.000     0.026       6       5    36.0    10.0
   104.553    32.024     8.890    54.000     0.032      43       3    38.0    10.0
   104.539    32.011     8.890    54.000     0.030      44       3    40.0    10.0
   104.524    31.998     8.890    54.000     0.020      44       3    42.0    10.0
   104.509    31.986     8.890    54.000     0.022       1       1    44.0    10.0
   104.495    31.973     8.890    54.000     0.032      20      26    46.0    10.0
   104.480    31.960     8.890    54.000     0.070      20      29    48.0    10.0
   104.465    31.947     8.890    54.000     0.038      20      26    50.0    10.0
   104.450    31.934     8.890    54.000     0.029      20      22    52.0    10.0
   104.436    31.921     8.890    54.000     0.013      24      15    54.0    10.0
   104.421    31.908     8.890    54.000     0.023      64       7    56.0    10.0
   104.406    31.895     8.890    54.000     0.018      22       4    58.0    10.0
   104.392    31.882     8.890    54.000     0.010      20       4    60.0    10.0
   104.377    31.869     8.890    54.000     0.025      52       1    62.0    10.0
   104.362    31.856     8.890    54.000     0.019      26       4    64.0    10.0
   104.843    32.263     7.272    54.000     0.025      12       3     0.0     8.0
   104.828    32.250     7.272    54.000     0.031      61      36     2.0     8.0
   104.813    32.237     7.272    54.000     0.043      96      37     4.0     8.0
   104.799    32.224     7.272    54.000     0.041      97      37     6.0     8.0
   104.784    32.211     7.272    54.000     0.041      96      37     8.0     8.0
   104.769    32.198     7.272    54.000     0.064      95      37    10.0     8.0
   104.754    32.185     7.272    54.000     0.028       8      32    12.0     8.0
   104.739    32.172     7.272    54.000     0.016      10      33    14.0     8.0
   104.725    32.159     7.272    54.000     0.014      32       4    16.0     8.0
   104.710    32.147     7.272    54.000     0.023      34       4    18.0     8.0
   104.695    32.134     7.272    54.000     0.014       8      35    20.0     8.0
   104.680    32.121     7.272    54.000     0.015      26       1    22.0     8.0
   104.666    32.108     7.272    54.000     0.033      27       1    24.0     8.0
   104.651    32.095     7.272    54.000     0.053       9      31    26.0     8.0
   104.636    32.082     7.272    54.000     0.074       8      29    28.0     8.0
   104.621    32.069     7.272    54.000     0.073       7      28    30.0     8.0
   104.607    32.056     7.272    54.000     0.046       6      24    32.0     8.0
   104.592    32.043     7.272    54.000     0.026      11       4    34.0     8.0
   104.577    32.030     7.272    54.000     0.055      11       4    36.0     8.0
   104.562    32.017     7.272    54.000     0.047      12       3    38.0     8.0
   104.548    32.004     7.272    54.000     0.040       8       5    40.0     8.0
   104.533    31.991     7.272    54.000     0.028       8       4    42.0     8.0
   104.518    31.978     7.272    54.000     0.017      10       4    44.0     8.0
   104.503    31.965     7.272    54.000     0.011      75       3    46.0     8.0
   104.489    31.952     7.272    54.000     0.019      25      11    48.0     8.0
   104.474    31.939     7.272    54.000     0.033      24      11    50.0     8.0
   104.459    31.926     7.272    54.000     0.030      32       2    52.0     8.0
   104.445    31.913     7.272    54.000     0.047      44      37    54.0     8.0
   104.430    31.900     7.272    54.000     0.040      27       7    56.0     8.0
   104.415    31.887     7.272    54.000     0.047      26       6    58.0     8.0
   104.401    31.874     7.272    54.000     0.038      26      25    60.0     8.0
   104.386    31.861     7.272    54.000     0.022      27       6    62.0     8.0
   104.371    31.848     7.272    54.000     0.018     100      23    64.0     8.0
   104.852    32.255     5.654    54.000     0.027      21      23     0.0     6.0
   104.837    32.243     5.654    54.000     0.029      23      19     2.0     6.0
   104.822    32.230     5.654    54.000     0.025      24      26     4.0     6.0
   104.807    32.217     5.654    54.000     0.023      21       2     6.0     6.0
   104.793    32.204     5.654    54.000     0.023      22       2     8.0     6.0
   104.778    32.191     5.654    54.000     0.018      61      36    10.0     6.0
   104.763    32.178     5.654    54.000     0.018      60      36    12.0     6.0
   104.748    32.165     5.654    54.000     0.029      62      35    14.0     6.0
   104.734    32.152     5.654    54.000     0.027      97      32    16.0     6.0
   104.719    32.139     5.654    54.000     0.027      57      37    18.0     6.0
   104.704    32.126     5.654    54.000     0.017      55      37    20.0     6.0
   104.689    32.113     5.654    54.000     0.027       2      12    22.0     6.0
   104.674    32.100     5.654    54.000     0.030       3      12    24.0     6.0
   104.660    32.087     5.654    54.000     0.014       4       9    26.0     6.0
   104.645    32.074     5.654    54.000     0.034      10      35    28.0     6.0
   104.630    32.061     5.654    54.000     0.033       9      33    30.0     6.0
   104.616    32.049     5.654    54.000     0.024      61       3    32.0     6.0
   104.601    32.036     5.654    54.000     0.023      60       2    34.0     6.0
   104.586    32.023     5.654    54.000     0.050       1      33    36.0     6.0
   104.571    32.010     5.654    54.000     0.109       1      35    38.0     6.0
   104.557    31.997     5.654    54.000     0.103       2      33    40.0     6.0
   104.542    31.984     5.654    54.000     0.092       2      34    42.0     6.0
   104.527    31.971     5.654    54.000     0.029      32      22    44.0     6.0
   104.512    31.958     5.654    54.000     0.081      31      21    46.0     6.0
   104.498    31.945     5.654    54.000     0.063      61      11    48.0     6.0
   104.483    31.932     5.654    54.000     0.059      61       7    50.0     6.0
   104.468    31.919     5.654    54.000     0.039      60       7    52.0     6.0
   104.454    31.906     5.654    54.000     0.024      60      12    54.0     6.0
   104.439    31.893     5.654    54.000     0.019      98      11    56.0     6.0
   104.424    31.880     5.654    54.000     0.014      94      12    58.0     6.0
   104.410    31.867     5.654    54.000     0.013      16      15    60.0     6.0
   104.395    31.854     5.654    54.000     0.013      14      12    62.0     6.0
   104.380    31.841     5.654    54.000     0.004      18      10    64.0     6.0
   104.861    32.248     4.036    54.000     0.022      21      11     0.0     4.0
   104.846    32.235     4.036    54.000     0.018       6       1     2.0     4.0
   104.831    32.222     4.036    54.000     0.053       7       1     4.0     4.0
   104.816    32.209     4.036    54.000     0.043       7       1     6.0     4.0
   104.802    32.196     4.036    54.000     0.054       9       1     8.0     4.0
   104.787    32.183     4.036    54.000     0.080      11       1    10.0     4.0
   104.772    32.171     4.036    54.000     0.065      10       1    12.0     4.0
   104.757    32.158     4.036    54.000     0.036      67      14    14.0     4.0
   104.742    32.145     4.036    54.000     0.027      68      17    16.0     4.0
   104.728    32.132     4.036    54.000     0.030      67      31    18.0     4.0
   104.713    32.119     4.036    54.000     0.048      66      33    20.0     4.0
   104.698    32.106     4.036    54.000     0.054      65      35    22.0     4.0
   104.683    32.093     4.036    54.000     0.043      66      32    24.0     4.0
   104.669    32.080     4.036    54.000     0.040      65      27    26.0     4.0
   104.654    32.067     4.036    54.000     0.048      65      23    28.0     4.0
   104.639    32.054     4.036    54.000     0.037      63      25    30.0     4.0
   104.624    32.041     4.036    54.000     0.031      64      14    32.0     4.0
   104.610    32.028     4.036    54.000     0.015      63       6    34.0     4.0
   104.595    32.015     4.036    54.000     0.022      61       5    36.0     4.0
   104.580    32.002     4.036    54.000     0.037      60       5    38.0     4.0
   104.566    31.989     4.036    54.000     0.046      61       5    40.0     4.0
   104.551    31.976     4.036    54.000     0.066      30       5    42.0     4.0
   104.536    31.963     4.036    54.000     0.057      30       6    44.0     4.0
   104.521    31.950     4.036    54.000     0.076       2      17    46.0     4.0
   104.507    31.937     4.036    54.000     0.046       2      26    48.0     4.0
   104.492    31.925     4.036    54.000     0.041       3      24    50.0     4.0
   104.477    31.912     4.036    54.000     0.024       1      36    52.0     4.0
   104.463    31.899     4.036    54.000     0.034       1      34    54.0     4.0
   104.448    31.886     4.036    54.000     0.019       1      36    56.0     4.0
   104.433    31.873     4.036    54.000     0.017      88       6    58.0     4.0
   104.418    31.860     4.036    54.000     0.029      88       7    60.0     4.0
   104.404    31.847     4.036    54.000     0.016      88       7    62.0     4.0
   104.389    31.834     4.036    54.000     0.008      80       1    64.0     4.0
   104.870    32.241     2.418    54.000     0.013      95      34     0.0     2.0
   104.855    32.228     2.418    54.000     0.010      98      29     2.0     2.0
   104.840    32.215     2.418    54.000     0.011      99      31     4.0     2.0
   104.825    32.202     2.418    54.000     0.009      21       2     6.0     2.0
   104.811    32.189     2.418    54.000     0.037      23       3     8.0     2.0
   104.796    32.176     2.418    54.000     0.086      23       3    10.0     2.0
   104.781    32.163     2.418    54.000     0.076      21       3    12.0     2.0
   104.766    32.150     2.418    54.000     0.067      23       3    14.0     2.0
   104.751    32.137     2.418    54.000     0.034      52      30    16.0     2.0
   104.737    32.124     2.418    54.000     0.043      53      33    18.0     2.0
   104.722    32.111     2.418    54.000     0.056      65       1    20.0     2.0
   104.707    32.098     2.418    54.000     0.052      66       1    22.0     2.0
   104.692    32.086     2.418    54.000     0.068      23      16    24.0     2.0
   104.678    32.073     2.418    54.000     0.197      25       9    26.0     2.0
   104.663    32.060     2.418    54.000     0.134      25      14    28.0     2.0
   104.648    32.047     2.418    54.000     0.118      27      25    30.0     2.0
   104.633    32.034     2.418    54.000     0.115      27      26    32.0     2.0
   104.619    32.021     2.418    54.000     0.057      28      27    34.0     2.0
   104.604    32.008     2.418    54.000     0.028      24      35    36.0     2.0
   104.589    31.995     2.418    54.000     0.034      23      35    38.0     2.0
   104.574    31.982     2.418    54.000     0.027      47       3    40.0     2.0
   104.560    31.969     2.418    54.000     0.046      46       4    42.0     2.0
   104.545    31.956     2.418    54.000     0.075      46       5    44.0     2.0
   104.530    31.943     2.418    54.000     0.044      45      10    46.0     2.0
   104.516    31.930     2.418    54.000     0.044      48      23    48.0     2.0
   104.501    31.917     2.418    54.000     0.064      47      29    50.0     2.0
   104.486    31.904     2.418    54.000     0.032      48      31    52.0     2.0
   104.471    31.891     2.418    54.000     0.018       2       8    54.0     2.0
   104.457    31.878     2.418    54.000     0.023       6      14    56.0     2.0
   104.442    31.865     2.418    54.000     0.038       7      23    58.0     2.0
   104.427    31.852     2.418    54.000     0.023       5      24    60.0     2.0
   104.413    31.839     2.418    54.000     0.017       6      29    62.0     2.0
   104.398    31.826     2.418    54.000     0.017      59       1    64.0     2.0
   104.879    32.233     0.800    54.000     0.014      56       1     0.0     0.0
   104.864    32.220     0.800    54.000     0.029      18      37     2.0     0.0
   104.849    32.207     0.800    54.000     0.026      22      35     4.0     0.0
   104.834    32.195     0.800    54.000     0.047      20      35     6.0     0.0
   104.819    32.182     0.800    54.000     0.029      50      35     8.0     0.0
   104.805    32.169     0.800    54.000     0.025      50      35    10.0     0.0
   104.790    32.156     0.800    54.000     0.023      24      35    12.0     0.0
   104.775    32.143     0.800    54.000     0.020      57      22    14.0     0.0
   104.760    32.130     0.800    54.000     0.030      29       9    16.0     0.0
   104.746    32.117     0.800    54.000     0.071      26       7    18.0     0.0
   104.731    32.104     0.800    54.000     0.098      25       5    20.0     0.0
   104.716    32.091     0.800    54.000     0.117      26       5    22.0     0.0
   104.701    32.078     0.800    54.000     0.068      28       5    24.0     0.0
   104.687    32.065     0.800    54.000     0.036      27      13    26.0     0.0
   104.672    32.052     0.800    54.000     0.028      29      28    28.0     0.0
   104.657    32.039     0.800    54.000     0.041      30      22    30.0     0.0
   104.642    32.026     0.800    54.000     0.040      29      25    32.0     0.0
   104.628    32.013     0.800    54.000     0.053      31      25    34.0     0.0
   104.613    32.000     0.800    54.000     0.043      31      34    36.0     0.0
   104.598    31.988     0.800    54.000     0.014      77      35    38.0     0.0
   104.583    31.975     0.800    54.000     0.030      76      35    40.0     0.0
   104.569    31.962     0.800    54.000     0.018      72      36    42.0     0.0
   104.554    31.949     0.800    54.000     0.017      20      19    44.0     0.0
   104.539    31.936     0.800    54.000     0.033      20      10    46.0     0.0
   104.525    31.923     0.800    54.000     0.024      49      11    48.0     0.0
   104.510    31.910     0.800    54.000     0.025      50      11    50.0     0.0
   104.495    31.897     0.800    54.000     0.019      47       6    52.0     0.0
   104.480    31.884     0.800    54.000     0.011       5      36    54.0     0.0
   104.466    31.871     0.800    54.000     0.009       8      17    56.0     0.0
   104.451    31.858     0.800    54.000     0.029      10      27    58.0     0.0
   104.436    31.845     0.800    54.000     0.032      10      28    60.0     0.0
   104.422    31.832     0.800    54.000     0.035      10      30    62.0     0.0
   104.407    31.819     0.800    54.000     0.016      11      24    64.0     0.0
