   103.535    31.374    23.947    34.000     0.016      42      34     0.0    40.0
   103.521    31.360    23.947    34.000     0.021      40      34     2.0    40.0
   103.507    31.347    23.947    34.000     0.015      73      36     4.0    40.0
   103.492    31.334    23.947    34.000     0.015      80      36     6.0    40.0
   103.478    31.321    23.947    34.000     0.040      79      36     8.0    40.0
   103.464    31.308    23.947    34.000     0.043      77      36    10.0    40.0
   103.449    31.295    23.947    34.000     0.034      36       3    12.0    40.0
   103.435    31.281    23.947    34.000     0.035      34       1    14.0    40.0
   103.421    31.268    23.947    34.000     0.036      34       3    16.0    40.0
   103.406    31.255    23.947    34.000     0.038      38       2    18.0    40.0
   103.392    31.242    23.947    34.000     0.023      35       2    20.0    40.0
   103.378    31.229    23.947    34.000     0.009      35       2    22.0    40.0
   103.363    31.216    23.947    34.000     0.007      37      35    24.0    40.0
   103.349    31.202    23.947    34.000     0.021      37      35    26.0    40.0
   103.335    31.189    23.947    34.000     0.055      34      36    28.0    40.0
   103.320    31.176    23.947    34.000     0.085      33      36    30.0    40.0
   103.306    31.163    23.947    34.000     0.109      19       1    32.0    40.0
   103.292    31.150    23.947    34.000     0.097      18       1    34.0    40.0
   103.277    31.136    23.947    34.000     0.063      17       1    36.0    40.0
   103.263    31.123    23.947    34.000     0.037      17       1    38.0    40.0
   103.249    31.110    23.947    34.000     0.033      80      29    40.0    40.0
   103.235    31.097    23.947    34.000     0.022      79      29    42.0    40.0
   103.220    31.084    23.947    34.000     0.009      79      30    44.0    40.0
   103.206    31.070    23.947    34.000     0.007       1      37    46.0    40.0
   103.192    31.057    23.947    34.000     0.017      16       1    48.0    40.0
   103.178    31.044    23.947    34.000     0.041       2      37    50.0    40.0
   103.163    31.031    23.947    34.000     0.039      14       3    52.0    40.0
   103.149    31.018    23.947    34.000     0.037      13       2    54.0    40.0
   103.135    31.004    23.947    34.000     0.025      12       3    56.0    40.0
   103.120    30.991    23.947    34.000     0.012      10       4    58.0    40.0
   103.106    30.978    23.947    34.000     0.013      13       3    60.0    40.0
   103.092    30.965    23.947    34.000     0.013      75      24    62.0    40.0
   103.078    30.951    23.947    34.000     0.016      74      28    64.0    40.0
   103.548    31.363    22.829    34.000     0.101      65      18     0.0    38.0
   103.534    31.350    22.829    34.000     0.028      65      15     2.0    38.0
   103.519    31.337    22.829    34.000     0.018       1      22     4.0    38.0
   103.505    31.324    22.829    34.000     0.035       1      24     6.0    38.0
   103.491    31.311    22.829    34.000     0.017       3      37     8.0    38.0
   103.476    31.298    22.829    34.000     0.024      82      37    10.0    38.0
   103.462    31.284    22.829    34.000     0.017      70       1    12.0    38.0
   103.448    31.271    22.829    34.000     0.009      52      28    14.0    38.0
   103.433    31.258    22.829    34.000     0.016      15      33    16.0    38.0
   103.419    31.245    22.829    34.000     0.017      18      32    18.0    38.0
   103.405    31.232    22.829    34.000     0.015      88      17    20.0    38.0
   103.390    31.218    22.829    34.000     0.020      20      13    22.0    38.0
   103.376    31.205    22.829    34.000     0.030      18      13    24.0    38.0
   103.362    31.192    22.829    34.000     0.053      16       4    26.0    38.0
   103.347    31.179    22.829    34.000     0.066      15       8    28.0    38.0
   103.333    31.166    22.829    34.000     0.046      16       7    30.0    38.0
   103.319    31.153    22.829    34.000     0.043      66      36    32.0    38.0
   103.305    31.139    22.829    34.000     0.055      66      36    34.0    38.0
   103.290    31.126    22.829    34.000     0.039      67      35    36.0    38.0
   103.276    31.113    22.829    34.000     0.012      36      36    38.0    38.0
   103.262    31.100    22.829    34.000     0.017      36      36    40.0    38.0
   103.247    31.087    22.829    34.000     0.010      36      36    42.0    38.0
   103.233    31.073    22.829    34.000     0.007      36      36    44.0    38.0
   103.219    31.060    22.829    34.000     0.013      19       1    46.0    38.0
   103.204    31.047    22.829    34.000     0.017      32      36    48.0    38.0
   103.190    31.034    22.829    34.000     0.014       3      37    50.0    38.0
   103.176    31.021    22.829    34.000     0.018      15       2    52.0    38.0
   103.162    31.007    22.829    34.000     0.009      73      25    54.0    38.0
   103.147    30.994    22.829    34.000     0.010      44      26    56.0    38.0
   103.133    30.981    22.829    34.000     0.020      77      15    58.0    38.0
   103.119    30.968    22.829    34.000     0.018      39       4    60.0    38.0
   103.105    30.954    22.829    34.000     0.036      38       4    62.0    38.0
   103.090    30.941    22.829    34.000     0.043      35       2    64.0    38.0
   103.561    31.353    21.710    34.000     0.068      68      26     0.0    36.0
   103.547    31.340    21.710    34.000     0.084      67      25     2.0    36.0
   103.532    31.327    21.710    34.000     0.037      66      26     4.0    36.0
   103.518    31.314    21.710    34.000     0.026       3      26     6.0    36.0
   103.503    31.301    21.710    34.000     0.022       1      22     8.0    36.0
   103.489    31.287    21.710    34.000     0.010       1      18    10.0    36.0
   103.475    31.274    21.710    34.000     0.006      19       1    12.0    36.0
   103.460    31.261    21.710    34.000     0.007      54      26    14.0    36.0
   103.446    31.248    21.710    34.000     0.019      53      24    16.0    36.0
   103.432    31.235    21.710    34.000     0.029      54       9    18.0    36.0
   103.417    31.221    21.710    34.000     0.033      18      22    20.0    36.0
   103.403    31.208    21.710    34.000     0.056      17      21    22.0    36.0
   103.389    31.195    21.710    34.000     0.075      19      18    24.0    36.0
   103.374    31.182    21.710    34.000     0.054      19      15    26.0    36.0
   103.360    31.169    21.710    34.000     0.024      17      13    28.0    36.0
   103.346    31.156    21.710    34.000     0.024      66      20    30.0    36.0
   103.332    31.142    21.710    34.000     0.020      65      18    32.0    36.0
   103.317    31.129    21.710    34.000     0.023      66      23    34.0    36.0
   103.303    31.116    21.710    34.000     0.066      65      22    36.0    36.0
   103.289    31.103    21.710    34.000     0.066      64      24    38.0    36.0
   103.274    31.090    21.710    34.000     0.059      63      20    40.0    36.0
   103.260    31.076    21.710    34.000     0.043      62      22    42.0    36.0
   103.246    31.063    21.710    34.000     0.025      62      29    44.0    36.0
   103.231    31.050    21.710    34.000     0.011      63      18    46.0    36.0
   103.217    31.037    21.710    34.000     0.008      41       9    48.0    36.0
   103.203    31.024    21.710    34.000     0.011      41       8    50.0    36.0
   103.189    31.010    21.710    34.000     0.015      67      35    52.0    36.0
   103.174    30.997    21.710    34.000     0.023      46      37    54.0    36.0
   103.160    30.984    21.710    34.000     0.040      43      29    56.0    36.0
   103.146    30.971    21.710    34.000     0.024      42      28    58.0    36.0
   103.132    30.958    21.710    34.000     0.013      81      20    60.0    36.0
   103.117    30.944    21.710    34.000     0.021      80      22    62.0    36.0
   103.103    30.931    21.710    34.000     0.024      51      37    64.0    36.0
   103.574    31.343    20.592    34.000     0.046      44       1     0.0    34.0
   103.559    31.330    20.592    34.000     0.014      63      37     2.0    34.0
   103.545    31.317    20.592    34.000     0.024      64      36     4.0    34.0
   103.531    31.303    20.592    34.000     0.031      65      25     6.0    34.0
   103.516    31.290    20.592    34.000     0.015      64      23     8.0    34.0
   103.502    31.277    20.592    34.000     0.010      59       9    10.0    34.0
   103.487    31.264    20.592    34.000     0.011      38      37    12.0    34.0
   103.473    31.251    20.592    34.000     0.014      23       3    14.0    34.0
   103.459    31.238    20.592    34.000     0.032      25       3    16.0    34.0
   103.444    31.224    20.592    34.000     0.020      23       3    18.0    34.0
   103.430    31.211    20.592    34.000     0.037      21       3    20.0    34.0
   103.416    31.198    20.592    34.000     0.014      47       1    22.0    34.0
   103.401    31.185    20.592    34.000     0.010      23      24    24.0    34.0
   103.387    31.172    20.592    34.000     0.014      83      37    26.0    34.0
   103.373    31.159    20.592    34.000     0.020      69       6    28.0    34.0
   103.359    31.145    20.592    34.000     0.012      60      35    30.0    34.0
   103.344    31.132    20.592    34.000     0.018      64      14    32.0    34.0
   103.330    31.119    20.592    34.000     0.038      64      11    34.0    34.0
   103.316    31.106    20.592    34.000     0.062      63      24    36.0    34.0
   103.301    31.093    20.592    34.000     0.084      63      21    38.0    34.0
   103.287    31.079    20.592    34.000     0.092      66      28    40.0    34.0
   103.273    31.066    20.592    34.000     0.074      67      33    42.0    34.0
   103.258    31.053    20.592    34.000     0.039      65      33    44.0    34.0
   103.244    31.040    20.592    34.000     0.009      67      35    46.0    34.0
   103.230    31.027    20.592    34.000     0.006     100       9    48.0    34.0
   103.216    31.013    20.592    34.000     0.022       8       8    50.0    34.0
   103.201    31.000    20.592    34.000     0.034      38      15    52.0    34.0
   103.187    30.987    20.592    34.000     0.028      38      16    54.0    34.0
   103.173    30.974    20.592    34.000     0.025      38      20    56.0    34.0
   103.159    30.961    20.592    34.000     0.019       1       4    58.0    34.0
   103.144    30.947    20.592    34.000     0.051       1       4    60.0    34.0
   103.130    30.934    20.592    34.000     0.025       2       3    62.0    34.0
   103.116    30.921    20.592    34.000     0.010      83      28    64.0    34.0
   103.586    31.333    19.474    34.000     0.026      55      36     0.0    32.0
   103.572    31.320    19.474    34.000     0.037      31      37     2.0    32.0
   103.558    31.306    19.474    34.000     0.039      31      37     4.0    32.0
   103.543    31.293    19.474    34.000     0.021     100      34     6.0    32.0
   103.529    31.280    19.474    34.000     0.019      34      10     8.0    32.0
   103.515    31.267    19.474    34.000     0.012     100      34    10.0    32.0
   103.500    31.254    19.474    34.000     0.011      39      37    12.0    32.0
   103.486    31.241    19.474    34.000     0.023      34      37    14.0    32.0
   103.472    31.227    19.474    34.000     0.041      35      37    16.0    32.0
   103.457    31.214    19.474    34.000     0.025      34      37    18.0    32.0
   103.443    31.201    19.474    34.000     0.022      34      37    20.0    32.0
   103.429    31.188    19.474    34.000     0.017     100       2    22.0    32.0
   103.414    31.175    19.474    34.000     0.023     100       2    24.0    32.0
   103.400    31.162    19.474    34.000     0.025      85      37    26.0    32.0
   103.386    31.148    19.474    34.000     0.023      84      37    28.0    32.0
   103.371    31.135    19.474    34.000     0.021      74       2    30.0    32.0
   103.357    31.122    19.474    34.000     0.016      84      37    32.0    32.0
   103.343    31.109    19.474    34.000     0.013      24       5    34.0    32.0
   103.328    31.096    19.474    34.000     0.011       1       6    36.0    32.0
   103.314    31.082    19.474    34.000     0.013      70      16    38.0    32.0
   103.300    31.069    19.474    34.000     0.047      70      31    40.0    32.0
   103.285    31.056    19.474    34.000     0.061      70      32    42.0    32.0
   103.271    31.043    19.474    34.000     0.034      96      22    44.0    32.0
   103.257    31.030    19.474    34.000     0.037      97      21    46.0    32.0
   103.243    31.016    19.474    34.000     0.040      24      35    48.0    32.0
   103.228    31.003    19.474    34.000     0.013      23      35    50.0    32.0
   103.214    30.990    19.474    34.000     0.017      47       3    52.0    32.0
   103.200    30.977    19.474    34.000     0.012      46       4    54.0    32.0
   103.186    30.964    19.474    34.000     0.014      47       4    56.0    32.0
   103.171    30.950    19.474    34.000     0.016      47       4    58.0    32.0
   103.157    30.937    19.474    34.000     0.008      25       4    60.0    32.0
   103.143    30.924    19.474    34.000     0.015      38      37    62.0    32.0
   103.129    30.911    19.474    34.000     0.011      38      37    64.0    32.0
   103.599    31.323    18.355    34.000     0.069      81      18     0.0    30.0
   103.585    31.309    18.355    34.000     0.046      81      16     2.0    30.0
   103.570    31.296    18.355    34.000     0.033      55      19     4.0    30.0
   103.556    31.283    18.355    34.000     0.038      55      21     6.0    30.0
   103.542    31.270    18.355    34.000     0.009      54      18     8.0    30.0
   103.527    31.257    18.355    34.000     0.018      99       1    10.0    30.0
   103.513    31.244    18.355    34.000     0.021      98       1    12.0    30.0
   103.499    31.230    18.355    34.000     0.024      95       2    14.0    30.0
   103.484    31.217    18.355    34.000     0.020      66      19    16.0    30.0
   103.470    31.204    18.355    34.000     0.029      69      13    18.0    30.0
   103.456    31.191    18.355    34.000     0.035      68      15    20.0    30.0
   103.441    31.178    18.355    34.000     0.030      69      13    22.0    30.0
   103.427    31.164    18.355    34.000     0.022      68      17    24.0    30.0
   103.413    31.151    18.355    34.000     0.009      33      10    26.0    30.0
   103.398    31.138    18.355    34.000     0.021      94      33    28.0    30.0
   103.384    31.125    18.355    34.000     0.016      77       9    30.0    30.0
   103.370    31.112    18.355    34.000     0.019      75       7    32.0    30.0
   103.355    31.099    18.355    34.000     0.015      75       8    34.0    30.0
   103.341    31.085    18.355    34.000     0.017      77       7    36.0    30.0
   103.327    31.072    18.355    34.000     0.021      75      10    38.0    30.0
   103.312    31.059    18.355    34.000     0.026      73      11    40.0    30.0
   103.298    31.046    18.355    34.000     0.009      73      12    42.0    30.0
   103.284    31.033    18.355    34.000     0.015      46       6    44.0    30.0
   103.270    31.019    18.355    34.000     0.021      26      37    46.0    30.0
   103.255    31.006    18.355    34.000     0.041      92      32    48.0    30.0
   103.241    30.993    18.355    34.000     0.037      91      32    50.0    30.0
   103.227    30.980    18.355    34.000     0.037      43       1    52.0    30.0
   103.213    30.967    18.355    34.000     0.025      64      37    54.0    30.0
   103.198    30.953    18.355    34.000     0.019      61      37    56.0    30.0
   103.184    30.940    18.355    34.000     0.019      47       1    58.0    30.0
   103.170    30.927    18.355    34.000     0.019      50       1    60.0    30.0
   103.156    30.914    18.355    34.000     0.014      40      34    62.0    30.0
   103.141    30.901    18.355    34.000     0.018      39      32    64.0    30.0
   103.612    31.312    17.237    34.000     0.078      81      14     0.0    28.0
   103.597    31.299    17.237    34.000     0.053      83      13     2.0    28.0
   103.583    31.286    17.237    34.000     0.040      84      17     4.0    28.0
   103.569    31.273    17.237    34.000     0.009      82      17     6.0    28.0
   103.554    31.260    17.237    34.000     0.014      13      37     8.0    28.0
   103.540    31.246    17.237    34.000     0.012      12      36    10.0    28.0
   103.526    31.233    17.237    34.000     0.025      84      36    12.0    28.0
   103.511    31.220    17.237    34.000     0.028      84      36    14.0    28.0
   103.497    31.207    17.237    34.000     0.021      82      36    16.0    28.0
   103.483    31.194    17.237    34.000     0.015      83      36    18.0    28.0
   103.468    31.181    17.237    34.000     0.012      66      12    20.0    28.0
   103.454    31.167    17.237    34.000     0.013      64      14    22.0    28.0
   103.440    31.154    17.237    34.000     0.011      98      37    24.0    28.0
   103.425    31.141    17.237    34.000     0.025      96      37    26.0    28.0
   103.411    31.128    17.237    34.000     0.058      96      37    28.0    28.0
   103.397    31.115    17.237    34.000     0.031      95      37    30.0    28.0
   103.382    31.102    17.237    34.000     0.019      96      37    32.0    28.0
   103.368    31.088    17.237    34.000     0.057      79      11    34.0    28.0
   103.354    31.075    17.237    34.000     0.059      77       9    36.0    28.0
   103.339    31.062    17.237    34.000     0.044      77      14    38.0    28.0
   103.325    31.049    17.237    34.000     0.028      10      18    40.0    28.0
   103.311    31.036    17.237    34.000     0.044      83      32    42.0    28.0
   103.297    31.022    17.237    34.000     0.017      82      32    44.0    28.0
   103.282    31.009    17.237    34.000     0.024      58      36    46.0    28.0
   103.268    30.996    17.237    34.000     0.022      86      13    48.0    28.0
   103.254    30.983    17.237    34.000     0.019      59      37    50.0    28.0
   103.240    30.970    17.237    34.000     0.020      82       3    52.0    28.0
   103.225    30.956    17.237    34.000     0.016      82       4    54.0    28.0
   103.211    30.943    17.237    34.000     0.012      94      37    56.0    28.0
   103.197    30.930    17.237    34.000     0.009      65      37    58.0    28.0
   103.182    30.917    17.237    34.000     0.030      99      13    60.0    28.0
   103.168    30.904    17.237    34.000     0.035      99      17    62.0    28.0
   103.154    30.890    17.237    34.000     0.016      99      20    64.0    28.0
   103.624    31.302    16.118    34.000     0.019      86      21     0.0    26.0
   103.610    31.289    16.118    34.000     0.014      35       1     2.0    26.0
   103.596    31.276    16.118    34.000     0.014      79      37     4.0    26.0
   103.581    31.263    16.118    34.000     0.015      50      37     6.0    26.0
   103.567    31.249    16.118    34.000     0.027      66       2     8.0    26.0
   103.553    31.236    16.118    34.000     0.032      51      37    10.0    26.0
   103.538    31.223    16.118    34.000     0.018      39       2    12.0    26.0
   103.524    31.210    16.118    34.000     0.011      49      35    14.0    26.0
   103.510    31.197    16.118    34.000     0.010      82      36    16.0    26.0
   103.495    31.184    16.118    34.000     0.014      68       2    18.0    26.0
   103.481    31.170    16.118    34.000     0.012      84      29    20.0    26.0
   103.467    31.157    16.118    34.000     0.014      85      27    22.0    26.0
   103.452    31.144    16.118    34.000     0.015      84      27    24.0    26.0
   103.438    31.131    16.118    34.000     0.025      87      22    26.0    26.0
   103.424    31.118    16.118    34.000     0.032      86      10    28.0    26.0
   103.409    31.105    16.118    34.000     0.029      84       8    30.0    26.0
   103.395    31.091    16.118    34.000     0.036      12       1    32.0    26.0
   103.381    31.078    16.118    34.000     0.038      27      37    34.0    26.0
   103.366    31.065    16.118    34.000     0.054      80      14    36.0    26.0
   103.352    31.052    16.118    34.000     0.088      80      18    38.0    26.0
   103.338    31.039    16.118    34.000     0.066      81      22    40.0    26.0
   103.324    31.025    16.118    34.000     0.048       7      11    42.0    26.0
   103.309    31.012    16.118    34.000     0.053       6      11    44.0    26.0
   103.295    30.999    16.118    34.000     0.031       6      18    46.0    26.0
   103.281    30.986    16.118    34.000     0.012       7      35    48.0    26.0
   103.266    30.973    16.118    34.000     0.012       4      35    50.0    26.0
   103.252    30.959    16.118    34.000     0.009       3      35    52.0    26.0
   103.238    30.946    16.118    34.000     0.012      59      21    54.0    26.0
   103.224    30.933    16.118    34.000     0.025      60      30    56.0    26.0
   103.209    30.920    16.118    34.000     0.018       9       2    58.0    26.0
   103.195    30.907    16.118    34.000     0.024      92      21    60.0    26.0
   103.181    30.893    16.118    34.000     0.029      95      13    62.0    26.0
   103.167    30.880    16.118    34.000     0.029      91      15    64.0    26.0
   103.637    31.292    15.000    34.000     0.066      70      16     0.0    24.0
   103.623    31.279    15.000    34.000     0.057      70      12     2.0    24.0
   103.608    31.266    15.000    34.000     0.030      70      17     4.0    24.0
   103.594    31.252    15.000    34.000     0.032      97      12     6.0    24.0
   103.580    31.239    15.000    34.000     0.038      15       9     8.0    24.0
   103.565    31.226    15.000    34.000     0.041      13       9    10.0    24.0
   103.551    31.213    15.000    34.000     0.028      16      12    12.0    24.0
   103.537    31.200    15.000    34.000     0.021      15      11    14.0    24.0
   103.522    31.187    15.000    34.000     0.023      53      10    16.0    24.0
   103.508    31.173    15.000    34.000     0.019      51      18    18.0    24.0
   103.494    31.160    15.000    34.000     0.016      82      21    20.0    24.0
   103.479    31.147    15.000    34.000     0.016      81      19    22.0    24.0
   103.465    31.134    15.000    34.000     0.012      87      12    24.0    24.0
   103.451    31.121    15.000    34.000     0.029      87      18    26.0    24.0
   103.436    31.107    15.000    34.000     0.020      87      19    28.0    24.0
   103.422    31.094    15.000    34.000     0.014      30      36    30.0    24.0
   103.408    31.081    15.000    34.000     0.022      88      24    32.0    24.0
   103.393    31.068    15.000    34.000     0.016      76       2    34.0    24.0
   103.379    31.055    15.000    34.000     0.021      38       8    36.0    24.0
   103.365    31.042    15.000    34.000     0.018      11       2    38.0    24.0
   103.351    31.028    15.000    34.000     0.008      33      10    40.0    24.0
   103.336    31.015    15.000    34.000     0.006      75      32    42.0    24.0
   103.322    31.002    15.000    34.000     0.007      76      17    44.0    24.0
   103.308    30.989    15.000    34.000     0.020      75      26    46.0    24.0
   103.293    30.976    15.000    34.000     0.024      74      25    48.0    24.0
   103.279    30.962    15.000    34.000     0.016      98       1    50.0    24.0
   103.265    30.949    15.000    34.000     0.042      99       1    52.0    24.0
   103.251    30.936    15.000    34.000     0.031      98       1    54.0    24.0
   103.236    30.923    15.000    34.000     0.040      99       1    56.0    24.0
   103.222    30.910    15.000    34.000     0.030      30      31    58.0    24.0
   103.208    30.896    15.000    34.000     0.044      28      34    60.0    24.0
   103.194    30.883    15.000    34.000     0.025      30      34    62.0    24.0
   103.179    30.870    15.000    34.000     0.024       1      20    64.0    24.0
   103.650    31.282    13.882    34.000     0.049      97       9     0.0    22.0
   103.635    31.268    13.882    34.000     0.087      96       9     2.0    22.0
   103.621    31.255    13.882    34.000     0.055      99      16     4.0    22.0
   103.607    31.242    13.882    34.000     0.025      99       9     6.0    22.0
   103.592    31.229    13.882    34.000     0.030      18       4     8.0    22.0
   103.578    31.216    13.882    34.000     0.021      98      35    10.0    22.0
   103.564    31.203    13.882    34.000     0.037      54      11    12.0    22.0
   103.549    31.189    13.882    34.000     0.035      52      12    14.0    22.0
   103.535    31.176    13.882    34.000     0.027      51      13    16.0    22.0
   103.521    31.163    13.882    34.000     0.040      21      11    18.0    22.0
   103.506    31.150    13.882    34.000     0.042      53      24    20.0    22.0
   103.492    31.137    13.882    34.000     0.063      55      17    22.0    22.0
   103.478    31.124    13.882    34.000     0.065      55      16    24.0    22.0
   103.463    31.110    13.882    34.000     0.017      56      15    26.0    22.0
   103.449    31.097    13.882    34.000     0.014      98       3    28.0    22.0
   103.435    31.084    13.882    34.000     0.015      98       3    30.0    22.0
   103.420    31.071    13.882    34.000     0.010      42       1    32.0    22.0
   103.406    31.058    13.882    34.000     0.022      20      36    34.0    22.0
   103.392    31.045    13.882    34.000     0.028      23      36    36.0    22.0
   103.378    31.031    13.882    34.000     0.025      24      36    38.0    22.0
   103.363    31.018    13.882    34.000     0.031      25      30    40.0    22.0
   103.349    31.005    13.882    34.000     0.016      27      17    42.0    22.0
   103.335    30.992    13.882    34.000     0.018      74      25    44.0    22.0
   103.320    30.979    13.882    34.000     0.020      72      26    46.0    22.0
   103.306    30.965    13.882    34.000     0.027      56       3    48.0    22.0
   103.292    30.952    13.882    34.000     0.025      55       3    50.0    22.0
   103.278    30.939    13.882    34.000     0.028      69      31    52.0    22.0
   103.263    30.926    13.882    34.000     0.025      30       8    54.0    22.0
   103.249    30.913    13.882    34.000     0.021      29       9    56.0    22.0
   103.235    30.899    13.882    34.000     0.018      34      34    58.0    22.0
   103.221    30.886    13.882    34.000     0.047      30      34    60.0    22.0
   103.206    30.873    13.882    34.000     0.038      29      32    62.0    22.0
   103.192    30.860    13.882    34.000     0.034      28      31    64.0    22.0
   103.663    31.271    12.763    34.000     0.012      44      18     0.0    20.0
   103.648    31.258    12.763    34.000     0.010      59       5     2.0    20.0
   103.634    31.245    12.763    34.000     0.038      56       1     4.0    20.0
   103.619    31.232    12.763    34.000     0.046      55       1     6.0    20.0
   103.605    31.219    12.763    34.000     0.054      56       1     8.0    20.0
   103.591    31.206    12.763    34.000     0.030      57       1    10.0    20.0
   103.576    31.192    12.763    34.000     0.030      24       3    12.0    20.0
   103.562    31.179    12.763    34.000     0.022      22       4    14.0    20.0
   103.548    31.166    12.763    34.000     0.013      48       6    16.0    20.0
   103.533    31.153    12.763    34.000     0.013      93       2    18.0    20.0
   103.519    31.140    12.763    34.000     0.013      51      20    20.0    20.0
   103.505    31.127    12.763    34.000     0.016      23      35    22.0    20.0
   103.490    31.113    12.763    34.000     0.018      18      36    24.0    20.0
   103.476    31.100    12.763    34.000     0.013       2       1    26.0    20.0
   103.462    31.087    12.763    34.000     0.018       2       1    28.0    20.0
   103.447    31.074    12.763    34.000     0.015      68       4    30.0    20.0
   103.433    31.061    12.763    34.000     0.057      68       4    32.0    20.0
   103.419    31.048    12.763    34.000     0.054      68       4    34.0    20.0
   103.405    31.034    12.763    34.000     0.134      67       7    36.0    20.0
   103.390    31.021    12.763    34.000     0.083      67       7    38.0    20.0
   103.376    31.008    12.763    34.000     0.070      23      16    40.0    20.0
   103.362    30.995    12.763    34.000     0.093      23      16    42.0    20.0
   103.347    30.982    12.763    34.000     0.068      21      15    44.0    20.0
   103.333    30.968    12.763    34.000     0.059      21      12    46.0    20.0
   103.319    30.955    12.763    34.000     0.026      99      29    48.0    20.0
   103.305    30.942    12.763    34.000     0.022      20      34    50.0    20.0
   103.290    30.929    12.763    34.000     0.026      58       2    52.0    20.0
   103.276    30.916    12.763    34.000     0.023      59       4    54.0    20.0
   103.262    30.902    12.763    34.000     0.019       1       1    56.0    20.0
   103.248    30.889    12.763    34.000     0.033       1       1    58.0    20.0
   103.233    30.876    12.763    34.000     0.020       1       1    60.0    20.0
   103.219    30.863    12.763    34.000     0.018      58      24    62.0    20.0
   103.205    30.850    12.763    34.000     0.041      58      15    64.0    20.0
   103.675    31.261    11.645    34.000     0.047      88       4     0.0    18.0
   103.661    31.248    11.645    34.000     0.046      87       4     2.0    18.0
   103.647    31.235    11.645    34.000     0.045      90       4     4.0    18.0
   103.632    31.222    11.645    34.000     0.101      88       5     6.0    18.0
   103.618    31.209    11.645    34.000     0.072      87       4     8.0    18.0
   103.603    31.195    11.645    34.000     0.030       1       1    10.0    18.0
   103.589    31.182    11.645    34.000     0.032      24       2    12.0    18.0
   103.575    31.169    11.645    34.000     0.016      22       3    14.0    18.0
   103.560    31.156    11.645    34.000     0.015      97       9    16.0    18.0
   103.546    31.143    11.645    34.000     0.019      97       6    18.0    18.0
   103.532    31.130    11.645    34.000     0.013      61      36    20.0    18.0
   103.517    31.116    11.645    34.000     0.028      33       1    22.0    18.0
   103.503    31.103    11.645    34.000     0.042      33       1    24.0    18.0
   103.489    31.090    11.645    34.000     0.038      34       1    26.0    18.0
   103.474    31.077    11.645    34.000     0.017      21      37    28.0    18.0
   103.460    31.064    11.645    34.000     0.007      32       1    30.0    18.0
   103.446    31.051    11.645    34.000     0.009      73      21    32.0    18.0
   103.432    31.037    11.645    34.000     0.018     100       3    34.0    18.0
   103.417    31.024    11.645    34.000     0.023      29      23    36.0    18.0
   103.403    31.011    11.645    34.000     0.037      28      22    38.0    18.0
   103.389    30.998    11.645    34.000     0.042      29      29    40.0    18.0
   103.374    30.985    11.645    34.000     0.047      26      14    42.0    18.0
   103.360    30.971    11.645    34.000     0.065      28      30    44.0    18.0
   103.346    30.958    11.645    34.000     0.040      28      33    46.0    18.0
   103.332    30.945    11.645    34.000     0.030      25      30    48.0    18.0
   103.317    30.932    11.645    34.000     0.017      24      30    50.0    18.0
   103.303    30.919    11.645    34.000     0.014      95       8    52.0    18.0
   103.289    30.905    11.645    34.000     0.016       5       2    54.0    18.0
   103.274    30.892    11.645    34.000     0.023       6       1    56.0    18.0
   103.260    30.879    11.645    34.000     0.040      57       2    58.0    18.0
   103.246    30.866    11.645    34.000     0.041       6       1    60.0    18.0
   103.232    30.853    11.645    34.000     0.036       7       2    62.0    18.0
   103.217    30.839    11.645    34.000     0.053      82      14    64.0    18.0
   103.688    31.251    10.526    34.000     0.020      84      27     0.0    16.0
   103.674    31.238    10.526    34.000     0.018      83      25     2.0    16.0
   103.659    31.225    10.526    34.000     0.018      84      22     4.0    16.0
   103.645    31.211    10.526    34.000     0.008      91       1     6.0    16.0
   103.631    31.198    10.526    34.000     0.005      59       2     8.0    16.0
   103.616    31.185    10.526    34.000     0.007      99      27    10.0    16.0
   103.602    31.172    10.526    34.000     0.019      99      12    12.0    16.0
   103.587    31.159    10.526    34.000     0.029      37      27    14.0    16.0
   103.573    31.146    10.526    34.000     0.041      36      22    16.0    16.0
   103.559    31.132    10.526    34.000     0.030      35      22    18.0    16.0
   103.544    31.119    10.526    34.000     0.019       1       1    20.0    16.0
   103.530    31.106    10.526    34.000     0.026      38       7    22.0    16.0
   103.516    31.093    10.526    34.000     0.026      37       4    24.0    16.0
   103.501    31.080    10.526    34.000     0.025      34       3    26.0    16.0
   103.487    31.067    10.526    34.000     0.023      72      22    28.0    16.0
   103.473    31.053    10.526    34.000     0.029      74      25    30.0    16.0
   103.459    31.040    10.526    34.000     0.021      75      26    32.0    16.0
   103.444    31.027    10.526    34.000     0.015      46      36    34.0    16.0
   103.430    31.014    10.526    34.000     0.010      74      32    36.0    16.0
   103.416    31.001    10.526    34.000     0.013     100      10    38.0    16.0
   103.401    30.988    10.526    34.000     0.015      53      21    40.0    16.0
   103.387    30.974    10.526    34.000     0.033      55      24    42.0    16.0
   103.373    30.961    10.526    34.000     0.032      55      27    44.0    16.0
   103.358    30.948    10.526    34.000     0.033      53      17    46.0    16.0
   103.344    30.935    10.526    34.000     0.016      29      29    48.0    16.0
   103.330    30.922    10.526    34.000     0.016      50      15    50.0    16.0
   103.316    30.908    10.526    34.000     0.024      93       3    52.0    16.0
   103.301    30.895    10.526    34.000     0.029      89      18    54.0    16.0
   103.287    30.882    10.526    34.000     0.030      88       1    56.0    16.0
   103.273    30.869    10.526    34.000     0.033      85       4    58.0    16.0
   103.259    30.856    10.526    34.000     0.024      87       6    60.0    16.0
   103.244    30.842    10.526    34.000     0.016      35       2    62.0    16.0
   103.230    30.829    10.526    34.000     0.004      24      37    64.0    16.0
   103.701    31.241     9.408    34.000     0.025      40      36     0.0    14.0
   103.686    31.228     9.408    34.000     0.056      41      36     2.0    14.0
   103.672    31.214     9.408    34.000     0.047      41      36     4.0    14.0
   103.658    31.201     9.408    34.000     0.024      41      35     6.0    14.0
   103.643    31.188     9.408    34.000     0.017      69      36     8.0    14.0
   103.629    31.175     9.408    34.000     0.054      69      36    10.0    14.0
   103.614    31.162     9.408    34.000     0.028      73      22    12.0    14.0
   103.600    31.149     9.408    34.000     0.019     100      29    14.0    14.0
   103.586    31.135     9.408    34.000     0.031      98      32    16.0    14.0
   103.571    31.122     9.408    34.000     0.028      97      35    18.0    14.0
   103.557    31.109     9.408    34.000     0.023      96      37    20.0    14.0
   103.543    31.096     9.408    34.000     0.011      74      10    22.0    14.0
   103.528    31.083     9.408    34.000     0.024      75       9    24.0    14.0
   103.514    31.070     9.408    34.000     0.025      74       7    26.0    14.0
   103.500    31.056     9.408    34.000     0.021      72      11    28.0    14.0
   103.486    31.043     9.408    34.000     0.037      18      20    30.0    14.0
   103.471    31.030     9.408    34.000     0.049      51      37    32.0    14.0
   103.457    31.017     9.408    34.000     0.054      51      34    34.0    14.0
   103.443    31.004     9.408    34.000     0.023      49      33    36.0    14.0
   103.428    30.991     9.408    34.000     0.014      83      14    38.0    14.0
   103.414    30.977     9.408    34.000     0.012      51       8    40.0    14.0
   103.400    30.964     9.408    34.000     0.023      49       6    42.0    14.0
   103.385    30.951     9.408    34.000     0.025      48       6    44.0    14.0
   103.371    30.938     9.408    34.000     0.021      52      15    46.0    14.0
   103.357    30.925     9.408    34.000     0.024       2       1    48.0    14.0
   103.343    30.911     9.408    34.000     0.035       3       3    50.0    14.0
   103.328    30.898     9.408    34.000     0.026       1       7    52.0    14.0
   103.314    30.885     9.408    34.000     0.014      16      37    54.0    14.0
   103.300    30.872     9.408    34.000     0.024      18      37    56.0    14.0
   103.286    30.859     9.408    34.000     0.026      17      37    58.0    14.0
   103.271    30.845     9.408    34.000     0.031      16      37    60.0    14.0
   103.257    30.832     9.408    34.000     0.040      75       2    62.0    14.0
   103.243    30.819     9.408    34.000     0.065      75       9    64.0    14.0
   103.713    31.230     8.290    34.000     0.052      13      37     0.0    12.0
   103.699    31.217     8.290    34.000     0.066      41      36     2.0    12.0
   103.685    31.204     8.290    34.000     0.072      42      36     4.0    12.0
   103.670    31.191     8.290    34.000     0.051      43      36     6.0    12.0
   103.656    31.178     8.290    34.000     0.043      44      36     8.0    12.0
   103.642    31.165     8.290    34.000     0.032      43      36    10.0    12.0
   103.627    31.152     8.290    34.000     0.043      74      26    12.0    12.0
   103.613    31.138     8.290    34.000     0.044      45      12    14.0    12.0
   103.598    31.125     8.290    34.000     0.027      45      29    16.0    12.0
   103.584    31.112     8.290    34.000     0.012      42       4    18.0    12.0
   103.570    31.099     8.290    34.000     0.011      74       5    20.0    12.0
   103.555    31.086     8.290    34.000     0.011      30      19    22.0    12.0
   103.541    31.073     8.290    34.000     0.015      28      23    24.0    12.0
   103.527    31.059     8.290    34.000     0.007      54      32    26.0    12.0
   103.513    31.046     8.290    34.000     0.011      41       4    28.0    12.0
   103.498    31.033     8.290    34.000     0.011      81      35    30.0    12.0
   103.484    31.020     8.290    34.000     0.024      82      34    32.0    12.0
   103.470    31.007     8.290    34.000     0.019      82      34    34.0    12.0
   103.455    30.994     8.290    34.000     0.021      44      26    36.0    12.0
   103.441    30.980     8.290    34.000     0.042      45      31    38.0    12.0
   103.427    30.967     8.290    34.000     0.052      43      30    40.0    12.0
   103.412    30.954     8.290    34.000     0.058      42      16    42.0    12.0
   103.398    30.941     8.290    34.000     0.033      44      15    44.0    12.0
   103.384    30.928     8.290    34.000     0.028       2       4    46.0    12.0
   103.370    30.914     8.290    34.000     0.024      43      12    48.0    12.0
   103.355    30.901     8.290    34.000     0.012      73      35    50.0    12.0
   103.341    30.888     8.290    34.000     0.007      19      37    52.0    12.0
   103.327    30.875     8.290    34.000     0.007      54       7    54.0    12.0
   103.313    30.862     8.290    34.000     0.013      54       7    56.0    12.0
   103.298    30.848     8.290    34.000     0.021       1      24    58.0    12.0
   103.284    30.835     8.290    34.000     0.040      60      37    60.0    12.0
   103.270    30.822     8.290    34.000     0.038      59      37    62.0    12.0
   103.255    30.809     8.290    34.000     0.044      59      37    64.0    12.0
   103.726    31.220     7.171    34.000     0.037      65      29     0.0    10.0
   103.712    31.207     7.171    34.000     0.012      65      31     2.0    10.0
   103.697    31.194     7.171    34.000     0.009      66      30     4.0    10.0
   103.683    31.181     7.171    34.000     0.021      43      35     6.0    10.0
   103.669    31.168     7.171    34.000     0.027      43      35     8.0    10.0
   103.654    31.154     7.171    34.000     0.052      44      35    10.0    10.0
   103.640    31.141     7.171    34.000     0.034      45      23    12.0    10.0
   103.626    31.128     7.171    34.000     0.027      45      17    14.0    10.0
   103.611    31.115     7.171    34.000     0.035      75      15    16.0    10.0
   103.597    31.102     7.171    34.000     0.022      74      15    18.0    10.0
   103.583    31.089     7.171    34.000     0.011      74      14    20.0    10.0
   103.568    31.075     7.171    34.000     0.006      44       4    22.0    10.0
   103.554    31.062     7.171    34.000     0.007      44       4    24.0    10.0
   103.540    31.049     7.171    34.000     0.015      60      26    26.0    10.0
   103.525    31.036     7.171    34.000     0.016      60      15    28.0    10.0
   103.511    31.023     7.171    34.000     0.022      90      31    30.0    10.0
   103.497    31.010     7.171    34.000     0.022      89      29    32.0    10.0
   103.482    30.996     7.171    34.000     0.020      91       8    34.0    10.0
   103.468    30.983     7.171    34.000     0.037      92      14    36.0    10.0
   103.454    30.970     7.171    34.000     0.042      91      14    38.0    10.0
   103.439    30.957     7.171    34.000     0.050      46      22    40.0    10.0
   103.425    30.944     7.171    34.000     0.113      45      23    42.0    10.0
   103.411    30.931     7.171    34.000     0.094      45      14    44.0    10.0
   103.397    30.917     7.171    34.000     0.037      44      13    46.0    10.0
   103.382    30.904     7.171    34.000     0.021      72      31    48.0    10.0
   103.368    30.891     7.171    34.000     0.013      71      30    50.0    10.0
   103.354    30.878     7.171    34.000     0.014      73      30    52.0    10.0
   103.339    30.865     7.171    34.000     0.026      78       8    54.0    10.0
   103.325    30.851     7.171    34.000     0.029      78       8    56.0    10.0
   103.311    30.838     7.171    34.000     0.036      75       9    58.0    10.0
   103.297    30.825     7.171    34.000     0.051      98      36    60.0    10.0
   103.282    30.812     7.171    34.000     0.023      75       7    62.0    10.0
   103.268    30.799     7.171    34.000     0.014       9       1    64.0    10.0
   103.739    31.210     6.053    34.000     0.030      60      35     0.0     8.0
   103.724    31.197     6.053    34.000     0.057      58      35     2.0     8.0
   103.710    31.184     6.053    34.000     0.050      59      35     4.0     8.0
   103.696    31.171     6.053    34.000     0.036      59      35     6.0     8.0
   103.681    31.157     6.053    34.000     0.018      59      35     8.0     8.0
   103.667    31.144     6.053    34.000     0.020      82      23    10.0     8.0
   103.653    31.131     6.053    34.000     0.023      80      23    12.0     8.0
   103.638    31.118     6.053    34.000     0.031      79      15    14.0     8.0
   103.624    31.105     6.053    34.000     0.023      79      23    16.0     8.0
   103.610    31.092     6.053    34.000     0.026      40      37    18.0     8.0
   103.595    31.078     6.053    34.000     0.025      39      37    20.0     8.0
   103.581    31.065     6.053    34.000     0.010      40      37    22.0     8.0
   103.567    31.052     6.053    34.000     0.004      95       9    24.0     8.0
   103.552    31.039     6.053    34.000     0.006      14       8    26.0     8.0
   103.538    31.026     6.053    34.000     0.007      37      11    28.0     8.0
   103.524    31.013     6.053    34.000     0.017      59       1    30.0     8.0
   103.509    30.999     6.053    34.000     0.022      35      10    32.0     8.0
   103.495    30.986     6.053    34.000     0.018      95      27    34.0     8.0
   103.481    30.973     6.053    34.000     0.022      14      37    36.0     8.0
   103.466    30.960     6.053    34.000     0.012      98      12    38.0     8.0
   103.452    30.947     6.053    34.000     0.012      10      37    40.0     8.0
   103.438    30.934     6.053    34.000     0.018       8      32    42.0     8.0
   103.423    30.920     6.053    34.000     0.010       8      33    44.0     8.0
   103.409    30.907     6.053    34.000     0.011       4      30    46.0     8.0
   103.395    30.894     6.053    34.000     0.015      30       9    48.0     8.0
   103.381    30.881     6.053    34.000     0.033      30       6    50.0     8.0
   103.366    30.868     6.053    34.000     0.028      31       6    52.0     8.0
   103.352    30.854     6.053    34.000     0.023      77      23    54.0     8.0
   103.338    30.841     6.053    34.000     0.021      73      26    56.0     8.0
   103.324    30.828     6.053    34.000     0.012      76      15    58.0     8.0
   103.309    30.815     6.053    34.000     0.014      42       9    60.0     8.0
   103.295    30.802     6.053    34.000     0.022      43      13    62.0     8.0
   103.281    30.788     6.053    34.000     0.016      17       7    64.0     8.0
   103.751    31.200     4.935    34.000     0.036      53       5     0.0     6.0
   103.737    31.187     4.935    34.000     0.041      66      36     2.0     6.0
   103.723    31.173     4.935    34.000     0.041      63      36     4.0     6.0
   103.708    31.160     4.935    34.000     0.032      60      32     6.0     6.0
   103.694    31.147     4.935    34.000     0.034      60      33     8.0     6.0
   103.680    31.134     4.935    34.000     0.052      61      29    10.0     6.0
   103.665    31.121     4.935    34.000     0.052      60      29    12.0     6.0
   103.651    31.108     4.935    34.000     0.017      59      29    14.0     6.0
   103.637    31.095     4.935    34.000     0.009      88      18    16.0     6.0
   103.622    31.081     4.935    34.000     0.011      61       5    18.0     6.0
   103.608    31.068     4.935    34.000     0.022      62       4    20.0     6.0
   103.594    31.055     4.935    34.000     0.035      60       4    22.0     6.0
   103.579    31.042     4.935    34.000     0.024      61       4    24.0     6.0
   103.565    31.029     4.935    34.000     0.018      15       8    26.0     6.0
   103.551    31.016     4.935    34.000     0.012      99      16    28.0     6.0
   103.536    31.002     4.935    34.000     0.011     100      18    30.0     6.0
   103.522    30.989     4.935    34.000     0.014     100      24    32.0     6.0
   103.508    30.976     4.935    34.000     0.018       3       5    34.0     6.0
   103.493    30.963     4.935    34.000     0.027       3       4    36.0     6.0
   103.479    30.950     4.935    34.000     0.035      13      36    38.0     6.0
   103.465    30.937     4.935    34.000     0.043      95      37    40.0     6.0
   103.450    30.923     4.935    34.000     0.028      61      12    42.0     6.0
   103.436    30.910     4.935    34.000     0.023      61      13    44.0     6.0
   103.422    30.897     4.935    34.000     0.055      32      14    46.0     6.0
   103.408    30.884     4.935    34.000     0.036      32      17    48.0     6.0
   103.393    30.871     4.935    34.000     0.015      62      24    50.0     6.0
   103.379    30.857     4.935    34.000     0.022      73       6    52.0     6.0
   103.365    30.844     4.935    34.000     0.018      71       4    54.0     6.0
   103.351    30.831     4.935    34.000     0.034      16      15    56.0     6.0
   103.336    30.818     4.935    34.000     0.056      14      16    58.0     6.0
   103.322    30.805     4.935    34.000     0.041      17      13    60.0     6.0
   103.308    30.791     4.935    34.000     0.046      18      17    62.0     6.0
   103.294    30.778     4.935    34.000     0.062      81      37    64.0     6.0
   103.764    31.189     3.816    34.000     0.028      11       6     0.0     4.0
   103.750    31.176     3.816    34.000     0.029      12       5     2.0     4.0
   103.735    31.163     3.816    34.000     0.021       9       7     4.0     4.0
   103.721    31.150     3.816    34.000     0.011      97      11     6.0     4.0
   103.707    31.137     3.816    34.000     0.021      66      28     8.0     4.0
   103.692    31.124     3.816    34.000     0.030      66      31    10.0     4.0
   103.678    31.111     3.816    34.000     0.028      66      32    12.0     4.0
   103.664    31.097     3.816    34.000     0.014      66      20    14.0     4.0
   103.649    31.084     3.816    34.000     0.032      66      16    16.0     4.0
   103.635    31.071     3.816    34.000     0.026      64      19    18.0     4.0
   103.621    31.058     3.816    34.000     0.012      73       1    20.0     4.0
   103.606    31.045     3.816    34.000     0.012      88      37    22.0     4.0
   103.592    31.032     3.816    34.000     0.011      13      30    24.0     4.0
   103.578    31.018     3.816    34.000     0.013      12      29    26.0     4.0
   103.563    31.005     3.816    34.000     0.012      91      37    28.0     4.0
   103.549    30.992     3.816    34.000     0.013      49      17    30.0     4.0
   103.535    30.979     3.816    34.000     0.014       4      11    32.0     4.0
   103.520    30.966     3.816    34.000     0.015      71      21    34.0     4.0
   103.506    30.953     3.816    34.000     0.028       4       6    36.0     4.0
   103.492    30.939     3.816    34.000     0.024      66      15    38.0     4.0
   103.477    30.926     3.816    34.000     0.044       3       7    40.0     4.0
   103.463    30.913     3.816    34.000     0.055      35      13    42.0     4.0
   103.449    30.900     3.816    34.000     0.078      35      13    44.0     4.0
   103.435    30.887     3.816    34.000     0.047      34      13    46.0     4.0
   103.420    30.874     3.816    34.000     0.014      32      18    48.0     4.0
   103.406    30.860     3.816    34.000     0.032       2      37    50.0     4.0
   103.392    30.847     3.816    34.000     0.073       3      37    52.0     4.0
   103.377    30.834     3.816    34.000     0.047      47       1    54.0     4.0
   103.363    30.821     3.816    34.000     0.038      17       9    56.0     4.0
   103.349    30.808     3.816    34.000     0.043      18      14    58.0     4.0
   103.335    30.794     3.816    34.000     0.019      19      18    60.0     4.0
   103.320    30.781     3.816    34.000     0.044      12      31    62.0     4.0
   103.306    30.768     3.816    34.000     0.062      12      31    64.0     4.0
   103.777    31.179     2.698    34.000     0.008      75       1     0.0     2.0
   103.762    31.166     2.698    34.000     0.006      77       4     2.0     2.0
   103.748    31.153     2.698    34.000     0.007      41      34     4.0     2.0
   103.734    31.140     2.698    34.000     0.008      79      17     6.0     2.0
   103.719    31.127     2.698    34.000     0.008     100      32     8.0     2.0
   103.705    31.114     2.698    34.000     0.007     100      30    10.0     2.0
   103.691    31.100     2.698    34.000     0.009      26      17    12.0     2.0
   103.676    31.087     2.698    34.000     0.009      26      18    14.0     2.0
   103.662    31.074     2.698    34.000     0.008       3      33    16.0     2.0
   103.648    31.061     2.698    34.000     0.011       4      33    18.0     2.0
   103.633    31.048     2.698    34.000     0.024       2      33    20.0     2.0
   103.619    31.035     2.698    34.000     0.029      12       2    22.0     2.0
   103.605    31.021     2.698    34.000     0.018      12       2    24.0     2.0
   103.590    31.008     2.698    34.000     0.020      20      35    26.0     2.0
   103.576    30.995     2.698    34.000     0.020       5       5    28.0     2.0
   103.562    30.982     2.698    34.000     0.025       4       7    30.0     2.0
   103.547    30.969     2.698    34.000     0.008       3      12    32.0     2.0
   103.533    30.956     2.698    34.000     0.005       1       8    34.0     2.0
   103.519    30.942     2.698    34.000     0.016      17       3    36.0     2.0
   103.504    30.929     2.698    34.000     0.056      18       9    38.0     2.0
   103.490    30.916     2.698    34.000     0.100      17       9    40.0     2.0
   103.476    30.903     2.698    34.000     0.065      16       8    42.0     2.0
   103.462    30.890     2.698    34.000     0.064      53      21    44.0     2.0
   103.447    30.877     2.698    34.000     0.055      19      20    46.0     2.0
   103.433    30.863     2.698    34.000     0.076      50      14    48.0     2.0
   103.419    30.850     2.698    34.000     0.062      15      26    50.0     2.0
   103.404    30.837     2.698    34.000     0.065      12      27    52.0     2.0
   103.390    30.824     2.698    34.000     0.074      11      29    54.0     2.0
   103.376    30.811     2.698    34.000     0.050      10      23    56.0     2.0
   103.362    30.797     2.698    34.000     0.025      12      21    58.0     2.0
   103.347    30.784     2.698    34.000     0.030      96      27    60.0     2.0
   103.333    30.771     2.698    34.000     0.042      97      29    62.0     2.0
   103.319    30.758     2.698    34.000     0.062      97      35    64.0     2.0
   103.789    31.169     1.579    34.000     0.038      57      36     0.0     0.0
   103.775    31.156     1.579    34.000     0.058      57      35     2.0     0.0
   103.761    31.143     1.579    34.000     0.034      54      36     4.0     0.0
   103.746    31.130     1.579    34.000     0.020      51      37     6.0     0.0
   103.732    31.116     1.579    34.000     0.007      86      33     8.0     0.0
   103.718    31.103     1.579    34.000     0.006      85      33    10.0     0.0
   103.703    31.090     1.579    34.000     0.003      17       2    12.0     0.0
   103.689    31.077     1.579    34.000     0.003      38      32    14.0     0.0
   103.675    31.064     1.579    34.000     0.007      36      37    16.0     0.0
   103.660    31.051     1.579    34.000     0.012      35      30    18.0     0.0
   103.646    31.038     1.579    34.000     0.014      34      31    20.0     0.0
   103.632    31.024     1.579    34.000     0.013      74      37    22.0     0.0
   103.617    31.011     1.579    34.000     0.016      34      35    24.0     0.0
   103.603    30.998     1.579    34.000     0.011       6      36    26.0     0.0
   103.589    30.985     1.579    34.000     0.026       5      36    28.0     0.0
   103.574    30.972     1.579    34.000     0.038       3      36    30.0     0.0
   103.560    30.959     1.579    34.000     0.033       2      36    32.0     0.0
   103.546    30.945     1.579    34.000     0.009      39      37    34.0     0.0
   103.531    30.932     1.579    34.000     0.014      23       1    36.0     0.0
   103.517    30.919     1.579    34.000     0.024      23       2    38.0     0.0
   103.503    30.906     1.579    34.000     0.061      23       3    40.0     0.0
   103.488    30.893     1.579    34.000     0.092      22       5    42.0     0.0
   103.474    30.880     1.579    34.000     0.119      21       7    44.0     0.0
   103.460    30.866     1.579    34.000     0.140      22      13    46.0     0.0
   103.446    30.853     1.579    34.000     0.149      21      24    48.0     0.0
   103.431    30.840     1.579    34.000     0.103      22      29    50.0     0.0
   103.417    30.827     1.579    34.000     0.054      86      35    52.0     0.0
   103.403    30.814     1.579    34.000     0.052      87      36    54.0     0.0
   103.389    30.800     1.579    34.000     0.052      88      36    56.0     0.0
   103.374    30.787     1.579    34.000     0.034      87      36    58.0     0.0
   103.360    30.774     1.579    34.000     0.018      65      10    60.0     0.0
   103.346    30.761     1.579    34.000     0.023      69      28    62.0     0.0
   103.332    30.748     1.579    34.000     0.031      65      29    64.0     0.0
