   104.262    31.926    33.161    54.000     0.067      16       3     0.0    40.0
   104.247    31.913    33.161    54.000     0.084      14       3     2.0    40.0
   104.233    31.900    33.161    54.000     0.080      16       2     4.0    40.0
   104.218    31.887    33.161    54.000     0.044      42      13     6.0    40.0
   104.203    31.874    33.161    54.000     0.032       5      14     8.0    40.0
   104.189    31.861    33.161    54.000     0.029      43       1    10.0    40.0
   104.174    31.848    33.161    54.000     0.030       6       1    12.0    40.0
   104.159    31.835    33.161    54.000     0.023      94      25    14.0    40.0
   104.145    31.822    33.161    54.000     0.020      94      32    16.0    40.0
   104.130    31.809    33.161    54.000     0.016      58      37    18.0    40.0
   104.115    31.796    33.161    54.000     0.011      94      16    20.0    40.0
   104.101    31.783    33.161    54.000     0.006      91      10    22.0    40.0
   104.086    31.770    33.161    54.000     0.021      95       2    24.0    40.0
   104.071    31.757    33.161    54.000     0.034      95       2    26.0    40.0
   104.271    31.919    31.543    54.000     0.037      72      15     0.0    38.0
   104.256    31.906    31.543    54.000     0.093      72      13     2.0    38.0
   104.242    31.893    31.543    54.000     0.133      70      14     4.0    38.0
   104.227    31.880    31.543    54.000     0.143      71      17     6.0    38.0
   104.212    31.867    31.543    54.000     0.136      41      23     8.0    38.0
   104.198    31.854    31.543    54.000     0.104      40      24    10.0    38.0
   104.183    31.841    31.543    54.000     0.054     100      30    12.0    38.0
   104.168    31.828    31.543    54.000     0.043     100      32    14.0    38.0
   104.154    31.815    31.543    54.000     0.031     100      34    16.0    38.0
   104.139    31.802    31.543    54.000     0.016      25      37    18.0    38.0
   104.124    31.789    31.543    54.000     0.020      29      23    20.0    38.0
   104.110    31.776    31.543    54.000     0.025      57      34    22.0    38.0
   104.095    31.763    31.543    54.000     0.016      56      35    24.0    38.0
   104.080    31.750    31.543    54.000     0.008      83      24    26.0    38.0
   104.280    31.911    29.925    54.000     0.055      93      37     0.0    36.0
   104.265    31.898    29.925    54.000     0.043      96      37     2.0    36.0
   104.251    31.885    29.925    54.000     0.042      73      21     4.0    36.0
   104.236    31.872    29.925    54.000     0.068     100      17     6.0    36.0
   104.221    31.859    29.925    54.000     0.055     100      18     8.0    36.0
   104.207    31.846    29.925    54.000     0.053      41      29    10.0    36.0
   104.192    31.833    29.925    54.000     0.056      73      32    12.0    36.0
   104.177    31.820    29.925    54.000     0.056      74      35    14.0    36.0
   104.163    31.807    29.925    54.000     0.031      72      35    16.0    36.0
   104.148    31.794    29.925    54.000     0.012       7      37    18.0    36.0
   104.133    31.781    29.925    54.000     0.006      22       1    20.0    36.0
   104.119    31.768    29.925    54.000     0.006      71      10    22.0    36.0
   104.104    31.755    29.925    54.000     0.015      51      35    24.0    36.0
   104.089    31.742    29.925    54.000     0.016      76       9    26.0    36.0
   104.289    31.904    28.307    54.000     0.087       1       3     0.0    34.0
   104.274    31.891    28.307    54.000     0.059      38       4     2.0    34.0
   104.260    31.878    28.307    54.000     0.084      35       6     4.0    34.0
   104.245    31.865    28.307    54.000     0.024      35       8     6.0    34.0
   104.230    31.852    28.307    54.000     0.017      27       1     8.0    34.0
   104.216    31.839    28.307    54.000     0.089      25       1    10.0    34.0
   104.201    31.826    28.307    54.000     0.150      42      37    12.0    34.0
   104.186    31.813    28.307    54.000     0.203      41      37    14.0    34.0
   104.172    31.800    28.307    54.000     0.148      40      37    16.0    34.0
   104.157    31.787    28.307    54.000     0.072      41      37    18.0    34.0
   104.142    31.774    28.307    54.000     0.034      98      34    20.0    34.0
   104.128    31.761    28.307    54.000     0.025      96      37    22.0    34.0
   104.113    31.748    28.307    54.000     0.024      74      11    24.0    34.0
   104.098    31.735    28.307    54.000     0.025      74      10    26.0    34.0
   104.298    31.896    26.689    54.000     0.039      55      37     0.0    32.0
   104.283    31.884    26.689    54.000     0.048      96       1     2.0    32.0
   104.269    31.871    26.689    54.000     0.022      45       4     4.0    32.0
   104.254    31.858    26.689    54.000     0.020      43       4     6.0    32.0
   104.239    31.845    26.689    54.000     0.011      84      13     8.0    32.0
   104.224    31.832    26.689    54.000     0.010      39       8    10.0    32.0
   104.210    31.819    26.689    54.000     0.021      39       8    12.0    32.0
   104.195    31.806    26.689    54.000     0.024      37       8    14.0    32.0
   104.180    31.793    26.689    54.000     0.038      41      14    16.0    32.0
   104.166    31.780    26.689    54.000     0.033      40      24    18.0    32.0
   104.151    31.767    26.689    54.000     0.045      39      35    20.0    32.0
   104.137    31.754    26.689    54.000     0.035      38      35    22.0    32.0
   104.122    31.741    26.689    54.000     0.044       3      34    24.0    32.0
   104.107    31.728    26.689    54.000     0.080      36      35    26.0    32.0
   104.307    31.889    25.071    54.000     0.039      97       1     0.0    30.0
   104.292    31.876    25.071    54.000     0.024      95       1     2.0    30.0
   104.277    31.863    25.071    54.000     0.008      82      27     4.0    30.0
   104.263    31.850    25.071    54.000     0.011      41       3     6.0    30.0
   104.248    31.837    25.071    54.000     0.047      41       3     8.0    30.0
   104.233    31.824    25.071    54.000     0.083      43       2    10.0    30.0
   104.219    31.811    25.071    54.000     0.075      41       3    12.0    30.0
   104.204    31.798    25.071    54.000     0.053      41       2    14.0    30.0
   104.189    31.785    25.071    54.000     0.063       9      16    16.0    30.0
   104.175    31.772    25.071    54.000     0.081      10      20    18.0    30.0
   104.160    31.759    25.071    54.000     0.120       9      23    20.0    30.0
   104.145    31.746    25.071    54.000     0.141      40      34    22.0    30.0
   104.131    31.733    25.071    54.000     0.116      39      35    24.0    30.0
   104.116    31.720    25.071    54.000     0.066      40      34    26.0    30.0
   104.316    31.882    23.452    54.000     0.024      43      15     0.0    28.0
   104.301    31.869    23.452    54.000     0.022      48      27     2.0    28.0
   104.286    31.856    23.452    54.000     0.015      48      32     4.0    28.0
   104.272    31.843    23.452    54.000     0.020      85      20     6.0    28.0
   104.257    31.830    23.452    54.000     0.016      46       4     8.0    28.0
   104.242    31.817    23.452    54.000     0.021      44       4    10.0    28.0
   104.228    31.804    23.452    54.000     0.031     100       1    12.0    28.0
   104.213    31.791    23.452    54.000     0.035      99       1    14.0    28.0
   104.198    31.778    23.452    54.000     0.033     100       1    16.0    28.0
   104.184    31.765    23.452    54.000     0.033      50       4    18.0    28.0
   104.169    31.752    23.452    54.000     0.022      50       4    20.0    28.0
   104.154    31.739    23.452    54.000     0.036      85       8    22.0    28.0
   104.140    31.726    23.452    54.000     0.040      85       5    24.0    28.0
   104.125    31.713    23.452    54.000     0.032      83       5    26.0    28.0
   104.325    31.874    21.834    54.000     0.032      76      37     0.0    26.0
   104.310    31.861    21.834    54.000     0.033      17      26     2.0    26.0
   104.295    31.848    21.834    54.000     0.022      14      31     4.0    26.0
   104.281    31.835    21.834    54.000     0.045      13      29     6.0    26.0
   104.266    31.823    21.834    54.000     0.029      13      29     8.0    26.0
   104.251    31.810    21.834    54.000     0.049      55      15    10.0    26.0
   104.237    31.797    21.834    54.000     0.143      54      10    12.0    26.0
   104.222    31.784    21.834    54.000     0.180      54      11    14.0    26.0
   104.207    31.771    21.834    54.000     0.267      53      11    16.0    26.0
   104.193    31.758    21.834    54.000     0.251      53       9    18.0    26.0
   104.178    31.745    21.834    54.000     0.176      53       8    20.0    26.0
   104.163    31.732    21.834    54.000     0.076      55      11    22.0    26.0
   104.149    31.719    21.834    54.000     0.041      16       6    24.0    26.0
   104.134    31.706    21.834    54.000     0.023      48       3    26.0    26.0
   104.334    31.867    20.216    54.000     0.014      55       5     0.0    24.0
   104.319    31.854    20.216    54.000     0.043      20      36     2.0    24.0
   104.304    31.841    20.216    54.000     0.095      19      36     4.0    24.0
   104.290    31.828    20.216    54.000     0.113      19      36     6.0    24.0
   104.275    31.815    20.216    54.000     0.071      17      36     8.0    24.0
   104.260    31.802    20.216    54.000     0.034      18      35    10.0    24.0
   104.246    31.789    20.216    54.000     0.037      20      35    12.0    24.0
   104.231    31.776    20.216    54.000     0.031      83      32    14.0    24.0
   104.216    31.763    20.216    54.000     0.044      51      26    16.0    24.0
   104.202    31.750    20.216    54.000     0.037      51      19    18.0    24.0
   104.187    31.737    20.216    54.000     0.040      19       9    20.0    24.0
   104.172    31.724    20.216    54.000     0.051      73      35    22.0    24.0
   104.158    31.711    20.216    54.000     0.043      75      35    24.0    24.0
   104.143    31.698    20.216    54.000     0.027      75      35    26.0    24.0
   104.343    31.860    18.598    54.000     0.022      23       3     0.0    22.0
   104.328    31.847    18.598    54.000     0.020      54       3     2.0    22.0
   104.313    31.834    18.598    54.000     0.014      55       3     4.0    22.0
   104.298    31.821    18.598    54.000     0.014      18       7     6.0    22.0
   104.284    31.808    18.598    54.000     0.028      18      17     8.0    22.0
   104.269    31.795    18.598    54.000     0.012      20      27    10.0    22.0
   104.254    31.782    18.598    54.000     0.020      71       1    12.0    22.0
   104.240    31.769    18.598    54.000     0.026      88      32    14.0    22.0
   104.225    31.756    18.598    54.000     0.022      16      15    16.0    22.0
   104.210    31.743    18.598    54.000     0.028      14      22    18.0    22.0
   104.196    31.730    18.598    54.000     0.032      84      37    20.0    22.0
   104.181    31.717    18.598    54.000     0.027      17      36    22.0    22.0
   104.167    31.704    18.598    54.000     0.059      18      37    24.0    22.0
   104.152    31.691    18.598    54.000     0.090      17      37    26.0    22.0
   104.351    31.852    16.980    54.000     0.061      22       2     0.0    20.0
   104.337    31.839    16.980    54.000     0.062      19       3     2.0    20.0
   104.322    31.826    16.980    54.000     0.040      20       3     4.0    20.0
   104.307    31.813    16.980    54.000     0.025      99      18     6.0    20.0
   104.293    31.800    16.980    54.000     0.030      21       3     8.0    20.0
   104.278    31.787    16.980    54.000     0.022      15      10    10.0    20.0
   104.263    31.774    16.980    54.000     0.028      15       9    12.0    20.0
   104.249    31.761    16.980    54.000     0.024      61      21    14.0    20.0
   104.234    31.749    16.980    54.000     0.075      20      36    16.0    20.0
   104.219    31.736    16.980    54.000     0.109      18      36    18.0    20.0
   104.205    31.723    16.980    54.000     0.143      19      36    20.0    20.0
   104.190    31.710    16.980    54.000     0.120      35       1    22.0    20.0
   104.175    31.697    16.980    54.000     0.166      72       1    24.0    20.0
   104.161    31.684    16.980    54.000     0.117      22      36    26.0    20.0
   104.360    31.845    15.362    54.000     0.032      33      33     0.0    18.0
   104.346    31.832    15.362    54.000     0.041      34      25     2.0    18.0
   104.331    31.819    15.362    54.000     0.039      50       2     4.0    18.0
   104.316    31.806    15.362    54.000     0.036      90       8     6.0    18.0
   104.302    31.793    15.362    54.000     0.085      70      37     8.0    18.0
   104.287    31.780    15.362    54.000     0.066      70      37    10.0    18.0
   104.272    31.767    15.362    54.000     0.040      83       1    12.0    18.0
   104.258    31.754    15.362    54.000     0.035     100      37    14.0    18.0
   104.243    31.741    15.362    54.000     0.032      99      37    16.0    18.0
   104.228    31.728    15.362    54.000     0.017     100      37    18.0    18.0
   104.214    31.715    15.362    54.000     0.035      24      31    20.0    18.0
   104.199    31.702    15.362    54.000     0.058      57      36    22.0    18.0
   104.184    31.689    15.362    54.000     0.056      57      36    24.0    18.0
   104.170    31.676    15.362    54.000     0.069      20      10    26.0    18.0
   104.369    31.838    13.744    54.000     0.028       1      16     0.0    16.0
   104.355    31.825    13.744    54.000     0.029       1      20     2.0    16.0
   104.340    31.812    13.744    54.000     0.045       3      21     4.0    16.0
   104.325    31.799    13.744    54.000     0.060       1      21     6.0    16.0
   104.311    31.786    13.744    54.000     0.051       2      16     8.0    16.0
   104.296    31.773    13.744    54.000     0.034      33      10    10.0    16.0
   104.281    31.760    13.744    54.000     0.038      69      25    12.0    16.0
   104.267    31.747    13.744    54.000     0.060      70      26    14.0    16.0
   104.252    31.734    13.744    54.000     0.064      71      20    16.0    16.0
   104.237    31.721    13.744    54.000     0.034      69      20    18.0    16.0
   104.223    31.708    13.744    54.000     0.043      23       4    20.0    16.0
   104.208    31.695    13.744    54.000     0.064      22       3    22.0    16.0
   104.193    31.682    13.744    54.000     0.059      23       2    24.0    16.0
   104.179    31.669    13.744    54.000     0.052      49       2    26.0    16.0
   104.378    31.830    12.126    54.000     0.024      39       1     0.0    14.0
   104.364    31.817    12.126    54.000     0.014      40       2     2.0    14.0
   104.349    31.804    12.126    54.000     0.042      72       5     4.0    14.0
   104.334    31.791    12.126    54.000     0.040      70       2     6.0    14.0
   104.320    31.778    12.126    54.000     0.069      68       3     8.0    14.0
   104.305    31.765    12.126    54.000     0.076      35      34    10.0    14.0
   104.290    31.752    12.126    54.000     0.085      35      30    12.0    14.0
   104.275    31.739    12.126    54.000     0.109      36      26    14.0    14.0
   104.261    31.726    12.126    54.000     0.064      71      16    16.0    14.0
   104.246    31.713    12.126    54.000     0.138      71      25    18.0    14.0
   104.232    31.700    12.126    54.000     0.136      70      27    20.0    14.0
   104.217    31.688    12.126    54.000     0.073      70      32    22.0    14.0
   104.202    31.675    12.126    54.000     0.055      60       2    24.0    14.0
   104.188    31.662    12.126    54.000     0.028      95      23    26.0    14.0
   104.387    31.823    10.508    54.000     0.057       6       2     0.0    12.0
   104.372    31.810    10.508    54.000     0.044       4       2     2.0    12.0
   104.358    31.797    10.508    54.000     0.010      40      35     4.0    12.0
   104.343    31.784    10.508    54.000     0.005      32      33     6.0    12.0
   104.328    31.771    10.508    54.000     0.019      32      34     8.0    12.0
   104.314    31.758    10.508    54.000     0.032      61      37    10.0    12.0
   104.299    31.745    10.508    54.000     0.026      37      35    12.0    12.0
   104.284    31.732    10.508    54.000     0.059      36      32    14.0    12.0
   104.270    31.719    10.508    54.000     0.060      37      28    16.0    12.0
   104.255    31.706    10.508    54.000     0.042      37      12    18.0    12.0
   104.240    31.693    10.508    54.000     0.027      73      31    20.0    12.0
   104.226    31.680    10.508    54.000     0.080      64       2    22.0    12.0
   104.211    31.667    10.508    54.000     0.176      64       2    24.0    12.0
   104.197    31.654    10.508    54.000     0.141      64       2    26.0    12.0
   104.396    31.815     8.890    54.000     0.053      43      32     0.0    10.0
   104.381    31.802     8.890    54.000     0.055      31       1     2.0    10.0
   104.367    31.789     8.890    54.000     0.047      31       1     4.0    10.0
   104.352    31.777     8.890    54.000     0.036      72      34     6.0    10.0
   104.337    31.764     8.890    54.000     0.055      46      37     8.0    10.0
   104.323    31.751     8.890    54.000     0.050      57       1    10.0    10.0
   104.308    31.738     8.890    54.000     0.028      58       1    12.0    10.0
   104.293    31.725     8.890    54.000     0.021      34      15    14.0    10.0
   104.279    31.712     8.890    54.000     0.031      34      19    16.0    10.0
   104.264    31.699     8.890    54.000     0.089      36      32    18.0    10.0
   104.249    31.686     8.890    54.000     0.066      35      30    20.0    10.0
   104.235    31.673     8.890    54.000     0.080      33      30    22.0    10.0
   104.220    31.660     8.890    54.000     0.069      36      29    24.0    10.0
   104.205    31.647     8.890    54.000     0.047      33      27    26.0    10.0
   104.405    31.808     7.272    54.000     0.010      12      34     0.0     8.0
   104.390    31.795     7.272    54.000     0.024      12      35     2.0     8.0
   104.376    31.782     7.272    54.000     0.040      20      11     4.0     8.0
   104.361    31.769     7.272    54.000     0.059      14      24     6.0     8.0
   104.346    31.756     7.272    54.000     0.041      15      23     8.0     8.0
   104.332    31.743     7.272    54.000     0.019      46      12    10.0     8.0
   104.317    31.730     7.272    54.000     0.034      47      17    12.0     8.0
   104.302    31.717     7.272    54.000     0.035      83      29    14.0     8.0
   104.288    31.704     7.272    54.000     0.083      83      27    16.0     8.0
   104.273    31.691     7.272    54.000     0.057      82      25    18.0     8.0
   104.258    31.678     7.272    54.000     0.043      82      27    20.0     8.0
   104.244    31.665     7.272    54.000     0.056      39      31    22.0     8.0
   104.229    31.652     7.272    54.000     0.056      38      28    24.0     8.0
   104.214    31.639     7.272    54.000     0.078      38      33    26.0     8.0
   104.414    31.801     5.654    54.000     0.014      54      32     0.0     6.0
   104.399    31.788     5.654    54.000     0.012      85       9     2.0     6.0
   104.385    31.775     5.654    54.000     0.027      86       9     4.0     6.0
   104.370    31.762     5.654    54.000     0.046      85      10     6.0     6.0
   104.355    31.749     5.654    54.000     0.026      86       8     8.0     6.0
   104.341    31.736     5.654    54.000     0.026      17      36    10.0     6.0
   104.326    31.723     5.654    54.000     0.026      21      13    12.0     6.0
   104.311    31.710     5.654    54.000     0.054      21      32    14.0     6.0
   104.297    31.697     5.654    54.000     0.138      21      29    16.0     6.0
   104.282    31.684     5.654    54.000     0.084      21      31    18.0     6.0
   104.267    31.671     5.654    54.000     0.067      82      14    20.0     6.0
   104.253    31.658     5.654    54.000     0.110      81      30    22.0     6.0
   104.238    31.645     5.654    54.000     0.087      81      24    24.0     6.0
   104.223    31.632     5.654    54.000     0.045      77      32    26.0     6.0
   104.423    31.793     4.036    54.000     0.026      82       2     0.0     4.0
   104.408    31.780     4.036    54.000     0.038      82       3     2.0     4.0
   104.393    31.767     4.036    54.000     0.031      55      16     4.0     4.0
   104.379    31.754     4.036    54.000     0.032      56      17     6.0     4.0
   104.364    31.741     4.036    54.000     0.024      58      17     8.0     4.0
   104.349    31.728     4.036    54.000     0.012      57      18    10.0     4.0
   104.335    31.716     4.036    54.000     0.015      17      19    12.0     4.0
   104.320    31.703     4.036    54.000     0.016      15      20    14.0     4.0
   104.305    31.690     4.036    54.000     0.018      56      34    16.0     4.0
   104.291    31.677     4.036    54.000     0.038      49      16    18.0     4.0
   104.276    31.664     4.036    54.000     0.058      49      20    20.0     4.0
   104.261    31.651     4.036    54.000     0.056      22      33    22.0     4.0
   104.247    31.638     4.036    54.000     0.071      21      34    24.0     4.0
   104.232    31.625     4.036    54.000     0.075      21      34    26.0     4.0
   104.432    31.786     2.418    54.000     0.048      99      10     0.0     2.0
   104.417    31.773     2.418    54.000     0.050     100       9     2.0     2.0
   104.402    31.760     2.418    54.000     0.045      98      11     4.0     2.0
   104.388    31.747     2.418    54.000     0.031     100       3     6.0     2.0
   104.373    31.734     2.418    54.000     0.041     100       4     8.0     2.0
   104.358    31.721     2.418    54.000     0.059     100       4    10.0     2.0
   104.344    31.708     2.418    54.000     0.062      99       4    12.0     2.0
   104.329    31.695     2.418    54.000     0.038      97       3    14.0     2.0
   104.314    31.682     2.418    54.000     0.054      97       4    16.0     2.0
   104.300    31.669     2.418    54.000     0.052      95       4    18.0     2.0
   104.285    31.656     2.418    54.000     0.047     100      26    20.0     2.0
   104.270    31.643     2.418    54.000     0.078     100      10    22.0     2.0
   104.256    31.630     2.418    54.000     0.108     100      11    24.0     2.0
   104.241    31.617     2.418    54.000     0.136     100       9    26.0     2.0
   104.441    31.779     0.800    54.000     0.010       6       3     0.0     0.0
   104.426    31.766     0.800    54.000     0.023       5       3     2.0     0.0
   104.411    31.753     0.800    54.000     0.022       3       6     4.0     0.0
   104.397    31.740     0.800    54.000     0.021      71      17     6.0     0.0
   104.382    31.727     0.800    54.000     0.028       6       6     8.0     0.0
   104.367    31.714     0.800    54.000     0.025       6      10    10.0     0.0
   104.353    31.701     0.800    54.000     0.019      72      34    12.0     0.0
   104.338    31.688     0.800    54.000     0.027      98      34    14.0     0.0
   104.323    31.675     0.800    54.000     0.073      22       1    16.0     0.0
   104.309    31.662     0.800    54.000     0.033      21       1    18.0     0.0
   104.294    31.649     0.800    54.000     0.055     100       5    20.0     0.0
   104.279    31.636     0.800    54.000     0.088     100       5    22.0     0.0
   104.265    31.623     0.800    54.000     0.110     100       5    24.0     0.0
   104.250    31.610     0.800    54.000     0.115     100       8    26.0     0.0
