   105.691    32.980    38.388    70.000     0.010      47       3     0.0    40.0
   105.674    32.968    38.388    70.000     0.033      44       2     2.0    40.0
   105.658    32.957    38.388    70.000     0.033      96       2     4.0    40.0
   105.641    32.945    38.388    70.000     0.024      95       2     6.0    40.0
   105.625    32.934    38.388    70.000     0.029       4      33     8.0    40.0
   105.608    32.922    38.388    70.000     0.033       3      33    10.0    40.0
   105.592    32.911    38.388    70.000     0.040       1      33    12.0    40.0
   105.575    32.900    38.388    70.000     0.043       1      33    14.0    40.0
   105.559    32.888    38.388    70.000     0.019       1      37    16.0    40.0
   105.542    32.877    38.388    70.000     0.015      94      31    18.0    40.0
   105.526    32.865    38.388    70.000     0.018      60      34    20.0    40.0
   105.510    32.853    38.388    70.000     0.020      58      21    22.0    40.0
   105.493    32.842    38.388    70.000     0.018      55      18    24.0    40.0
   105.477    32.830    38.388    70.000     0.017      52      26    26.0    40.0
   105.460    32.819    38.388    70.000     0.030      58       1    28.0    40.0
   105.444    32.807    38.388    70.000     0.051      46      37    30.0    40.0
   105.427    32.796    38.388    70.000     0.053      46      28    32.0    40.0
   105.411    32.784    38.388    70.000     0.083      44      28    34.0    40.0
   105.395    32.773    38.388    70.000     0.107      45      29    36.0    40.0
   105.378    32.761    38.388    70.000     0.043      42      29    38.0    40.0
   105.362    32.750    38.388    70.000     0.073     100      17    40.0    40.0
   105.345    32.738    38.388    70.000     0.070     100      12    42.0    40.0
   105.329    32.727    38.388    70.000     0.056      99      19    44.0    40.0
   105.312    32.715    38.388    70.000     0.050     100       5    46.0    40.0
   105.296    32.704    38.388    70.000     0.022       6      35    48.0    40.0
   105.280    32.692    38.388    70.000     0.033       7      37    50.0    40.0
   105.263    32.681    38.388    70.000     0.020      48      36    52.0    40.0
   105.247    32.669    38.388    70.000     0.042      46      36    54.0    40.0
   105.231    32.658    38.388    70.000     0.068      45      36    56.0    40.0
   105.214    32.646    38.388    70.000     0.042      44      36    58.0    40.0
   105.198    32.634    38.388    70.000     0.018      48      28    60.0    40.0
   105.181    32.623    38.388    70.000     0.016       7      17    62.0    40.0
   105.165    32.611    38.388    70.000     0.007      49       7    64.0    40.0
   105.149    32.600    38.388    70.000     0.017      48       3    66.0    40.0
   105.132    32.588    38.388    70.000     0.014      98       4    68.0    40.0
   105.116    32.577    38.388    70.000     0.028      56      37    70.0    40.0
   105.100    32.565    38.388    70.000     0.027      43       1    72.0    40.0
   105.083    32.554    38.388    70.000     0.034      59      37    74.0    40.0
   105.067    32.542    38.388    70.000     0.040      44       4    76.0    40.0
   105.051    32.530    38.388    70.000     0.032      44       4    78.0    40.0
   105.034    32.519    38.388    70.000     0.030      94      37    80.0    40.0
   105.018    32.507    38.388    70.000     0.032      99      34    82.0    40.0
   105.002    32.496    38.388    70.000     0.058      99      30    84.0    40.0
   104.985    32.484    38.388    70.000     0.061      98      31    86.0    40.0
   104.969    32.473    38.388    70.000     0.025      98      30    88.0    40.0
   104.953    32.461    38.388    70.000     0.011      23       3    90.0    40.0
   104.936    32.449    38.388    70.000     0.013      21       6    92.0    40.0
   104.920    32.438    38.388    70.000     0.021      21       6    94.0    40.0
   104.904    32.426    38.388    70.000     0.017      18       3    96.0    40.0
   104.888    32.415    38.388    70.000     0.012      88       8    98.0    40.0
   104.871    32.403    38.388    70.000     0.012      91      10   100.0    40.0
   104.855    32.391    38.388    70.000     0.015      91       7   102.0    40.0
   104.839    32.380    38.388    70.000     0.012      61       6   104.0    40.0
   104.822    32.368    38.388    70.000     0.008      19      34   106.0    40.0
   104.806    32.357    38.388    70.000     0.006      95       5   108.0    40.0
   104.790    32.345    38.388    70.000     0.007      16       3   110.0    40.0
   104.774    32.333    38.388    70.000     0.021      71       8   112.0    40.0
   105.695    32.975    36.508    70.000     0.030      40       3     0.0    38.0
   105.679    32.964    36.508    70.000     0.017      55      37     2.0    38.0
   105.662    32.952    36.508    70.000     0.031      13      32     4.0    38.0
   105.646    32.941    36.508    70.000     0.036      12      33     6.0    38.0
   105.629    32.929    36.508    70.000     0.024      37      18     8.0    38.0
   105.613    32.918    36.508    70.000     0.019      43      34    10.0    38.0
   105.596    32.906    36.508    70.000     0.026      42      33    12.0    38.0
   105.580    32.895    36.508    70.000     0.020      43      33    14.0    38.0
   105.564    32.883    36.508    70.000     0.015      88       7    16.0    38.0
   105.547    32.872    36.508    70.000     0.027      63       7    18.0    38.0
   105.531    32.860    36.508    70.000     0.027      62       8    20.0    38.0
   105.514    32.849    36.508    70.000     0.040      61      10    22.0    38.0
   105.498    32.837    36.508    70.000     0.039      61      15    24.0    38.0
   105.481    32.826    36.508    70.000     0.045      60      32    26.0    38.0
   105.465    32.814    36.508    70.000     0.065      49       1    28.0    38.0
   105.448    32.803    36.508    70.000     0.079      49       1    30.0    38.0
   105.432    32.791    36.508    70.000     0.029      49       1    32.0    38.0
   105.416    32.780    36.508    70.000     0.031      11      18    34.0    38.0
   105.399    32.768    36.508    70.000     0.048      70      15    36.0    38.0
   105.383    32.757    36.508    70.000     0.038      71      23    38.0    38.0
   105.366    32.745    36.508    70.000     0.072      40      13    40.0    38.0
   105.350    32.734    36.508    70.000     0.051      39      12    42.0    38.0
   105.334    32.722    36.508    70.000     0.034      49      35    44.0    38.0
   105.317    32.711    36.508    70.000     0.032      12      36    46.0    38.0
   105.301    32.699    36.508    70.000     0.046      13      36    48.0    38.0
   105.284    32.687    36.508    70.000     0.055      52      16    50.0    38.0
   105.268    32.676    36.508    70.000     0.055      50      17    52.0    38.0
   105.252    32.664    36.508    70.000     0.033      48       7    54.0    38.0
   105.235    32.653    36.508    70.000     0.046      48       9    56.0    38.0
   105.219    32.641    36.508    70.000     0.023      46       9    58.0    38.0
   105.202    32.630    36.508    70.000     0.025      15      13    60.0    38.0
   105.186    32.618    36.508    70.000     0.015      97       2    62.0    38.0
   105.170    32.607    36.508    70.000     0.019      11      30    64.0    38.0
   105.153    32.595    36.508    70.000     0.030      12      29    66.0    38.0
   105.137    32.584    36.508    70.000     0.032       9      16    68.0    38.0
   105.121    32.572    36.508    70.000     0.031      93      29    70.0    38.0
   105.104    32.560    36.508    70.000     0.019      92      31    72.0    38.0
   105.088    32.549    36.508    70.000     0.012      12      37    74.0    38.0
   105.072    32.537    36.508    70.000     0.008      92      35    76.0    38.0
   105.055    32.526    36.508    70.000     0.005      20      15    78.0    38.0
   105.039    32.514    36.508    70.000     0.016      22      30    80.0    38.0
   105.023    32.503    36.508    70.000     0.013      21      31    82.0    38.0
   105.006    32.491    36.508    70.000     0.008      55      27    84.0    38.0
   104.990    32.479    36.508    70.000     0.015      98      18    86.0    38.0
   104.974    32.468    36.508    70.000     0.028      94      20    88.0    38.0
   104.957    32.456    36.508    70.000     0.037      94      16    90.0    38.0
   104.941    32.445    36.508    70.000     0.045      95      29    92.0    38.0
   104.925    32.433    36.508    70.000     0.028      96      32    94.0    38.0
   104.908    32.422    36.508    70.000     0.009      96      33    96.0    38.0
   104.892    32.410    36.508    70.000     0.012      98       4    98.0    38.0
   104.876    32.398    36.508    70.000     0.024      96       4   100.0    38.0
   104.860    32.387    36.508    70.000     0.019      97       4   102.0    38.0
   104.843    32.375    36.508    70.000     0.021      72       5   104.0    38.0
   104.827    32.364    36.508    70.000     0.007      72      17   106.0    38.0
   104.811    32.352    36.508    70.000     0.006      27      35   108.0    38.0
   104.795    32.340    36.508    70.000     0.021      60      34   110.0    38.0
   104.778    32.329    36.508    70.000     0.036      58      34   112.0    38.0
   105.700    32.970    34.629    70.000     0.036      20      36     0.0    36.0
   105.684    32.959    34.629    70.000     0.064      34       1     2.0    36.0
   105.667    32.947    34.629    70.000     0.071      35       1     4.0    36.0
   105.651    32.936    34.629    70.000     0.045      34       1     6.0    36.0
   105.634    32.924    34.629    70.000     0.022      48      35     8.0    36.0
   105.618    32.913    34.629    70.000     0.015      50      36    10.0    36.0
   105.601    32.901    34.629    70.000     0.019      62       3    12.0    36.0
   105.585    32.890    34.629    70.000     0.025      81      33    14.0    36.0
   105.568    32.879    34.629    70.000     0.026      79      35    16.0    36.0
   105.552    32.867    34.629    70.000     0.010      82      26    18.0    36.0
   105.535    32.856    34.629    70.000     0.019       1      30    20.0    36.0
   105.519    32.844    34.629    70.000     0.033       1      31    22.0    36.0
   105.502    32.832    34.629    70.000     0.024       1      29    24.0    36.0
   105.486    32.821    34.629    70.000     0.028      51       1    26.0    36.0
   105.470    32.809    34.629    70.000     0.026      65      37    28.0    36.0
   105.453    32.798    34.629    70.000     0.026      14       1    30.0    36.0
   105.437    32.786    34.629    70.000     0.022      92      37    32.0    36.0
   105.420    32.775    34.629    70.000     0.013      90      37    34.0    36.0
   105.404    32.763    34.629    70.000     0.021       7       1    36.0    36.0
   105.387    32.752    34.629    70.000     0.019      40      19    38.0    36.0
   105.371    32.740    34.629    70.000     0.019      40       8    40.0    36.0
   105.355    32.729    34.629    70.000     0.031      45      10    42.0    36.0
   105.338    32.717    34.629    70.000     0.028      42      37    44.0    36.0
   105.322    32.706    34.629    70.000     0.017      43      37    46.0    36.0
   105.305    32.694    34.629    70.000     0.009      43      37    48.0    36.0
   105.289    32.683    34.629    70.000     0.012      85      16    50.0    36.0
   105.273    32.671    34.629    70.000     0.025      53      17    52.0    36.0
   105.256    32.660    34.629    70.000     0.026      54      17    54.0    36.0
   105.240    32.648    34.629    70.000     0.007      54      19    56.0    36.0
   105.223    32.637    34.629    70.000     0.006      82       5    58.0    36.0
   105.207    32.625    34.629    70.000     0.011      38      24    60.0    36.0
   105.191    32.613    34.629    70.000     0.018      38      25    62.0    36.0
   105.174    32.602    34.629    70.000     0.008      38      12    64.0    36.0
   105.158    32.590    34.629    70.000     0.011      40      27    66.0    36.0
   105.142    32.579    34.629    70.000     0.022      39      17    68.0    36.0
   105.125    32.567    34.629    70.000     0.023      62       3    70.0    36.0
   105.109    32.556    34.629    70.000     0.036      40      10    72.0    36.0
   105.093    32.544    34.629    70.000     0.022      65       3    74.0    36.0
   105.076    32.533    34.629    70.000     0.023      62       6    76.0    36.0
   105.060    32.521    34.629    70.000     0.020      87      35    78.0    36.0
   105.044    32.509    34.629    70.000     0.023      88      34    80.0    36.0
   105.027    32.498    34.629    70.000     0.023      41      36    82.0    36.0
   105.011    32.486    34.629    70.000     0.030      64      34    84.0    36.0
   104.995    32.475    34.629    70.000     0.032      65      34    86.0    36.0
   104.978    32.463    34.629    70.000     0.038      63      34    88.0    36.0
   104.962    32.452    34.629    70.000     0.033      89       6    90.0    36.0
   104.946    32.440    34.629    70.000     0.019      86       1    92.0    36.0
   104.929    32.428    34.629    70.000     0.016      13       3    94.0    36.0
   104.913    32.417    34.629    70.000     0.011      12       3    96.0    36.0
   104.897    32.405    34.629    70.000     0.013      10       9    98.0    36.0
   104.881    32.394    34.629    70.000     0.010       8      25   100.0    36.0
   104.864    32.382    34.629    70.000     0.017      17      37   102.0    36.0
   104.848    32.370    34.629    70.000     0.020      16      37   104.0    36.0
   104.832    32.359    34.629    70.000     0.019      12      35   106.0    36.0
   104.815    32.347    34.629    70.000     0.019      12      34   108.0    36.0
   104.799    32.336    34.629    70.000     0.018      13      15   110.0    36.0
   104.783    32.324    34.629    70.000     0.023      89       4   112.0    36.0
   105.705    32.966    32.750    70.000     0.030      56      35     0.0    34.0
   105.688    32.954    32.750    70.000     0.039      56      35     2.0    34.0
   105.672    32.943    32.750    70.000     0.041      54      35     4.0    34.0
   105.655    32.931    32.750    70.000     0.034      90       1     6.0    34.0
   105.639    32.920    32.750    70.000     0.027      89       1     8.0    34.0
   105.622    32.908    32.750    70.000     0.017      86       2    10.0    34.0
   105.606    32.897    32.750    70.000     0.016      90       1    12.0    34.0
   105.589    32.885    32.750    70.000     0.028      56      11    14.0    34.0
   105.573    32.874    32.750    70.000     0.025      56       7    16.0    34.0
   105.556    32.862    32.750    70.000     0.045      56       5    18.0    34.0
   105.540    32.851    32.750    70.000     0.034      55       6    20.0    34.0
   105.524    32.839    32.750    70.000     0.011      53       7    22.0    34.0
   105.507    32.828    32.750    70.000     0.022      30      35    24.0    34.0
   105.491    32.816    32.750    70.000     0.077      29      35    26.0    34.0
   105.474    32.805    32.750    70.000     0.099      29      34    28.0    34.0
   105.458    32.793    32.750    70.000     0.136      29      35    30.0    34.0
   105.441    32.782    32.750    70.000     0.138      28      35    32.0    34.0
   105.425    32.770    32.750    70.000     0.085      27      35    34.0    34.0
   105.408    32.759    32.750    70.000     0.057      58      31    36.0    34.0
   105.392    32.747    32.750    70.000     0.032       1       5    38.0    34.0
   105.376    32.736    32.750    70.000     0.040      58       3    40.0    34.0
   105.359    32.724    32.750    70.000     0.081      58       2    42.0    34.0
   105.343    32.713    32.750    70.000     0.079      59       2    44.0    34.0
   105.326    32.701    32.750    70.000     0.091      59       2    46.0    34.0
   105.310    32.690    32.750    70.000     0.035      57       2    48.0    34.0
   105.294    32.678    32.750    70.000     0.025      42      27    50.0    34.0
   105.277    32.666    32.750    70.000     0.017      91       5    52.0    34.0
   105.261    32.655    32.750    70.000     0.019      90       2    54.0    34.0
   105.245    32.643    32.750    70.000     0.039      63       2    56.0    34.0
   105.228    32.632    32.750    70.000     0.046      65       2    58.0    34.0
   105.212    32.620    32.750    70.000     0.038      65       2    60.0    34.0
   105.195    32.609    32.750    70.000     0.019      61       2    62.0    34.0
   105.179    32.597    32.750    70.000     0.018      63       2    64.0    34.0
   105.163    32.586    32.750    70.000     0.006      90      34    66.0    34.0
   105.146    32.574    32.750    70.000     0.018      89      34    68.0    34.0
   105.130    32.562    32.750    70.000     0.011      91      35    70.0    34.0
   105.114    32.551    32.750    70.000     0.024      57      33    72.0    34.0
   105.097    32.539    32.750    70.000     0.028      85      35    74.0    34.0
   105.081    32.528    32.750    70.000     0.025      86      35    76.0    34.0
   105.065    32.516    32.750    70.000     0.033      84      36    78.0    34.0
   105.048    32.505    32.750    70.000     0.014      84      36    80.0    34.0
   105.032    32.493    32.750    70.000     0.014      89      10    82.0    34.0
   105.016    32.482    32.750    70.000     0.026      62       9    84.0    34.0
   104.999    32.470    32.750    70.000     0.022      64       6    86.0    34.0
   104.983    32.458    32.750    70.000     0.015      73      37    88.0    34.0
   104.967    32.447    32.750    70.000     0.015      65      31    90.0    34.0
   104.950    32.435    32.750    70.000     0.028      66      25    92.0    34.0
   104.934    32.424    32.750    70.000     0.064      66      32    94.0    34.0
   104.918    32.412    32.750    70.000     0.042      66      30    96.0    34.0
   104.902    32.400    32.750    70.000     0.025       3       7    98.0    34.0
   104.885    32.389    32.750    70.000     0.067       3      17   100.0    34.0
   104.869    32.377    32.750    70.000     0.051       4      17   102.0    34.0
   104.853    32.366    32.750    70.000     0.033       6      31   104.0    34.0
   104.836    32.354    32.750    70.000     0.015      47      21   106.0    34.0
   104.820    32.343    32.750    70.000     0.022      49      23   108.0    34.0
   104.804    32.331    32.750    70.000     0.037      50      23   110.0    34.0
   104.788    32.319    32.750    70.000     0.045      46      36   112.0    34.0
   105.709    32.961    30.870    70.000     0.011      14      37     0.0    32.0
   105.693    32.949    30.870    70.000     0.038      65      34     2.0    32.0
   105.676    32.938    30.870    70.000     0.038      66      33     4.0    32.0
   105.660    32.926    30.870    70.000     0.038      24      12     6.0    32.0
   105.643    32.915    30.870    70.000     0.037      22      11     8.0    32.0
   105.627    32.903    30.870    70.000     0.039      22      30    10.0    32.0
   105.610    32.892    30.870    70.000     0.026      22      29    12.0    32.0
   105.594    32.880    30.870    70.000     0.015       1       1    14.0    32.0
   105.578    32.869    30.870    70.000     0.018       1       1    16.0    32.0
   105.561    32.858    30.870    70.000     0.016      43      31    18.0    32.0
   105.545    32.846    30.870    70.000     0.021      78      32    20.0    32.0
   105.528    32.835    30.870    70.000     0.027      44      25    22.0    32.0
   105.512    32.823    30.870    70.000     0.020      42      23    24.0    32.0
   105.495    32.811    30.870    70.000     0.020     100       1    26.0    32.0
   105.479    32.800    30.870    70.000     0.030      99       2    28.0    32.0
   105.462    32.788    30.870    70.000     0.060      99       2    30.0    32.0
   105.446    32.777    30.870    70.000     0.035      99       2    32.0    32.0
   105.430    32.765    30.870    70.000     0.077      29      29    34.0    32.0
   105.413    32.754    30.870    70.000     0.142      29      27    36.0    32.0
   105.397    32.742    30.870    70.000     0.123      28      20    38.0    32.0
   105.380    32.731    30.870    70.000     0.104      27      16    40.0    32.0
   105.364    32.719    30.870    70.000     0.036      25       9    42.0    32.0
   105.348    32.708    30.870    70.000     0.024      87       5    44.0    32.0
   105.331    32.696    30.870    70.000     0.024      85       5    46.0    32.0
   105.315    32.685    30.870    70.000     0.018       1      36    48.0    32.0
   105.298    32.673    30.870    70.000     0.030      43      27    50.0    32.0
   105.282    32.662    30.870    70.000     0.028      43      26    52.0    32.0
   105.266    32.650    30.870    70.000     0.013      43      15    54.0    32.0
   105.249    32.639    30.870    70.000     0.010      29      36    56.0    32.0
   105.233    32.627    30.870    70.000     0.011      54      37    58.0    32.0
   105.216    32.616    30.870    70.000     0.009      68       1    60.0    32.0
   105.200    32.604    30.870    70.000     0.014      77      20    62.0    32.0
   105.184    32.592    30.870    70.000     0.011      77      15    64.0    32.0
   105.167    32.581    30.870    70.000     0.024      82       6    66.0    32.0
   105.151    32.569    30.870    70.000     0.038      80       5    68.0    32.0
   105.135    32.558    30.870    70.000     0.038      79       4    70.0    32.0
   105.118    32.546    30.870    70.000     0.020      79       5    72.0    32.0
   105.102    32.535    30.870    70.000     0.045       3      34    74.0    32.0
   105.086    32.523    30.870    70.000     0.043       3      34    76.0    32.0
   105.069    32.512    30.870    70.000     0.035       5      33    78.0    32.0
   105.053    32.500    30.870    70.000     0.025       4      32    80.0    32.0
   105.037    32.488    30.870    70.000     0.042      81      33    82.0    32.0
   105.020    32.477    30.870    70.000     0.047      80      33    84.0    32.0
   105.004    32.465    30.870    70.000     0.039      82      31    86.0    32.0
   104.988    32.454    30.870    70.000     0.045      82      31    88.0    32.0
   104.971    32.442    30.870    70.000     0.023      80      30    90.0    32.0
   104.955    32.431    30.870    70.000     0.032      22      37    92.0    32.0
   104.939    32.419    30.870    70.000     0.035       4       1    94.0    32.0
   104.923    32.407    30.870    70.000     0.036       3       2    96.0    32.0
   104.906    32.396    30.870    70.000     0.036      76       1    98.0    32.0
   104.890    32.384    30.870    70.000     0.055      92      37   100.0    32.0
   104.874    32.373    30.870    70.000     0.045      94      37   102.0    32.0
   104.857    32.361    30.870    70.000     0.015      63      37   104.0    32.0
   104.841    32.349    30.870    70.000     0.013      99      32   106.0    32.0
   104.825    32.338    30.870    70.000     0.020       3      33   108.0    32.0
   104.809    32.326    30.870    70.000     0.013       1      33   110.0    32.0
   104.792    32.315    30.870    70.000     0.007      42      32   112.0    32.0
   105.714    32.956    28.991    70.000     0.042      28       1     0.0    30.0
   105.697    32.945    28.991    70.000     0.038      29       1     2.0    30.0
   105.681    32.933    28.991    70.000     0.043      27       1     4.0    30.0
   105.665    32.922    28.991    70.000     0.027      26       2     6.0    30.0
   105.648    32.910    28.991    70.000     0.010       4       4     8.0    30.0
   105.632    32.899    28.991    70.000     0.018      73       4    10.0    30.0
   105.615    32.887    28.991    70.000     0.024      72       4    12.0    30.0
   105.599    32.876    28.991    70.000     0.022     100       8    14.0    30.0
   105.582    32.864    28.991    70.000     0.027     100       1    16.0    30.0
   105.566    32.853    28.991    70.000     0.035     100       1    18.0    30.0
   105.549    32.841    28.991    70.000     0.026      66       3    20.0    30.0
   105.533    32.830    28.991    70.000     0.021       8      31    22.0    30.0
   105.516    32.818    28.991    70.000     0.029       9      30    24.0    30.0
   105.500    32.807    28.991    70.000     0.057       8      31    26.0    30.0
   105.484    32.795    28.991    70.000     0.044       7      30    28.0    30.0
   105.467    32.784    28.991    70.000     0.046      72      35    30.0    30.0
   105.451    32.772    28.991    70.000     0.054      72      35    32.0    30.0
   105.434    32.761    28.991    70.000     0.087      69      35    34.0    30.0
   105.418    32.749    28.991    70.000     0.071      69      35    36.0    30.0
   105.401    32.738    28.991    70.000     0.038      67      35    38.0    30.0
   105.385    32.726    28.991    70.000     0.012      29      36    40.0    30.0
   105.369    32.715    28.991    70.000     0.023      27      37    42.0    30.0
   105.352    32.703    28.991    70.000     0.051      29      36    44.0    30.0
   105.336    32.692    28.991    70.000     0.061      43       1    46.0    30.0
   105.319    32.680    28.991    70.000     0.064      29      36    48.0    30.0
   105.303    32.668    28.991    70.000     0.017      44       1    50.0    30.0
   105.287    32.657    28.991    70.000     0.013      69      13    52.0    30.0
   105.270    32.645    28.991    70.000     0.025       1      25    54.0    30.0
   105.254    32.634    28.991    70.000     0.033      51       2    56.0    30.0
   105.237    32.622    28.991    70.000     0.056      78       2    58.0    30.0
   105.221    32.611    28.991    70.000     0.089      78       2    60.0    30.0
   105.205    32.599    28.991    70.000     0.037      51      19    62.0    30.0
   105.188    32.588    28.991    70.000     0.043      52      13    64.0    30.0
   105.172    32.576    28.991    70.000     0.034      52      29    66.0    30.0
   105.156    32.565    28.991    70.000     0.019      52      31    68.0    30.0
   105.139    32.553    28.991    70.000     0.014      91       7    70.0    30.0
   105.123    32.541    28.991    70.000     0.026      90       3    72.0    30.0
   105.107    32.530    28.991    70.000     0.033      91       3    74.0    30.0
   105.090    32.518    28.991    70.000     0.027      76      35    76.0    30.0
   105.074    32.507    28.991    70.000     0.026     100      35    78.0    30.0
   105.058    32.495    28.991    70.000     0.014     100      35    80.0    30.0
   105.041    32.484    28.991    70.000     0.015      78       5    82.0    30.0
   105.025    32.472    28.991    70.000     0.035      75       4    84.0    30.0
   105.009    32.461    28.991    70.000     0.065      75       5    86.0    30.0
   104.992    32.449    28.991    70.000     0.058      72       1    88.0    30.0
   104.976    32.437    28.991    70.000     0.057      86      37    90.0    30.0
   104.960    32.426    28.991    70.000     0.020      84      37    92.0    30.0
   104.943    32.414    28.991    70.000     0.018      23      26    94.0    30.0
   104.927    32.403    28.991    70.000     0.026      24      17    96.0    30.0
   104.911    32.391    28.991    70.000     0.036      21      24    98.0    30.0
   104.895    32.379    28.991    70.000     0.052      22      15   100.0    30.0
   104.878    32.368    28.991    70.000     0.033      22       9   102.0    30.0
   104.862    32.356    28.991    70.000     0.010      32      37   104.0    30.0
   104.846    32.345    28.991    70.000     0.010      33      37   106.0    30.0
   104.829    32.333    28.991    70.000     0.015      91      25   108.0    30.0
   104.813    32.321    28.991    70.000     0.022      92      21   110.0    30.0
   104.797    32.310    28.991    70.000     0.021      94       6   112.0    30.0
   105.719    32.951    27.111    70.000     0.026       8      35     0.0    28.0
   105.702    32.940    27.111    70.000     0.042       7      36     2.0    28.0
   105.686    32.928    27.111    70.000     0.047       6      36     4.0    28.0
   105.669    32.917    27.111    70.000     0.041       6      36     6.0    28.0
   105.653    32.905    27.111    70.000     0.054      69       4     8.0    28.0
   105.636    32.894    27.111    70.000     0.051      65      10    10.0    28.0
   105.620    32.882    27.111    70.000     0.053      66      29    12.0    28.0
   105.603    32.871    27.111    70.000     0.049      40       3    14.0    28.0
   105.587    32.860    27.111    70.000     0.035      43       2    16.0    28.0
   105.570    32.848    27.111    70.000     0.029      41       2    18.0    28.0
   105.554    32.837    27.111    70.000     0.038      38       2    20.0    28.0
   105.537    32.825    27.111    70.000     0.019      35       1    22.0    28.0
   105.521    32.813    27.111    70.000     0.023      32       1    24.0    28.0
   105.505    32.802    27.111    70.000     0.058      14      35    26.0    28.0
   105.488    32.790    27.111    70.000     0.089      13      35    28.0    28.0
   105.472    32.779    27.111    70.000     0.117      13      34    30.0    28.0
   105.455    32.767    27.111    70.000     0.172      11      34    32.0    28.0
   105.439    32.756    27.111    70.000     0.116      10      34    34.0    28.0
   105.422    32.744    27.111    70.000     0.018     100      36    36.0    28.0
   105.406    32.733    27.111    70.000     0.012      44      18    38.0    28.0
   105.390    32.721    27.111    70.000     0.014      11       3    40.0    28.0
   105.373    32.710    27.111    70.000     0.029      40       2    42.0    28.0
   105.357    32.698    27.111    70.000     0.040      41       1    44.0    28.0
   105.340    32.687    27.111    70.000     0.051      26      37    46.0    28.0
   105.324    32.675    27.111    70.000     0.051      71       4    48.0    28.0
   105.308    32.664    27.111    70.000     0.016      71       4    50.0    28.0
   105.291    32.652    27.111    70.000     0.010      72      19    52.0    28.0
   105.275    32.641    27.111    70.000     0.019      70      33    54.0    28.0
   105.259    32.629    27.111    70.000     0.040      70      33    56.0    28.0
   105.242    32.618    27.111    70.000     0.038      70      34    58.0    28.0
   105.226    32.606    27.111    70.000     0.017      66      35    60.0    28.0
   105.209    32.595    27.111    70.000     0.010      13       1    62.0    28.0
   105.193    32.583    27.111    70.000     0.014      29      11    64.0    28.0
   105.177    32.571    27.111    70.000     0.017      66      11    66.0    28.0
   105.160    32.560    27.111    70.000     0.023      97       4    68.0    28.0
   105.144    32.548    27.111    70.000     0.041      97       3    70.0    28.0
   105.128    32.537    27.111    70.000     0.028      98       3    72.0    28.0
   105.111    32.525    27.111    70.000     0.018      98       3    74.0    28.0
   105.095    32.514    27.111    70.000     0.012      15       1    76.0    28.0
   105.079    32.502    27.111    70.000     0.024      16       1    78.0    28.0
   105.062    32.490    27.111    70.000     0.028      74      23    80.0    28.0
   105.046    32.479    27.111    70.000     0.054      73      24    82.0    28.0
   105.030    32.467    27.111    70.000     0.056      75      26    84.0    28.0
   105.013    32.456    27.111    70.000     0.056      75      10    86.0    28.0
   104.997    32.444    27.111    70.000     0.049      75      13    88.0    28.0
   104.981    32.433    27.111    70.000     0.024      22       2    90.0    28.0
   104.964    32.421    27.111    70.000     0.015      23       2    92.0    28.0
   104.948    32.409    27.111    70.000     0.014      80      26    94.0    28.0
   104.932    32.398    27.111    70.000     0.030      77      36    96.0    28.0
   104.916    32.386    27.111    70.000     0.057      93       1    98.0    28.0
   104.899    32.375    27.111    70.000     0.034      93       1   100.0    28.0
   104.883    32.363    27.111    70.000     0.009      94       1   102.0    28.0
   104.867    32.352    27.111    70.000     0.008      25      36   104.0    28.0
   104.850    32.340    27.111    70.000     0.013      24      36   106.0    28.0
   104.834    32.328    27.111    70.000     0.009      57      26   108.0    28.0
   104.818    32.317    27.111    70.000     0.018      59      32   110.0    28.0
   104.802    32.305    27.111    70.000     0.025      56      32   112.0    28.0
   105.723    32.947    25.232    70.000     0.065      15       7     0.0    26.0
   105.707    32.935    25.232    70.000     0.050      14      12     2.0    26.0
   105.690    32.924    25.232    70.000     0.035       9      15     4.0    26.0
   105.674    32.912    25.232    70.000     0.024      11      32     6.0    26.0
   105.657    32.901    25.232    70.000     0.033       4      30     8.0    26.0
   105.641    32.889    25.232    70.000     0.022       6      31    10.0    26.0
   105.624    32.878    25.232    70.000     0.016       6      30    12.0    26.0
   105.608    32.866    25.232    70.000     0.026      32      13    14.0    26.0
   105.592    32.855    25.232    70.000     0.023      88       7    16.0    26.0
   105.575    32.843    25.232    70.000     0.021      33       5    18.0    26.0
   105.559    32.832    25.232    70.000     0.027      29      23    20.0    26.0
   105.542    32.820    25.232    70.000     0.025      29      29    22.0    26.0
   105.526    32.809    25.232    70.000     0.007      54      30    24.0    26.0
   105.509    32.797    25.232    70.000     0.006      10       5    26.0    26.0
   105.493    32.786    25.232    70.000     0.012      10       6    28.0    26.0
   105.476    32.774    25.232    70.000     0.028      13       5    30.0    26.0
   105.460    32.763    25.232    70.000     0.053      12      14    32.0    26.0
   105.444    32.751    25.232    70.000     0.080      14      29    34.0    26.0
   105.427    32.740    25.232    70.000     0.084      13      28    36.0    26.0
   105.411    32.728    25.232    70.000     0.065      12      28    38.0    26.0
   105.394    32.717    25.232    70.000     0.020      11      26    40.0    26.0
   105.378    32.705    25.232    70.000     0.010      11       4    42.0    26.0
   105.362    32.694    25.232    70.000     0.011      17      35    44.0    26.0
   105.345    32.682    25.232    70.000     0.009      19      34    46.0    26.0
   105.329    32.671    25.232    70.000     0.007      25      25    48.0    26.0
   105.312    32.659    25.232    70.000     0.020      12      36    50.0    26.0
   105.296    32.647    25.232    70.000     0.015      12      36    52.0    26.0
   105.280    32.636    25.232    70.000     0.012      10      37    54.0    26.0
   105.263    32.624    25.232    70.000     0.011      26       4    56.0    26.0
   105.247    32.613    25.232    70.000     0.012      35      37    58.0    26.0
   105.230    32.601    25.232    70.000     0.010      49       1    60.0    26.0
   105.214    32.590    25.232    70.000     0.011      93       1    62.0    26.0
   105.198    32.578    25.232    70.000     0.012      68      18    64.0    26.0
   105.181    32.567    25.232    70.000     0.014      38       2    66.0    26.0
   105.165    32.555    25.232    70.000     0.012      24      37    68.0    26.0
   105.149    32.544    25.232    70.000     0.016      13      12    70.0    26.0
   105.132    32.532    25.232    70.000     0.015      94      35    72.0    26.0
   105.116    32.520    25.232    70.000     0.041      92      36    74.0    26.0
   105.100    32.509    25.232    70.000     0.026      92      36    76.0    26.0
   105.083    32.497    25.232    70.000     0.013      63      37    78.0    26.0
   105.067    32.486    25.232    70.000     0.009      64      37    80.0    26.0
   105.051    32.474    25.232    70.000     0.005      19       1    82.0    26.0
   105.034    32.463    25.232    70.000     0.013      19       1    84.0    26.0
   105.018    32.451    25.232    70.000     0.015       2      17    86.0    26.0
   105.002    32.439    25.232    70.000     0.030      59       1    88.0    26.0
   104.985    32.428    25.232    70.000     0.049      72      37    90.0    26.0
   104.969    32.416    25.232    70.000     0.053      74      37    92.0    26.0
   104.953    32.405    25.232    70.000     0.047      58       1    94.0    26.0
   104.937    32.393    25.232    70.000     0.033      73      37    96.0    26.0
   104.920    32.382    25.232    70.000     0.032      88       2    98.0    26.0
   104.904    32.370    25.232    70.000     0.025      74      37   100.0    26.0
   104.888    32.358    25.232    70.000     0.017      18      32   102.0    26.0
   104.871    32.347    25.232    70.000     0.007      88       2   104.0    26.0
   104.855    32.335    25.232    70.000     0.011      86       4   106.0    26.0
   104.839    32.324    25.232    70.000     0.010      85       4   108.0    26.0
   104.823    32.312    25.232    70.000     0.017      86      33   110.0    26.0
   104.806    32.300    25.232    70.000     0.024      56      30   112.0    26.0
   105.728    32.942    23.353    70.000     0.035      11       1     0.0    24.0
   105.711    32.930    23.353    70.000     0.043       8       2     2.0    24.0
   105.695    32.919    23.353    70.000     0.093      61       1     4.0    24.0
   105.678    32.907    23.353    70.000     0.118      76      37     6.0    24.0
   105.662    32.896    23.353    70.000     0.140      75      37     8.0    24.0
   105.646    32.884    23.353    70.000     0.079      88       2    10.0    24.0
   105.629    32.873    23.353    70.000     0.039      88       2    12.0    24.0
   105.613    32.861    23.353    70.000     0.030       9      32    14.0    24.0
   105.596    32.850    23.353    70.000     0.039       9      31    16.0    24.0
   105.580    32.839    23.353    70.000     0.020       9      21    18.0    24.0
   105.563    32.827    23.353    70.000     0.033      59      33    20.0    24.0
   105.547    32.816    23.353    70.000     0.043      57      33    22.0    24.0
   105.530    32.804    23.353    70.000     0.037      81       2    24.0    24.0
   105.514    32.792    23.353    70.000     0.041      80       2    26.0    24.0
   105.497    32.781    23.353    70.000     0.044      83       2    28.0    24.0
   105.481    32.769    23.353    70.000     0.018      17       3    30.0    24.0
   105.465    32.758    23.353    70.000     0.018      20       1    32.0    24.0
   105.448    32.746    23.353    70.000     0.019      22       1    34.0    24.0
   105.432    32.735    23.353    70.000     0.032      23       1    36.0    24.0
   105.415    32.723    23.353    70.000     0.038      24       1    38.0    24.0
   105.399    32.712    23.353    70.000     0.057      24       1    40.0    24.0
   105.383    32.700    23.353    70.000     0.038      13      35    42.0    24.0
   105.366    32.689    23.353    70.000     0.057      14      34    44.0    24.0
   105.350    32.677    23.353    70.000     0.039      39      37    46.0    24.0
   105.333    32.666    23.353    70.000     0.016      39      37    48.0    24.0
   105.317    32.654    23.353    70.000     0.011      19      27    50.0    24.0
   105.301    32.643    23.353    70.000     0.012      86      31    52.0    24.0
   105.284    32.631    23.353    70.000     0.013      62       6    54.0    24.0
   105.268    32.620    23.353    70.000     0.018      63       6    56.0    24.0
   105.251    32.608    23.353    70.000     0.028      11      10    58.0    24.0
   105.235    32.597    23.353    70.000     0.038      11       8    60.0    24.0
   105.219    32.585    23.353    70.000     0.036      62      29    62.0    24.0
   105.202    32.573    23.353    70.000     0.043      61      12    64.0    24.0
   105.186    32.562    23.353    70.000     0.025      80       1    66.0    24.0
   105.170    32.550    23.353    70.000     0.022      59      36    68.0    24.0
   105.153    32.539    23.353    70.000     0.042      60      36    70.0    24.0
   105.137    32.527    23.353    70.000     0.064      59      36    72.0    24.0
   105.121    32.516    23.353    70.000     0.037      59      36    74.0    24.0
   105.104    32.504    23.353    70.000     0.029      60      36    76.0    24.0
   105.088    32.493    23.353    70.000     0.035      18      35    78.0    24.0
   105.072    32.481    23.353    70.000     0.041      18      33    80.0    24.0
   105.055    32.469    23.353    70.000     0.031      86      31    82.0    24.0
   105.039    32.458    23.353    70.000     0.036      88      31    84.0    24.0
   105.023    32.446    23.353    70.000     0.043      89      31    86.0    24.0
   105.006    32.435    23.353    70.000     0.046      89      28    88.0    24.0
   104.990    32.423    23.353    70.000     0.070       2      37    90.0    24.0
   104.974    32.412    23.353    70.000     0.091       1      36    92.0    24.0
   104.957    32.400    23.353    70.000     0.051       1      36    94.0    24.0
   104.941    32.388    23.353    70.000     0.028      71      37    96.0    24.0
   104.925    32.377    23.353    70.000     0.023      71      37    98.0    24.0
   104.909    32.365    23.353    70.000     0.012       7      26   100.0    24.0
   104.892    32.354    23.353    70.000     0.016      40      37   102.0    24.0
   104.876    32.342    23.353    70.000     0.018      52       1   104.0    24.0
   104.860    32.330    23.353    70.000     0.009      41      37   106.0    24.0
   104.844    32.319    23.353    70.000     0.017      74      12   108.0    24.0
   104.827    32.307    23.353    70.000     0.014      99      33   110.0    24.0
   104.811    32.296    23.353    70.000     0.006      74      20   112.0    24.0
   105.733    32.937    21.473    70.000     0.059      85      34     0.0    22.0
   105.716    32.926    21.473    70.000     0.059      87      33     2.0    22.0
   105.700    32.914    21.473    70.000     0.053      88      33     4.0    22.0
   105.683    32.903    21.473    70.000     0.038      84      34     6.0    22.0
   105.667    32.891    21.473    70.000     0.033      23       2     8.0    22.0
   105.650    32.880    21.473    70.000     0.035      48      31    10.0    22.0
   105.634    32.868    21.473    70.000     0.054      48      31    12.0    22.0
   105.617    32.857    21.473    70.000     0.075      48      31    14.0    22.0
   105.601    32.845    21.473    70.000     0.056      47      32    16.0    22.0
   105.584    32.834    21.473    70.000     0.040      46      30    18.0    22.0
   105.568    32.822    21.473    70.000     0.015      52       4    20.0    22.0
   105.551    32.811    21.473    70.000     0.012      16       2    22.0    22.0
   105.535    32.799    21.473    70.000     0.014      17       1    24.0    22.0
   105.519    32.788    21.473    70.000     0.028      25      34    26.0    22.0
   105.502    32.776    21.473    70.000     0.025      24      35    28.0    22.0
   105.486    32.765    21.473    70.000     0.010      26      35    30.0    22.0
   105.469    32.753    21.473    70.000     0.006      25      35    32.0    22.0
   105.453    32.742    21.473    70.000     0.022       1       7    34.0    22.0
   105.436    32.730    21.473    70.000     0.026      81      36    36.0    22.0
   105.420    32.719    21.473    70.000     0.034      80      36    38.0    22.0
   105.404    32.707    21.473    70.000     0.061       2      22    40.0    22.0
   105.387    32.696    21.473    70.000     0.045       1      15    42.0    22.0
   105.371    32.684    21.473    70.000     0.025       7      35    44.0    22.0
   105.354    32.673    21.473    70.000     0.014      80       6    46.0    22.0
   105.338    32.661    21.473    70.000     0.016      87      34    48.0    22.0
   105.322    32.650    21.473    70.000     0.012       1      37    50.0    22.0
   105.305    32.638    21.473    70.000     0.042      13       4    52.0    22.0
   105.289    32.626    21.473    70.000     0.080      13       3    54.0    22.0
   105.273    32.615    21.473    70.000     0.067      13       3    56.0    22.0
   105.256    32.603    21.473    70.000     0.058      12       4    58.0    22.0
   105.240    32.592    21.473    70.000     0.046      13      15    60.0    22.0
   105.223    32.580    21.473    70.000     0.036      13      11    62.0    22.0
   105.207    32.569    21.473    70.000     0.017      12      35    64.0    22.0
   105.191    32.557    21.473    70.000     0.009      96      37    66.0    22.0
   105.174    32.546    21.473    70.000     0.014      78       3    68.0    22.0
   105.158    32.534    21.473    70.000     0.010      75       3    70.0    22.0
   105.142    32.523    21.473    70.000     0.012      75       3    72.0    22.0
   105.125    32.511    21.473    70.000     0.016      28      27    74.0    22.0
   105.109    32.499    21.473    70.000     0.015      58      36    76.0    22.0
   105.093    32.488    21.473    70.000     0.015      58      36    78.0    22.0
   105.076    32.476    21.473    70.000     0.023      56      31    80.0    22.0
   105.060    32.465    21.473    70.000     0.063      58      29    82.0    22.0
   105.044    32.453    21.473    70.000     0.062      57      27    84.0    22.0
   105.027    32.442    21.473    70.000     0.049      59       9    86.0    22.0
   105.011    32.430    21.473    70.000     0.037      58       5    88.0    22.0
   104.995    32.418    21.473    70.000     0.019      38      37    90.0    22.0
   104.978    32.407    21.473    70.000     0.022      38      37    92.0    22.0
   104.962    32.395    21.473    70.000     0.019      38      37    94.0    22.0
   104.946    32.384    21.473    70.000     0.027      37      37    96.0    22.0
   104.930    32.372    21.473    70.000     0.023      23       1    98.0    22.0
   104.913    32.361    21.473    70.000     0.033       7      35   100.0    22.0
   104.897    32.349    21.473    70.000     0.032       8      37   102.0    22.0
   104.881    32.337    21.473    70.000     0.035      36      32   104.0    22.0
   104.864    32.326    21.473    70.000     0.023      74      25   106.0    22.0
   104.848    32.314    21.473    70.000     0.009      45      14   108.0    22.0
   104.832    32.303    21.473    70.000     0.014      43      15   110.0    22.0
   104.816    32.291    21.473    70.000     0.010      42      15   112.0    22.0
   105.737    32.932    19.594    70.000     0.013      46       2     0.0    20.0
   105.721    32.921    19.594    70.000     0.020      77       2     2.0    20.0
   105.704    32.909    19.594    70.000     0.050      77       2     4.0    20.0
   105.688    32.898    19.594    70.000     0.057      75       2     6.0    20.0
   105.671    32.886    19.594    70.000     0.044      80       2     8.0    20.0
   105.655    32.875    19.594    70.000     0.058      78       2    10.0    20.0
   105.638    32.863    19.594    70.000     0.021      81      19    12.0    20.0
   105.622    32.852    19.594    70.000     0.022      79      16    14.0    20.0
   105.605    32.840    19.594    70.000     0.034      22       2    16.0    20.0
   105.589    32.829    19.594    70.000     0.066      18      13    18.0    20.0
   105.573    32.818    19.594    70.000     0.103      16      16    20.0    20.0
   105.556    32.806    19.594    70.000     0.066      16       8    22.0    20.0
   105.540    32.795    19.594    70.000     0.038      18      20    24.0    20.0
   105.523    32.783    19.594    70.000     0.022      18      18    26.0    20.0
   105.507    32.771    19.594    70.000     0.035      21      33    28.0    20.0
   105.490    32.760    19.594    70.000     0.041      20      33    30.0    20.0
   105.474    32.748    19.594    70.000     0.041      18      33    32.0    20.0
   105.458    32.737    19.594    70.000     0.033      21      34    34.0    20.0
   105.441    32.725    19.594    70.000     0.026      24      32    36.0    20.0
   105.425    32.714    19.594    70.000     0.014      45      37    38.0    20.0
   105.408    32.702    19.594    70.000     0.010      45      37    40.0    20.0
   105.392    32.691    19.594    70.000     0.013      18       3    42.0    20.0
   105.375    32.679    19.594    70.000     0.011       8      33    44.0    20.0
   105.359    32.668    19.594    70.000     0.023       8      33    46.0    20.0
   105.343    32.656    19.594    70.000     0.022       9      28    48.0    20.0
   105.326    32.645    19.594    70.000     0.027       8      26    50.0    20.0
   105.310    32.633    19.594    70.000     0.012      35       1    52.0    20.0
   105.294    32.622    19.594    70.000     0.018      34       1    54.0    20.0
   105.277    32.610    19.594    70.000     0.018      34       1    56.0    20.0
   105.261    32.599    19.594    70.000     0.016      99       1    58.0    20.0
   105.244    32.587    19.594    70.000     0.019      86      37    60.0    20.0
   105.228    32.576    19.594    70.000     0.021      86      37    62.0    20.0
   105.212    32.564    19.594    70.000     0.017      74      19    64.0    20.0
   105.195    32.552    19.594    70.000     0.026      73       5    66.0    20.0
   105.179    32.541    19.594    70.000     0.017      72      16    68.0    20.0
   105.163    32.529    19.594    70.000     0.021      72      21    70.0    20.0
   105.146    32.518    19.594    70.000     0.013      66      14    72.0    20.0
   105.130    32.506    19.594    70.000     0.022      11       2    74.0    20.0
   105.114    32.495    19.594    70.000     0.026      12       3    76.0    20.0
   105.097    32.483    19.594    70.000     0.032      70      34    78.0    20.0
   105.081    32.472    19.594    70.000     0.036      63       5    80.0    20.0
   105.065    32.460    19.594    70.000     0.032      61       4    82.0    20.0
   105.048    32.448    19.594    70.000     0.016      58       6    84.0    20.0
   105.032    32.437    19.594    70.000     0.024      13      33    86.0    20.0
   105.016    32.425    19.594    70.000     0.041      14      37    88.0    20.0
   104.999    32.414    19.594    70.000     0.041      12      37    90.0    20.0
   104.983    32.402    19.594    70.000     0.038      10      37    92.0    20.0
   104.967    32.391    19.594    70.000     0.080      73       1    94.0    20.0
   104.951    32.379    19.594    70.000     0.068      73       1    96.0    20.0
   104.934    32.367    19.594    70.000     0.080      72       2    98.0    20.0
   104.918    32.356    19.594    70.000     0.112      74       4   100.0    20.0
   104.902    32.344    19.594    70.000     0.112      72       4   102.0    20.0
   104.885    32.333    19.594    70.000     0.049      70       2   104.0    20.0
   104.869    32.321    19.594    70.000     0.010      40       3   106.0    20.0
   104.853    32.309    19.594    70.000     0.020      37      24   108.0    20.0
   104.837    32.298    19.594    70.000     0.044      70      33   110.0    20.0
   104.820    32.286    19.594    70.000     0.055      72      35   112.0    20.0
   105.742    32.928    17.714    70.000     0.035      86       1     0.0    18.0
   105.725    32.916    17.714    70.000     0.024      98      36     2.0    18.0
   105.709    32.905    17.714    70.000     0.062      26      32     4.0    18.0
   105.692    32.893    17.714    70.000     0.039      27      36     6.0    18.0
   105.676    32.882    17.714    70.000     0.046      29      36     8.0    18.0
   105.660    32.870    17.714    70.000     0.031      28      36    10.0    18.0
   105.643    32.859    17.714    70.000     0.028      27      36    12.0    18.0
   105.627    32.847    17.714    70.000     0.015      65      11    14.0    18.0
   105.610    32.836    17.714    70.000     0.025      68       7    16.0    18.0
   105.594    32.824    17.714    70.000     0.016      93       5    18.0    18.0
   105.577    32.813    17.714    70.000     0.014      22       5    20.0    18.0
   105.561    32.801    17.714    70.000     0.020      22       5    22.0    18.0
   105.544    32.790    17.714    70.000     0.015      66      22    24.0    18.0
   105.528    32.778    17.714    70.000     0.021      66      29    26.0    18.0
   105.511    32.767    17.714    70.000     0.028      29      26    28.0    18.0
   105.495    32.755    17.714    70.000     0.049      28      26    30.0    18.0
   105.479    32.744    17.714    70.000     0.083      92      36    32.0    18.0
   105.462    32.732    17.714    70.000     0.067      23      29    34.0    18.0
   105.446    32.721    17.714    70.000     0.068      25      27    36.0    18.0
   105.429    32.709    17.714    70.000     0.035      98      34    38.0    18.0
   105.413    32.698    17.714    70.000     0.037      98      34    40.0    18.0
   105.397    32.686    17.714    70.000     0.021      22      37    42.0    18.0
   105.380    32.675    17.714    70.000     0.015      22      37    44.0    18.0
   105.364    32.663    17.714    70.000     0.027      91       1    46.0    18.0
   105.347    32.652    17.714    70.000     0.023      92       4    48.0    18.0
   105.331    32.640    17.714    70.000     0.023      10      25    50.0    18.0
   105.315    32.629    17.714    70.000     0.029       9      18    52.0    18.0
   105.298    32.617    17.714    70.000     0.013       7       9    54.0    18.0
   105.282    32.605    17.714    70.000     0.016       5       9    56.0    18.0
   105.265    32.594    17.714    70.000     0.024       4       9    58.0    18.0
   105.249    32.582    17.714    70.000     0.027      16      37    60.0    18.0
   105.233    32.571    17.714    70.000     0.021      90      36    62.0    18.0
   105.216    32.559    17.714    70.000     0.011      72       1    64.0    18.0
   105.200    32.548    17.714    70.000     0.010      71       1    66.0    18.0
   105.184    32.536    17.714    70.000     0.007      70       1    68.0    18.0
   105.167    32.525    17.714    70.000     0.008      43      37    70.0    18.0
   105.151    32.513    17.714    70.000     0.019      92      14    72.0    18.0
   105.135    32.502    17.714    70.000     0.023      92      16    74.0    18.0
   105.118    32.490    17.714    70.000     0.025      71      36    76.0    18.0
   105.102    32.478    17.714    70.000     0.025      48      37    78.0    18.0
   105.086    32.467    17.714    70.000     0.026      46      37    80.0    18.0
   105.069    32.455    17.714    70.000     0.020      44      34    82.0    18.0
   105.053    32.444    17.714    70.000     0.016      36       1    84.0    18.0
   105.037    32.432    17.714    70.000     0.017      45       4    86.0    18.0
   105.020    32.421    17.714    70.000     0.034      45       4    88.0    18.0
   105.004    32.409    17.714    70.000     0.088      54      37    90.0    18.0
   104.988    32.397    17.714    70.000     0.084      54      37    92.0    18.0
   104.971    32.386    17.714    70.000     0.120      39       1    94.0    18.0
   104.955    32.374    17.714    70.000     0.116      40       1    96.0    18.0
   104.939    32.363    17.714    70.000     0.064      40       1    98.0    18.0
   104.923    32.351    17.714    70.000     0.056      39       1   100.0    18.0
   104.906    32.339    17.714    70.000     0.079      40       1   102.0    18.0
   104.890    32.328    17.714    70.000     0.046      38       1   104.0    18.0
   104.874    32.316    17.714    70.000     0.020      52      37   106.0    18.0
   104.858    32.305    17.714    70.000     0.010      10       1   108.0    18.0
   104.841    32.293    17.714    70.000     0.009       8       2   110.0    18.0
   104.825    32.282    17.714    70.000     0.010      97       6   112.0    18.0
   105.747    32.923    15.835    70.000     0.021      30       2     0.0    16.0
   105.730    32.911    15.835    70.000     0.025      97      10     2.0    16.0
   105.714    32.900    15.835    70.000     0.040     100      15     4.0    16.0
   105.697    32.888    15.835    70.000     0.037      97      15     6.0    16.0
   105.681    32.877    15.835    70.000     0.020      96       2     8.0    16.0
   105.664    32.865    15.835    70.000     0.018      69       2    10.0    16.0
   105.648    32.854    15.835    70.000     0.039      31      34    12.0    16.0
   105.631    32.842    15.835    70.000     0.060      28      34    14.0    16.0
   105.615    32.831    15.835    70.000     0.065      28      34    16.0    16.0
   105.598    32.819    15.835    70.000     0.017      27      32    18.0    16.0
   105.582    32.808    15.835    70.000     0.010      75      25    20.0    16.0
   105.565    32.797    15.835    70.000     0.035      76      26    22.0    16.0
   105.549    32.785    15.835    70.000     0.022      32       3    24.0    16.0
   105.533    32.774    15.835    70.000     0.035       2       1    26.0    16.0
   105.516    32.762    15.835    70.000     0.046       1       1    28.0    16.0
   105.500    32.750    15.835    70.000     0.051      32       3    30.0    16.0
   105.483    32.739    15.835    70.000     0.039      35      25    32.0    16.0
   105.467    32.727    15.835    70.000     0.066      35      32    34.0    16.0
   105.450    32.716    15.835    70.000     0.080      35      33    36.0    16.0
   105.434    32.704    15.835    70.000     0.078      95      22    38.0    16.0
   105.418    32.693    15.835    70.000     0.093       6       1    40.0    16.0
   105.401    32.681    15.835    70.000     0.067       7       1    42.0    16.0
   105.385    32.670    15.835    70.000     0.032       6       1    44.0    16.0
   105.368    32.658    15.835    70.000     0.021       6       1    46.0    16.0
   105.352    32.647    15.835    70.000     0.010      98      36    48.0    16.0
   105.336    32.635    15.835    70.000     0.016     100       7    50.0    16.0
   105.319    32.624    15.835    70.000     0.006      98       9    52.0    16.0
   105.303    32.612    15.835    70.000     0.008      16       2    54.0    16.0
   105.287    32.601    15.835    70.000     0.017      16       2    56.0    16.0
   105.270    32.589    15.835    70.000     0.041      16       2    58.0    16.0
   105.254    32.578    15.835    70.000     0.024      16       2    60.0    16.0
   105.237    32.566    15.835    70.000     0.011      67       1    62.0    16.0
   105.221    32.555    15.835    70.000     0.016      74      37    64.0    16.0
   105.205    32.543    15.835    70.000     0.036      62       5    66.0    16.0
   105.188    32.531    15.835    70.000     0.034      48      37    68.0    16.0
   105.172    32.520    15.835    70.000     0.023      46      35    70.0    16.0
   105.156    32.508    15.835    70.000     0.038      44      36    72.0    16.0
   105.139    32.497    15.835    70.000     0.017      43      35    74.0    16.0
   105.123    32.485    15.835    70.000     0.007      39      25    76.0    16.0
   105.107    32.474    15.835    70.000     0.016       7       1    78.0    16.0
   105.090    32.462    15.835    70.000     0.025       8       1    80.0    16.0
   105.074    32.451    15.835    70.000     0.015      47      13    82.0    16.0
   105.058    32.439    15.835    70.000     0.044      47      13    84.0    16.0
   105.041    32.427    15.835    70.000     0.036      45       9    86.0    16.0
   105.025    32.416    15.835    70.000     0.040      25      37    88.0    16.0
   105.009    32.404    15.835    70.000     0.022      24      37    90.0    16.0
   104.992    32.393    15.835    70.000     0.008      48      30    92.0    16.0
   104.976    32.381    15.835    70.000     0.010      48      25    94.0    16.0
   104.960    32.370    15.835    70.000     0.009      60       2    96.0    16.0
   104.944    32.358    15.835    70.000     0.012      60       2    98.0    16.0
   104.927    32.346    15.835    70.000     0.011      86       9   100.0    16.0
   104.911    32.335    15.835    70.000     0.014      86      11   102.0    16.0
   104.895    32.323    15.835    70.000     0.023      85      11   104.0    16.0
   104.878    32.312    15.835    70.000     0.030       6       1   106.0    16.0
   104.862    32.300    15.835    70.000     0.022      84      31   108.0    16.0
   104.846    32.288    15.835    70.000     0.040      53      28   110.0    16.0
   104.830    32.277    15.835    70.000     0.025      53      30   112.0    16.0
   105.751    32.918    13.956    70.000     0.056      44      27     0.0    14.0
   105.735    32.907    13.956    70.000     0.034      44      33     2.0    14.0
   105.718    32.895    13.956    70.000     0.044      45      36     4.0    14.0
   105.702    32.884    13.956    70.000     0.041      69      34     6.0    14.0
   105.685    32.872    13.956    70.000     0.033      69      34     8.0    14.0
   105.669    32.861    13.956    70.000     0.045      69      34    10.0    14.0
   105.652    32.849    13.956    70.000     0.023      68      33    12.0    14.0
   105.636    32.838    13.956    70.000     0.027      63      33    14.0    14.0
   105.619    32.826    13.956    70.000     0.034      34      33    16.0    14.0
   105.603    32.815    13.956    70.000     0.060      29      31    18.0    14.0
   105.587    32.803    13.956    70.000     0.054      30      30    20.0    14.0
   105.570    32.792    13.956    70.000     0.025      27      30    22.0    14.0
   105.554    32.780    13.956    70.000     0.017       2      12    24.0    14.0
   105.537    32.769    13.956    70.000     0.024       5      13    26.0    14.0
   105.521    32.757    13.956    70.000     0.026      94       2    28.0    14.0
   105.504    32.746    13.956    70.000     0.052      63       3    30.0    14.0
   105.488    32.734    13.956    70.000     0.064      44      32    32.0    14.0
   105.472    32.723    13.956    70.000     0.035      44      31    34.0    14.0
   105.455    32.711    13.956    70.000     0.023      47      30    36.0    14.0
   105.439    32.700    13.956    70.000     0.022      47       6    38.0    14.0
   105.422    32.688    13.956    70.000     0.034      93      34    40.0    14.0
   105.406    32.677    13.956    70.000     0.023      80       1    42.0    14.0
   105.389    32.665    13.956    70.000     0.027      78       1    44.0    14.0
   105.373    32.654    13.956    70.000     0.018      77       1    46.0    14.0
   105.357    32.642    13.956    70.000     0.005      25      24    48.0    14.0
   105.340    32.631    13.956    70.000     0.005      22      24    50.0    14.0
   105.324    32.619    13.956    70.000     0.016      54       3    52.0    14.0
   105.308    32.607    13.956    70.000     0.011      54       3    54.0    14.0
   105.291    32.596    13.956    70.000     0.014      30       5    56.0    14.0
   105.275    32.584    13.956    70.000     0.021      24       2    58.0    14.0
   105.258    32.573    13.956    70.000     0.013      31      29    60.0    14.0
   105.242    32.561    13.956    70.000     0.026      32      24    62.0    14.0
   105.226    32.550    13.956    70.000     0.023      33      27    64.0    14.0
   105.209    32.538    13.956    70.000     0.019      59      13    66.0    14.0
   105.193    32.527    13.956    70.000     0.024       2      36    68.0    14.0
   105.177    32.515    13.956    70.000     0.028      52      16    70.0    14.0
   105.160    32.504    13.956    70.000     0.023      93       1    72.0    14.0
   105.144    32.492    13.956    70.000     0.025      47      16    74.0    14.0
   105.128    32.480    13.956    70.000     0.040      47      17    76.0    14.0
   105.111    32.469    13.956    70.000     0.034      20       2    78.0    14.0
   105.095    32.457    13.956    70.000     0.029      75       3    80.0    14.0
   105.079    32.446    13.956    70.000     0.021      74       5    82.0    14.0
   105.062    32.434    13.956    70.000     0.018      75       5    84.0    14.0
   105.046    32.423    13.956    70.000     0.007      77       3    86.0    14.0
   105.030    32.411    13.956    70.000     0.009      32       2    88.0    14.0
   105.013    32.400    13.956    70.000     0.023      31       1    90.0    14.0
   104.997    32.388    13.956    70.000     0.031      30       2    92.0    14.0
   104.981    32.376    13.956    70.000     0.052      56       4    94.0    14.0
   104.965    32.365    13.956    70.000     0.059      57       3    96.0    14.0
   104.948    32.353    13.956    70.000     0.057      73      37    98.0    14.0
   104.932    32.342    13.956    70.000     0.076      54       6   100.0    14.0
   104.916    32.330    13.956    70.000     0.049      51       6   102.0    14.0
   104.899    32.318    13.956    70.000     0.034      52      28   104.0    14.0
   104.883    32.307    13.956    70.000     0.029      27       2   106.0    14.0
   104.867    32.295    13.956    70.000     0.020      84      11   108.0    14.0
   104.851    32.284    13.956    70.000     0.019      83       9   110.0    14.0
   104.834    32.272    13.956    70.000     0.026      82       5   112.0    14.0
   105.756    32.913    12.076    70.000     0.021      85      22     0.0    12.0
   105.739    32.902    12.076    70.000     0.010      86      27     2.0    12.0
   105.723    32.890    12.076    70.000     0.018      83      35     4.0    12.0
   105.706    32.879    12.076    70.000     0.018      77      34     6.0    12.0
   105.690    32.867    12.076    70.000     0.030      47      19     8.0    12.0
   105.673    32.856    12.076    70.000     0.031      47      28    10.0    12.0
   105.657    32.844    12.076    70.000     0.020      48      35    12.0    12.0
   105.641    32.833    12.076    70.000     0.021       4       5    14.0    12.0
   105.624    32.821    12.076    70.000     0.021       2       4    16.0    12.0
   105.608    32.810    12.076    70.000     0.020       2       4    18.0    12.0
   105.591    32.799    12.076    70.000     0.024       1       7    20.0    12.0
   105.575    32.787    12.076    70.000     0.017      32      18    22.0    12.0
   105.558    32.776    12.076    70.000     0.027      30      20    24.0    12.0
   105.542    32.764    12.076    70.000     0.027      29      37    26.0    12.0
   105.525    32.752    12.076    70.000     0.014      27      37    28.0    12.0
   105.509    32.741    12.076    70.000     0.025       5      37    30.0    12.0
   105.493    32.729    12.076    70.000     0.026      30      37    32.0    12.0
   105.476    32.718    12.076    70.000     0.018      48      23    34.0    12.0
   105.460    32.706    12.076    70.000     0.018      47      26    36.0    12.0
   105.443    32.695    12.076    70.000     0.012      76       7    38.0    12.0
   105.427    32.683    12.076    70.000     0.021      10      35    40.0    12.0
   105.411    32.672    12.076    70.000     0.019      79       1    42.0    12.0
   105.394    32.660    12.076    70.000     0.046      78       1    44.0    12.0
   105.378    32.649    12.076    70.000     0.030      93      37    46.0    12.0
   105.361    32.637    12.076    70.000     0.020      22      17    48.0    12.0
   105.345    32.626    12.076    70.000     0.020      24      21    50.0    12.0
   105.329    32.614    12.076    70.000     0.014      96      12    52.0    12.0
   105.312    32.603    12.076    70.000     0.050      34       3    54.0    12.0
   105.296    32.591    12.076    70.000     0.058      36       4    56.0    12.0
   105.279    32.580    12.076    70.000     0.070       9       2    58.0    12.0
   105.263    32.568    12.076    70.000     0.034      33       2    60.0    12.0
   105.247    32.557    12.076    70.000     0.022      10      15    62.0    12.0
   105.230    32.545    12.076    70.000     0.047      84       1    64.0    12.0
   105.214    32.534    12.076    70.000     0.042      82       1    66.0    12.0
   105.198    32.522    12.076    70.000     0.045      10      36    68.0    12.0
   105.181    32.510    12.076    70.000     0.053      10      36    70.0    12.0
   105.165    32.499    12.076    70.000     0.041      47       1    72.0    12.0
   105.149    32.487    12.076    70.000     0.013      31      35    74.0    12.0
   105.132    32.476    12.076    70.000     0.006      33       3    76.0    12.0
   105.116    32.464    12.076    70.000     0.030      32       4    78.0    12.0
   105.100    32.453    12.076    70.000     0.047      33       6    80.0    12.0
   105.083    32.441    12.076    70.000     0.036      32       6    82.0    12.0
   105.067    32.429    12.076    70.000     0.058      33       9    84.0    12.0
   105.051    32.418    12.076    70.000     0.066      33      12    86.0    12.0
   105.034    32.406    12.076    70.000     0.057      33      25    88.0    12.0
   105.018    32.395    12.076    70.000     0.034      32      30    90.0    12.0
   105.002    32.383    12.076    70.000     0.025      31      31    92.0    12.0
   104.985    32.372    12.076    70.000     0.008      88      21    94.0    12.0
   104.969    32.360    12.076    70.000     0.019      13       4    96.0    12.0
   104.953    32.348    12.076    70.000     0.013      84       1    98.0    12.0
   104.937    32.337    12.076    70.000     0.026      85       1   100.0    12.0
   104.920    32.325    12.076    70.000     0.021      13      30   102.0    12.0
   104.904    32.314    12.076    70.000     0.022       8      37   104.0    12.0
   104.888    32.302    12.076    70.000     0.064      18       8   106.0    12.0
   104.872    32.291    12.076    70.000     0.063      17       7   108.0    12.0
   104.855    32.279    12.076    70.000     0.057      19      11   110.0    12.0
   104.839    32.267    12.076    70.000     0.042      19      31   112.0    12.0
   105.761    32.909    10.197    70.000     0.029      83      36     0.0    10.0
   105.744    32.897    10.197    70.000     0.040      83      35     2.0    10.0
   105.728    32.886    10.197    70.000     0.067      84      35     4.0    10.0
   105.711    32.874    10.197    70.000     0.062      84      34     6.0    10.0
   105.695    32.863    10.197    70.000     0.077      87      34     8.0    10.0
   105.678    32.851    10.197    70.000     0.091      86      33    10.0    10.0
   105.662    32.840    10.197    70.000     0.040      10      33    12.0    10.0
   105.645    32.828    10.197    70.000     0.039       8      33    14.0    10.0
   105.629    32.817    10.197    70.000     0.031      12       8    16.0    10.0
   105.612    32.805    10.197    70.000     0.027      38       4    18.0    10.0
   105.596    32.794    10.197    70.000     0.022      39       4    20.0    10.0
   105.579    32.782    10.197    70.000     0.020      39       6    22.0    10.0
   105.563    32.771    10.197    70.000     0.015      49       1    24.0    10.0
   105.547    32.759    10.197    70.000     0.033      47       1    26.0    10.0
   105.530    32.748    10.197    70.000     0.033      47       2    28.0    10.0
   105.514    32.736    10.197    70.000     0.026      45       2    30.0    10.0
   105.497    32.725    10.197    70.000     0.020      81       6    32.0    10.0
   105.481    32.713    10.197    70.000     0.014      79       9    34.0    10.0
   105.464    32.702    10.197    70.000     0.031      80      11    36.0    10.0
   105.448    32.690    10.197    70.000     0.038      79      23    38.0    10.0
   105.432    32.679    10.197    70.000     0.023      80      25    40.0    10.0
   105.415    32.667    10.197    70.000     0.029      81      36    42.0    10.0
   105.399    32.656    10.197    70.000     0.029      81      36    44.0    10.0
   105.382    32.644    10.197    70.000     0.021      85      34    46.0    10.0
   105.366    32.633    10.197    70.000     0.020      87      34    48.0    10.0
   105.350    32.621    10.197    70.000     0.031      86      32    50.0    10.0
   105.333    32.610    10.197    70.000     0.017      29      32    52.0    10.0
   105.317    32.598    10.197    70.000     0.039      28      35    54.0    10.0
   105.300    32.586    10.197    70.000     0.031      25      35    56.0    10.0
   105.284    32.575    10.197    70.000     0.018       1      30    58.0    10.0
   105.268    32.563    10.197    70.000     0.020      47      10    60.0    10.0
   105.251    32.552    10.197    70.000     0.017      45      11    62.0    10.0
   105.235    32.540    10.197    70.000     0.013      47      16    64.0    10.0
   105.219    32.529    10.197    70.000     0.016      19      34    66.0    10.0
   105.202    32.517    10.197    70.000     0.038      20      34    68.0    10.0
   105.186    32.506    10.197    70.000     0.030      21      36    70.0    10.0
   105.170    32.494    10.197    70.000     0.060      95      36    72.0    10.0
   105.153    32.483    10.197    70.000     0.054      94      36    74.0    10.0
   105.137    32.471    10.197    70.000     0.054      50      36    76.0    10.0
   105.121    32.459    10.197    70.000     0.091      49      36    78.0    10.0
   105.104    32.448    10.197    70.000     0.071      48      36    80.0    10.0
   105.088    32.436    10.197    70.000     0.048       4      32    82.0    10.0
   105.072    32.425    10.197    70.000     0.032       4      31    84.0    10.0
   105.055    32.413    10.197    70.000     0.019      95       5    86.0    10.0
   105.039    32.402    10.197    70.000     0.042      38      37    88.0    10.0
   105.023    32.390    10.197    70.000     0.105      36      37    90.0    10.0
   105.006    32.378    10.197    70.000     0.091      36      37    92.0    10.0
   104.990    32.367    10.197    70.000     0.073      50       1    94.0    10.0
   104.974    32.355    10.197    70.000     0.072      64      37    96.0    10.0
   104.958    32.344    10.197    70.000     0.044      32      37    98.0    10.0
   104.941    32.332    10.197    70.000     0.027      34      37   100.0    10.0
   104.925    32.321    10.197    70.000     0.022      35      37   102.0    10.0
   104.909    32.309    10.197    70.000     0.025      32      37   104.0    10.0
   104.892    32.297    10.197    70.000     0.018      68       3   106.0    10.0
   104.876    32.286    10.197    70.000     0.025      66       3   108.0    10.0
   104.860    32.274    10.197    70.000     0.038      95      36   110.0    10.0
   104.844    32.263    10.197    70.000     0.046      63       3   112.0    10.0
   105.765    32.904     8.318    70.000     0.010      51      36     0.0     8.0
   105.749    32.892     8.318    70.000     0.008      15       2     2.0     8.0
   105.732    32.881     8.318    70.000     0.009      12       3     4.0     8.0
   105.716    32.869     8.318    70.000     0.006      12       3     6.0     8.0
   105.699    32.858     8.318    70.000     0.008      44      34     8.0     8.0
   105.683    32.846     8.318    70.000     0.015      11      34    10.0     8.0
   105.666    32.835     8.318    70.000     0.032      12      33    12.0     8.0
   105.650    32.823     8.318    70.000     0.093      14      32    14.0     8.0
   105.633    32.812     8.318    70.000     0.117      12      31    16.0     8.0
   105.617    32.800     8.318    70.000     0.133      10      31    18.0     8.0
   105.601    32.789     8.318    70.000     0.090      46      28    20.0     8.0
   105.584    32.778     8.318    70.000     0.111      50       6    22.0     8.0
   105.568    32.766     8.318    70.000     0.075      47      11    24.0     8.0
   105.551    32.755     8.318    70.000     0.052      46       4    26.0     8.0
   105.535    32.743     8.318    70.000     0.028       9       2    28.0     8.0
   105.518    32.731     8.318    70.000     0.028      78       3    30.0     8.0
   105.502    32.720     8.318    70.000     0.015      67      37    32.0     8.0
   105.485    32.708     8.318    70.000     0.011      82       2    34.0     8.0
   105.469    32.697     8.318    70.000     0.012      58       2    36.0     8.0
   105.453    32.685     8.318    70.000     0.010      13      36    38.0     8.0
   105.436    32.674     8.318    70.000     0.015      59       2    40.0     8.0
   105.420    32.662     8.318    70.000     0.030      60       3    42.0     8.0
   105.403    32.651     8.318    70.000     0.038      60       3    44.0     8.0
   105.387    32.639     8.318    70.000     0.018      60       3    46.0     8.0
   105.371    32.628     8.318    70.000     0.024       7      32    48.0     8.0
   105.354    32.616     8.318    70.000     0.014       6      24    50.0     8.0
   105.338    32.605     8.318    70.000     0.029       5       4    52.0     8.0
   105.322    32.593     8.318    70.000     0.039       5       4    54.0     8.0
   105.305    32.582     8.318    70.000     0.049       2       3    56.0     8.0
   105.289    32.570     8.318    70.000     0.024       2       3    58.0     8.0
   105.272    32.559     8.318    70.000     0.019      49       1    60.0     8.0
   105.256    32.547     8.318    70.000     0.033      50       1    62.0     8.0
   105.240    32.536     8.318    70.000     0.011       1      33    64.0     8.0
   105.223    32.524     8.318    70.000     0.016      28      35    66.0     8.0
   105.207    32.512     8.318    70.000     0.025      28      35    68.0     8.0
   105.191    32.501     8.318    70.000     0.023      79       1    70.0     8.0
   105.174    32.489     8.318    70.000     0.027      35       6    72.0     8.0
   105.158    32.478     8.318    70.000     0.018      61      28    74.0     8.0
   105.142    32.466     8.318    70.000     0.035      57      32    76.0     8.0
   105.125    32.455     8.318    70.000     0.041      55      32    78.0     8.0
   105.109    32.443     8.318    70.000     0.046      55      32    80.0     8.0
   105.093    32.432     8.318    70.000     0.015      93      15    82.0     8.0
   105.076    32.420     8.318    70.000     0.016      95      11    84.0     8.0
   105.060    32.408     8.318    70.000     0.029       3      37    86.0     8.0
   105.044    32.397     8.318    70.000     0.047      16       1    88.0     8.0
   105.027    32.385     8.318    70.000     0.107       3      37    90.0     8.0
   105.011    32.374     8.318    70.000     0.088       3      37    92.0     8.0
   104.995    32.362     8.318    70.000     0.035      17       1    94.0     8.0
   104.979    32.351     8.318    70.000     0.045      32      37    96.0     8.0
   104.962    32.339     8.318    70.000     0.055      17       1    98.0     8.0
   104.946    32.327     8.318    70.000     0.058      15       1   100.0     8.0
   104.930    32.316     8.318    70.000     0.071      12       1   102.0     8.0
   104.913    32.304     8.318    70.000     0.037       1      33   104.0     8.0
   104.897    32.293     8.318    70.000     0.052      66      26   106.0     8.0
   104.881    32.281     8.318    70.000     0.048      30      19   108.0     8.0
   104.865    32.269     8.318    70.000     0.063      30      10   110.0     8.0
   104.848    32.258     8.318    70.000     0.069      30       7   112.0     8.0
   105.770    32.899     6.438    70.000     0.022      89       1     0.0     6.0
   105.753    32.888     6.438    70.000     0.015      72      37     2.0     6.0
   105.737    32.876     6.438    70.000     0.013      14       2     4.0     6.0
   105.720    32.865     6.438    70.000     0.021      12       2     6.0     6.0
   105.704    32.853     6.438    70.000     0.019      11       2     8.0     6.0
   105.687    32.842     6.438    70.000     0.026      40       2    10.0     6.0
   105.671    32.830     6.438    70.000     0.024      42       2    12.0     6.0
   105.655    32.819     6.438    70.000     0.017      13       2    14.0     6.0
   105.638    32.807     6.438    70.000     0.021      47      32    16.0     6.0
   105.622    32.796     6.438    70.000     0.061      49      32    18.0     6.0
   105.605    32.784     6.438    70.000     0.050      49      25    20.0     6.0
   105.589    32.773     6.438    70.000     0.046      16      28    22.0     6.0
   105.572    32.761     6.438    70.000     0.028      15      24    24.0     6.0
   105.556    32.750     6.438    70.000     0.028      16       7    26.0     6.0
   105.539    32.738     6.438    70.000     0.020      15       9    28.0     6.0
   105.523    32.727     6.438    70.000     0.029      61      34    30.0     6.0
   105.507    32.715     6.438    70.000     0.027      62      32    32.0     6.0
   105.490    32.704     6.438    70.000     0.038      64      34    34.0     6.0
   105.474    32.692     6.438    70.000     0.028      27      28    36.0     6.0
   105.457    32.681     6.438    70.000     0.018      64      12    38.0     6.0
   105.441    32.669     6.438    70.000     0.040      72      37    40.0     6.0
   105.425    32.658     6.438    70.000     0.045      59       1    42.0     6.0
   105.408    32.646     6.438    70.000     0.052      19      35    44.0     6.0
   105.392    32.635     6.438    70.000     0.039      17      33    46.0     6.0
   105.375    32.623     6.438    70.000     0.027      13      18    48.0     6.0
   105.359    32.612     6.438    70.000     0.023      14       4    50.0     6.0
   105.343    32.600     6.438    70.000     0.054      18       4    52.0     6.0
   105.326    32.589     6.438    70.000     0.076      16       4    54.0     6.0
   105.310    32.577     6.438    70.000     0.086      17       4    56.0     6.0
   105.293    32.565     6.438    70.000     0.034      15       3    58.0     6.0
   105.277    32.554     6.438    70.000     0.034      65       1    60.0     6.0
   105.261    32.542     6.438    70.000     0.024      65       1    62.0     6.0
   105.244    32.531     6.438    70.000     0.016      50      37    64.0     6.0
   105.228    32.519     6.438    70.000     0.015     100      34    66.0     6.0
   105.212    32.508     6.438    70.000     0.015      47      37    68.0     6.0
   105.195    32.496     6.438    70.000     0.010      15      36    70.0     6.0
   105.179    32.485     6.438    70.000     0.018      66      33    72.0     6.0
   105.163    32.473     6.438    70.000     0.037      64      34    74.0     6.0
   105.146    32.462     6.438    70.000     0.039      66      29    76.0     6.0
   105.130    32.450     6.438    70.000     0.026      65      20    78.0     6.0
   105.114    32.438     6.438    70.000     0.019      21      33    80.0     6.0
   105.097    32.427     6.438    70.000     0.036      19      32    82.0     6.0
   105.081    32.415     6.438    70.000     0.044      19      31    84.0     6.0
   105.065    32.404     6.438    70.000     0.064      17      29    86.0     6.0
   105.048    32.392     6.438    70.000     0.033      17      27    88.0     6.0
   105.032    32.381     6.438    70.000     0.016      17      18    90.0     6.0
   105.016    32.369     6.438    70.000     0.031      18       7    92.0     6.0
   104.999    32.357     6.438    70.000     0.051      69       3    94.0     6.0
   104.983    32.346     6.438    70.000     0.051       3      37    96.0     6.0
   104.967    32.334     6.438    70.000     0.062      72       3    98.0     6.0
   104.951    32.323     6.438    70.000     0.035      71       3   100.0     6.0
   104.934    32.311     6.438    70.000     0.034      30      23   102.0     6.0
   104.918    32.300     6.438    70.000     0.024      32      26   104.0     6.0
   104.902    32.288     6.438    70.000     0.025      32       6   106.0     6.0
   104.886    32.276     6.438    70.000     0.049       1       5   108.0     6.0
   104.869    32.265     6.438    70.000     0.068       1      12   110.0     6.0
   104.853    32.253     6.438    70.000     0.024       1       6   112.0     6.0
   105.774    32.894     4.559    70.000     0.010      63       4     0.0     4.0
   105.758    32.883     4.559    70.000     0.019     100      11     2.0     4.0
   105.742    32.871     4.559    70.000     0.037      70      35     4.0     4.0
   105.725    32.860     4.559    70.000     0.060      71      28     6.0     4.0
   105.709    32.848     4.559    70.000     0.086      70      27     8.0     4.0
   105.692    32.837     4.559    70.000     0.089      70      36    10.0     4.0
   105.676    32.825     4.559    70.000     0.070      71      31    12.0     4.0
   105.659    32.814     4.559    70.000     0.074       1      32    14.0     4.0
   105.643    32.802     4.559    70.000     0.092       1      28    16.0     4.0
   105.626    32.791     4.559    70.000     0.070       1      30    18.0     4.0
   105.610    32.779     4.559    70.000     0.044      71       2    20.0     4.0
   105.593    32.768     4.559    70.000     0.037       1      10    22.0     4.0
   105.577    32.757     4.559    70.000     0.043      52      37    24.0     4.0
   105.561    32.745     4.559    70.000     0.080      53      37    26.0     4.0
   105.544    32.734     4.559    70.000     0.120      51      37    28.0     4.0
   105.528    32.722     4.559    70.000     0.119      30       6    30.0     4.0
   105.511    32.710     4.559    70.000     0.123      32       4    32.0     4.0
   105.495    32.699     4.559    70.000     0.051      31       4    34.0     4.0
   105.478    32.687     4.559    70.000     0.026      66      31    36.0     4.0
   105.462    32.676     4.559    70.000     0.046      67      31    38.0     4.0
   105.446    32.664     4.559    70.000     0.066      68      32    40.0     4.0
   105.429    32.653     4.559    70.000     0.046      70      32    42.0     4.0
   105.413    32.641     4.559    70.000     0.040      32      36    44.0     4.0
   105.396    32.630     4.559    70.000     0.020      71      30    46.0     4.0
   105.380    32.618     4.559    70.000     0.016      72      30    48.0     4.0
   105.364    32.607     4.559    70.000     0.013      34      35    50.0     4.0
   105.347    32.595     4.559    70.000     0.010      78      30    52.0     4.0
   105.331    32.584     4.559    70.000     0.012      17      37    54.0     4.0
   105.314    32.572     4.559    70.000     0.034      14      37    56.0     4.0
   105.298    32.561     4.559    70.000     0.048      36      11    58.0     4.0
   105.282    32.549     4.559    70.000     0.059      38      11    60.0     4.0
   105.265    32.538     4.559    70.000     0.047      38       5    62.0     4.0
   105.249    32.526     4.559    70.000     0.049      34      14    64.0     4.0
   105.233    32.515     4.559    70.000     0.022      35      17    66.0     4.0
   105.216    32.503     4.559    70.000     0.034      80      36    68.0     4.0
   105.200    32.491     4.559    70.000     0.037      79      36    70.0     4.0
   105.184    32.480     4.559    70.000     0.048      81      34    72.0     4.0
   105.167    32.468     4.559    70.000     0.040      80      34    74.0     4.0
   105.151    32.457     4.559    70.000     0.048      17       3    76.0     4.0
   105.135    32.445     4.559    70.000     0.043      16       3    78.0     4.0
   105.118    32.434     4.559    70.000     0.036      16      22    80.0     4.0
   105.102    32.422     4.559    70.000     0.037      84       4    82.0     4.0
   105.086    32.411     4.559    70.000     0.049      84       4    84.0     4.0
   105.069    32.399     4.559    70.000     0.033      84       4    86.0     4.0
   105.053    32.387     4.559    70.000     0.043      52      37    88.0     4.0
   105.037    32.376     4.559    70.000     0.099      53      35    90.0     4.0
   105.020    32.364     4.559    70.000     0.165      35       1    92.0     4.0
   105.004    32.353     4.559    70.000     0.198      18      37    94.0     4.0
   104.988    32.341     4.559    70.000     0.223      17      37    96.0     4.0
   104.972    32.330     4.559    70.000     0.177      17      37    98.0     4.0
   104.955    32.318     4.559    70.000     0.079      19      37   100.0     4.0
   104.939    32.306     4.559    70.000     0.025      16      37   102.0     4.0
   104.923    32.295     4.559    70.000     0.052      84       2   104.0     4.0
   104.906    32.283     4.559    70.000     0.068      82       2   106.0     4.0
   104.890    32.272     4.559    70.000     0.035      82       2   108.0     4.0
   104.874    32.260     4.559    70.000     0.022      81       2   110.0     4.0
   104.858    32.248     4.559    70.000     0.022      14       2   112.0     4.0
   105.779    32.890     2.679    70.000     0.021      83       5     0.0     2.0
   105.763    32.878     2.679    70.000     0.029      86      31     2.0     2.0
   105.746    32.867     2.679    70.000     0.066      86      30     4.0     2.0
   105.730    32.855     2.679    70.000     0.039      86      27     6.0     2.0
   105.713    32.844     2.679    70.000     0.019      20      37     8.0     2.0
   105.697    32.832     2.679    70.000     0.016      35       2    10.0     2.0
   105.680    32.821     2.679    70.000     0.010      79      32    12.0     2.0
   105.664    32.809     2.679    70.000     0.017      74      29    14.0     2.0
   105.647    32.798     2.679    70.000     0.028      73      27    16.0     2.0
   105.631    32.786     2.679    70.000     0.020      74      29    18.0     2.0
   105.614    32.775     2.679    70.000     0.017      35       8    20.0     2.0
   105.598    32.763     2.679    70.000     0.019      36       9    22.0     2.0
   105.582    32.752     2.679    70.000     0.015      65      30    24.0     2.0
   105.565    32.740     2.679    70.000     0.015      67      37    26.0     2.0
   105.549    32.729     2.679    70.000     0.016      67      37    28.0     2.0
   105.532    32.717     2.679    70.000     0.024      35      36    30.0     2.0
   105.516    32.706     2.679    70.000     0.015      19       1    32.0     2.0
   105.499    32.694     2.679    70.000     0.019      55      31    34.0     2.0
   105.483    32.683     2.679    70.000     0.042      56      30    36.0     2.0
   105.467    32.671     2.679    70.000     0.036      55      29    38.0     2.0
   105.450    32.660     2.679    70.000     0.038      52      32    40.0     2.0
   105.434    32.648     2.679    70.000     0.024       7       4    42.0     2.0
   105.417    32.637     2.679    70.000     0.025       5       4    44.0     2.0
   105.401    32.625     2.679    70.000     0.012       6       4    46.0     2.0
   105.385    32.614     2.679    70.000     0.008       2       5    48.0     2.0
   105.368    32.602     2.679    70.000     0.011      16       1    50.0     2.0
   105.352    32.591     2.679    70.000     0.052      16       1    52.0     2.0
   105.336    32.579     2.679    70.000     0.105       3      37    54.0     2.0
   105.319    32.568     2.679    70.000     0.148       3      37    56.0     2.0
   105.303    32.556     2.679    70.000     0.130       1      37    58.0     2.0
   105.286    32.544     2.679    70.000     0.084       1      37    60.0     2.0
   105.270    32.533     2.679    70.000     0.039      94       2    62.0     2.0
   105.254    32.521     2.679    70.000     0.026      28       3    64.0     2.0
   105.237    32.510     2.679    70.000     0.079      29       3    66.0     2.0
   105.221    32.498     2.679    70.000     0.097      28       3    68.0     2.0
   105.205    32.487     2.679    70.000     0.090      28       3    70.0     2.0
   105.188    32.475     2.679    70.000     0.025      97      34    72.0     2.0
   105.172    32.464     2.679    70.000     0.009      97      35    74.0     2.0
   105.156    32.452     2.679    70.000     0.012      30      37    76.0     2.0
   105.139    32.441     2.679    70.000     0.017      26      35    78.0     2.0
   105.123    32.429     2.679    70.000     0.023      25      35    80.0     2.0
   105.107    32.417     2.679    70.000     0.021      66       6    82.0     2.0
   105.090    32.406     2.679    70.000     0.012      65       7    84.0     2.0
   105.074    32.394     2.679    70.000     0.013      35       6    86.0     2.0
   105.058    32.383     2.679    70.000     0.017      67      32    88.0     2.0
   105.041    32.371     2.679    70.000     0.022      53       1    90.0     2.0
   105.025    32.360     2.679    70.000     0.042      51       1    92.0     2.0
   105.009    32.348     2.679    70.000     0.044      36      37    94.0     2.0
   104.993    32.336     2.679    70.000     0.078      34      37    96.0     2.0
   104.976    32.325     2.679    70.000     0.045      35      37    98.0     2.0
   104.960    32.313     2.679    70.000     0.022      35      37   100.0     2.0
   104.944    32.302     2.679    70.000     0.028      97       1   102.0     2.0
   104.927    32.290     2.679    70.000     0.025      85      35   104.0     2.0
   104.911    32.278     2.679    70.000     0.019      98       1   106.0     2.0
   104.895    32.267     2.679    70.000     0.024      56      33   108.0     2.0
   104.879    32.255     2.679    70.000     0.022      55      33   110.0     2.0
   104.862    32.244     2.679    70.000     0.020      57      34   112.0     2.0
   105.784    32.885     0.800    70.000     0.045      22       1     0.0     0.0
   105.767    32.873     0.800    70.000     0.047      22       1     2.0     0.0
   105.751    32.862     0.800    70.000     0.032      21       1     4.0     0.0
   105.734    32.850     0.800    70.000     0.021      23      25     6.0     0.0
   105.718    32.839     0.800    70.000     0.029      18      16     8.0     0.0
   105.701    32.827     0.800    70.000     0.047      20      19    10.0     0.0
   105.685    32.816     0.800    70.000     0.054      20      29    12.0     0.0
   105.668    32.804     0.800    70.000     0.023      19      30    14.0     0.0
   105.652    32.793     0.800    70.000     0.024      81       4    16.0     0.0
   105.636    32.781     0.800    70.000     0.020      80      12    18.0     0.0
   105.619    32.770     0.800    70.000     0.011      41      33    20.0     0.0
   105.603    32.758     0.800    70.000     0.009      39      30    22.0     0.0
   105.586    32.747     0.800    70.000     0.012      81      36    24.0     0.0
   105.570    32.736     0.800    70.000     0.016      92       2    26.0     0.0
   105.553    32.724     0.800    70.000     0.018      91       2    28.0     0.0
   105.537    32.713     0.800    70.000     0.030      85      28    30.0     0.0
   105.521    32.701     0.800    70.000     0.094      53      27    32.0     0.0
   105.504    32.689     0.800    70.000     0.207      52      30    34.0     0.0
   105.488    32.678     0.800    70.000     0.269      52      31    36.0     0.0
   105.471    32.666     0.800    70.000     0.105      52      31    38.0     0.0
   105.455    32.655     0.800    70.000     0.040      51      33    40.0     0.0
   105.438    32.643     0.800    70.000     0.014      12      33    42.0     0.0
   105.422    32.632     0.800    70.000     0.010      77       1    44.0     0.0
   105.406    32.620     0.800    70.000     0.010       9      33    46.0     0.0
   105.389    32.609     0.800    70.000     0.018      65      28    48.0     0.0
   105.373    32.597     0.800    70.000     0.035      68      17    50.0     0.0
   105.357    32.586     0.800    70.000     0.046      69      22    52.0     0.0
   105.340    32.574     0.800    70.000     0.033       7       5    54.0     0.0
   105.324    32.563     0.800    70.000     0.063       5       2    56.0     0.0
   105.307    32.551     0.800    70.000     0.069       5       2    58.0     0.0
   105.291    32.540     0.800    70.000     0.044       4       2    60.0     0.0
   105.275    32.528     0.800    70.000     0.016      95      35    62.0     0.0
   105.258    32.517     0.800    70.000     0.020      66      21    64.0     0.0
   105.242    32.505     0.800    70.000     0.016      26       3    66.0     0.0
   105.226    32.494     0.800    70.000     0.018      26       8    68.0     0.0
   105.209    32.482     0.800    70.000     0.017      66      29    70.0     0.0
   105.193    32.470     0.800    70.000     0.014      21       5    72.0     0.0
   105.177    32.459     0.800    70.000     0.011      92      26    74.0     0.0
   105.160    32.447     0.800    70.000     0.016      84       1    76.0     0.0
   105.144    32.436     0.800    70.000     0.021      95      36    78.0     0.0
   105.128    32.424     0.800    70.000     0.016       5       8    80.0     0.0
   105.111    32.413     0.800    70.000     0.034      79      14    82.0     0.0
   105.095    32.401     0.800    70.000     0.061      79      16    84.0     0.0
   105.079    32.390     0.800    70.000     0.056       6      33    86.0     0.0
   105.062    32.378     0.800    70.000     0.046       3      31    88.0     0.0
   105.046    32.366     0.800    70.000     0.028      97       2    90.0     0.0
   105.030    32.355     0.800    70.000     0.036      79      37    92.0     0.0
   105.013    32.343     0.800    70.000     0.052      62       1    94.0     0.0
   104.997    32.332     0.800    70.000     0.062      63       2    96.0     0.0
   104.981    32.320     0.800    70.000     0.059      58       1    98.0     0.0
   104.965    32.309     0.800    70.000     0.090      58       1   100.0     0.0
   104.948    32.297     0.800    70.000     0.040      62       3   102.0     0.0
   104.932    32.285     0.800    70.000     0.031      60       1   104.0     0.0
   104.916    32.274     0.800    70.000     0.037     100      36   106.0     0.0
   104.900    32.262     0.800    70.000     0.021      60       2   108.0     0.0
   104.883    32.251     0.800    70.000     0.044      99      35   110.0     0.0
   104.867    32.239     0.800    70.000     0.046      98      35   112.0     0.0
