   104.700    32.381    33.161    54.000     0.030      98      36     0.0    40.0
   104.685    32.368    33.161    54.000     0.029      98      35     2.0    40.0
   104.670    32.355    33.161    54.000     0.016     100      35     4.0    40.0
   104.655    32.342    33.161    54.000     0.007       3       2     6.0    40.0
   104.641    32.329    33.161    54.000     0.020       2       2     8.0    40.0
   104.626    32.316    33.161    54.000     0.017       1       5    10.0    40.0
   104.611    32.303    33.161    54.000     0.008      84      17    12.0    40.0
   104.596    32.290    33.161    54.000     0.011      84      22    14.0    40.0
   104.581    32.278    33.161    54.000     0.018      34       2    16.0    40.0
   104.567    32.265    33.161    54.000     0.050      23      37    18.0    40.0
   104.552    32.252    33.161    54.000     0.045      21      37    20.0    40.0
   104.537    32.239    33.161    54.000     0.044      33       4    22.0    40.0
   104.522    32.226    33.161    54.000     0.056      65       7    24.0    40.0
   104.508    32.213    33.161    54.000     0.055      31       3    26.0    40.0
   104.493    32.200    33.161    54.000     0.044      29       7    28.0    40.0
   104.478    32.187    33.161    54.000     0.070      26       8    30.0    40.0
   104.463    32.174    33.161    54.000     0.127      27      11    32.0    40.0
   104.449    32.161    33.161    54.000     0.168      28      11    34.0    40.0
   104.434    32.148    33.161    54.000     0.088      27       7    36.0    40.0
   104.419    32.135    33.161    54.000     0.061      24      11    38.0    40.0
   104.404    32.122    33.161    54.000     0.064      23      10    40.0    40.0
   104.390    32.109    33.161    54.000     0.088      33      36    42.0    40.0
   104.375    32.096    33.161    54.000     0.074      32      36    44.0    40.0
   104.360    32.083    33.161    54.000     0.114      29      35    46.0    40.0
   104.346    32.070    33.161    54.000     0.074      30      35    48.0    40.0
   104.331    32.057    33.161    54.000     0.016      29      36    50.0    40.0
   104.316    32.044    33.161    54.000     0.023      92      17    52.0    40.0
   104.301    32.031    33.161    54.000     0.035       5       5    54.0    40.0
   104.287    32.018    33.161    54.000     0.040       5       8    56.0    40.0
   104.272    32.005    33.161    54.000     0.026       3       6    58.0    40.0
   104.257    31.992    33.161    54.000     0.015       3       6    60.0    40.0
   104.243    31.979    33.161    54.000     0.005      99       1    62.0    40.0
   104.228    31.966    33.161    54.000     0.012      96       5    64.0    40.0
   104.709    32.374    31.543    54.000     0.017      98       8     0.0    38.0
   104.694    32.361    31.543    54.000     0.015     100      36     2.0    38.0
   104.679    32.348    31.543    54.000     0.018      99      36     4.0    38.0
   104.664    32.335    31.543    54.000     0.031      87       1     6.0    38.0
   104.649    32.322    31.543    54.000     0.031      86       1     8.0    38.0
   104.635    32.309    31.543    54.000     0.038      72      37    10.0    38.0
   104.620    32.296    31.543    54.000     0.041      72      37    12.0    38.0
   104.605    32.283    31.543    54.000     0.027      72      37    14.0    38.0
   104.590    32.270    31.543    54.000     0.023       3       1    16.0    38.0
   104.576    32.257    31.543    54.000     0.018      35       2    18.0    38.0
   104.561    32.244    31.543    54.000     0.047      35       2    20.0    38.0
   104.546    32.231    31.543    54.000     0.080      33       2    22.0    38.0
   104.531    32.218    31.543    54.000     0.064      33       2    24.0    38.0
   104.517    32.205    31.543    54.000     0.032      21      33    26.0    38.0
   104.502    32.192    31.543    54.000     0.057      25      10    28.0    38.0
   104.487    32.179    31.543    54.000     0.058      24      16    30.0    38.0
   104.472    32.166    31.543    54.000     0.048      24      21    32.0    38.0
   104.458    32.154    31.543    54.000     0.018      25      15    34.0    38.0
   104.443    32.141    31.543    54.000     0.011      49       1    36.0    38.0
   104.428    32.128    31.543    54.000     0.020      34      36    38.0    38.0
   104.413    32.115    31.543    54.000     0.035      32      36    40.0    38.0
   104.399    32.102    31.543    54.000     0.028      31      36    42.0    38.0
   104.384    32.089    31.543    54.000     0.012      31      36    44.0    38.0
   104.369    32.076    31.543    54.000     0.011     100      36    46.0    38.0
   104.355    32.063    31.543    54.000     0.010      28       7    48.0    38.0
   104.340    32.050    31.543    54.000     0.012      33      10    50.0    38.0
   104.325    32.037    31.543    54.000     0.019      63      15    52.0    38.0
   104.310    32.024    31.543    54.000     0.048      63      20    54.0    38.0
   104.296    32.011    31.543    54.000     0.020      66      32    56.0    38.0
   104.281    31.998    31.543    54.000     0.028      65      33    58.0    38.0
   104.266    31.985    31.543    54.000     0.017     100       6    60.0    38.0
   104.252    31.972    31.543    54.000     0.014      98       3    62.0    38.0
   104.237    31.959    31.543    54.000     0.012      41       6    64.0    38.0
   104.718    32.366    29.925    54.000     0.009      93      35     0.0    36.0
   104.703    32.353    29.925    54.000     0.009      12      37     2.0    36.0
   104.688    32.340    29.925    54.000     0.021      10      37     4.0    36.0
   104.673    32.328    29.925    54.000     0.026      10      37     6.0    36.0
   104.658    32.315    29.925    54.000     0.025      95      13     8.0    36.0
   104.644    32.302    29.925    54.000     0.038      93      14    10.0    36.0
   104.629    32.289    29.925    54.000     0.025      92       3    12.0    36.0
   104.614    32.276    29.925    54.000     0.044      91       3    14.0    36.0
   104.599    32.263    29.925    54.000     0.019      93       3    16.0    36.0
   104.585    32.250    29.925    54.000     0.020      17      34    18.0    36.0
   104.570    32.237    29.925    54.000     0.025      16      34    20.0    36.0
   104.555    32.224    29.925    54.000     0.035      20      22    22.0    36.0
   104.540    32.211    29.925    54.000     0.068      20      13    24.0    36.0
   104.526    32.198    29.925    54.000     0.105      21      23    26.0    36.0
   104.511    32.185    29.925    54.000     0.138      22      18    28.0    36.0
   104.496    32.172    29.925    54.000     0.165      22      11    30.0    36.0
   104.481    32.159    29.925    54.000     0.151      21      15    32.0    36.0
   104.467    32.146    29.925    54.000     0.129      21      14    34.0    36.0
   104.452    32.133    29.925    54.000     0.058      19      16    36.0    36.0
   104.437    32.120    29.925    54.000     0.020      43       8    38.0    36.0
   104.422    32.107    29.925    54.000     0.013      10       1    40.0    36.0
   104.408    32.094    29.925    54.000     0.020      21      34    42.0    36.0
   104.393    32.081    29.925    54.000     0.014      19      34    44.0    36.0
   104.378    32.068    29.925    54.000     0.011     100      34    46.0    36.0
   104.364    32.055    29.925    54.000     0.009     100      20    48.0    36.0
   104.349    32.042    29.925    54.000     0.025      99      29    50.0    36.0
   104.334    32.029    29.925    54.000     0.018      99      32    52.0    36.0
   104.319    32.016    29.925    54.000     0.030     100      20    54.0    36.0
   104.305    32.003    29.925    54.000     0.038     100       7    56.0    36.0
   104.290    31.990    29.925    54.000     0.051      15       9    58.0    36.0
   104.275    31.977    29.925    54.000     0.053      17       8    60.0    36.0
   104.261    31.964    29.925    54.000     0.033      14       7    62.0    36.0
   104.246    31.951    29.925    54.000     0.029      62      35    64.0    36.0
   104.727    32.359    28.307    54.000     0.004       1      11     0.0    34.0
   104.712    32.346    28.307    54.000     0.009      19      29     2.0    34.0
   104.697    32.333    28.307    54.000     0.008      25       1     4.0    34.0
   104.682    32.320    28.307    54.000     0.015      14      35     6.0    34.0
   104.667    32.307    28.307    54.000     0.021      11      34     8.0    34.0
   104.653    32.294    28.307    54.000     0.041      95      21    10.0    34.0
   104.638    32.281    28.307    54.000     0.029      95      30    12.0    34.0
   104.623    32.268    28.307    54.000     0.038       7      37    14.0    34.0
   104.608    32.255    28.307    54.000     0.036       7      37    16.0    34.0
   104.594    32.242    28.307    54.000     0.027      17       3    18.0    34.0
   104.579    32.230    28.307    54.000     0.013      19       3    20.0    34.0
   104.564    32.217    28.307    54.000     0.018      21       4    22.0    34.0
   104.549    32.204    28.307    54.000     0.012      22       4    24.0    34.0
   104.534    32.191    28.307    54.000     0.022      17      13    26.0    34.0
   104.520    32.178    28.307    54.000     0.030      18      21    28.0    34.0
   104.505    32.165    28.307    54.000     0.063      19      13    30.0    34.0
   104.490    32.152    28.307    54.000     0.064      18      15    32.0    34.0
   104.476    32.139    28.307    54.000     0.053      14      21    34.0    34.0
   104.461    32.126    28.307    54.000     0.047      14      17    36.0    34.0
   104.446    32.113    28.307    54.000     0.035      22      37    38.0    34.0
   104.431    32.100    28.307    54.000     0.070      22      37    40.0    34.0
   104.417    32.087    28.307    54.000     0.062      34       2    42.0    34.0
   104.402    32.074    28.307    54.000     0.036      33       2    44.0    34.0
   104.387    32.061    28.307    54.000     0.028      49      37    46.0    34.0
   104.372    32.048    28.307    54.000     0.033      48      37    48.0    34.0
   104.358    32.035    28.307    54.000     0.014      73      32    50.0    34.0
   104.343    32.022    28.307    54.000     0.013     100      12    52.0    34.0
   104.328    32.009    28.307    54.000     0.014      99      11    54.0    34.0
   104.314    31.996    28.307    54.000     0.030     100      36    56.0    34.0
   104.299    31.983    28.307    54.000     0.031      99      35    58.0    34.0
   104.284    31.970    28.307    54.000     0.048     100      36    60.0    34.0
   104.270    31.957    28.307    54.000     0.040     100      36    62.0    34.0
   104.255    31.944    28.307    54.000     0.021      97      36    64.0    34.0
   104.736    32.352    26.689    54.000     0.017      37       5     0.0    32.0
   104.721    32.339    26.689    54.000     0.047      35       5     2.0    32.0
   104.706    32.326    26.689    54.000     0.041      33       5     4.0    32.0
   104.691    32.313    26.689    54.000     0.037      34       5     6.0    32.0
   104.676    32.300    26.689    54.000     0.018      36       5     8.0    32.0
   104.662    32.287    26.689    54.000     0.011      77       1    10.0    32.0
   104.647    32.274    26.689    54.000     0.018      92      37    12.0    32.0
   104.632    32.261    26.689    54.000     0.033      92      37    14.0    32.0
   104.617    32.248    26.689    54.000     0.042      20       1    16.0    32.0
   104.602    32.235    26.689    54.000     0.085      22       1    18.0    32.0
   104.588    32.222    26.689    54.000     0.095      22       1    20.0    32.0
   104.573    32.209    26.689    54.000     0.108      23       1    22.0    32.0
   104.558    32.196    26.689    54.000     0.044      21       1    24.0    32.0
   104.543    32.183    26.689    54.000     0.020      38      33    26.0    32.0
   104.529    32.170    26.689    54.000     0.013      44      23    28.0    32.0
   104.514    32.157    26.689    54.000     0.024      10       6    30.0    32.0
   104.499    32.144    26.689    54.000     0.053      35       3    32.0    32.0
   104.484    32.131    26.689    54.000     0.059      35       2    34.0    32.0
   104.470    32.118    26.689    54.000     0.046       9       6    36.0    32.0
   104.455    32.105    26.689    54.000     0.061       4       3    38.0    32.0
   104.440    32.093    26.689    54.000     0.057       3       2    40.0    32.0
   104.426    32.080    26.689    54.000     0.034       3       2    42.0    32.0
   104.411    32.067    26.689    54.000     0.013      99       3    44.0    32.0
   104.396    32.054    26.689    54.000     0.009      64      10    46.0    32.0
   104.381    32.041    26.689    54.000     0.011      97       3    48.0    32.0
   104.367    32.028    26.689    54.000     0.010      94       7    50.0    32.0
   104.352    32.015    26.689    54.000     0.016      11       2    52.0    32.0
   104.337    32.002    26.689    54.000     0.017      11       2    54.0    32.0
   104.323    31.989    26.689    54.000     0.018       1      33    56.0    32.0
   104.308    31.976    26.689    54.000     0.020      72      29    58.0    32.0
   104.293    31.963    26.689    54.000     0.019      97      37    60.0    32.0
   104.279    31.950    26.689    54.000     0.040     100      36    62.0    32.0
   104.264    31.937    26.689    54.000     0.029      99      36    64.0    32.0
   104.745    32.344    25.071    54.000     0.020      33       5     0.0    30.0
   104.730    32.331    25.071    54.000     0.017      11       1     2.0    30.0
   104.715    32.318    25.071    54.000     0.017      11       1     4.0    30.0
   104.700    32.305    25.071    54.000     0.007       6       2     6.0    30.0
   104.685    32.292    25.071    54.000     0.014      21      30     8.0    30.0
   104.671    32.279    25.071    54.000     0.013      20      29    10.0    30.0
   104.656    32.267    25.071    54.000     0.005      81      37    12.0    30.0
   104.641    32.254    25.071    54.000     0.006      24       7    14.0    30.0
   104.626    32.241    25.071    54.000     0.018       4      35    16.0    30.0
   104.611    32.228    25.071    54.000     0.020       4      34    18.0    30.0
   104.597    32.215    25.071    54.000     0.036      36      35    20.0    30.0
   104.582    32.202    25.071    54.000     0.040       5      30    22.0    30.0
   104.567    32.189    25.071    54.000     0.052       4      33    24.0    30.0
   104.552    32.176    25.071    54.000     0.078      38      10    26.0    30.0
   104.538    32.163    25.071    54.000     0.134      37       7    28.0    30.0
   104.523    32.150    25.071    54.000     0.147      36       6    30.0    30.0
   104.508    32.137    25.071    54.000     0.090      34       5    32.0    30.0
   104.493    32.124    25.071    54.000     0.089       6       6    34.0    30.0
   104.479    32.111    25.071    54.000     0.086       3       3    36.0    30.0
   104.464    32.098    25.071    54.000     0.071       3       3    38.0    30.0
   104.449    32.085    25.071    54.000     0.073      13      37    40.0    30.0
   104.435    32.072    25.071    54.000     0.024      14      37    42.0    30.0
   104.420    32.059    25.071    54.000     0.013      26       8    44.0    30.0
   104.405    32.046    25.071    54.000     0.013      41      37    46.0    30.0
   104.390    32.033    25.071    54.000     0.020      50       4    48.0    30.0
   104.376    32.020    25.071    54.000     0.020      50       5    50.0    30.0
   104.361    32.007    25.071    54.000     0.029      48       6    52.0    30.0
   104.346    31.994    25.071    54.000     0.029      48       5    54.0    30.0
   104.332    31.981    25.071    54.000     0.007      82       8    56.0    30.0
   104.317    31.968    25.071    54.000     0.011      83      15    58.0    30.0
   104.302    31.955    25.071    54.000     0.013      85      10    60.0    30.0
   104.288    31.942    25.071    54.000     0.009      29      18    62.0    30.0
   104.273    31.929    25.071    54.000     0.014      29      18    64.0    30.0
   104.753    32.337    23.452    54.000     0.036      33      32     0.0    28.0
   104.739    32.324    23.452    54.000     0.045      32      31     2.0    28.0
   104.724    32.311    23.452    54.000     0.031      30      30     4.0    28.0
   104.709    32.298    23.452    54.000     0.024       3      35     6.0    28.0
   104.694    32.285    23.452    54.000     0.014       1      35     8.0    28.0
   104.679    32.272    23.452    54.000     0.033      26      11    10.0    28.0
   104.665    32.259    23.452    54.000     0.028      98       1    12.0    28.0
   104.650    32.246    23.452    54.000     0.014       1      34    14.0    28.0
   104.635    32.233    23.452    54.000     0.015       3      35    16.0    28.0
   104.620    32.220    23.452    54.000     0.030       2      36    18.0    28.0
   104.606    32.207    23.452    54.000     0.037       1      36    20.0    28.0
   104.591    32.194    23.452    54.000     0.071      35       7    22.0    28.0
   104.576    32.181    23.452    54.000     0.058      37       7    24.0    28.0
   104.561    32.169    23.452    54.000     0.063      33      14    26.0    28.0
   104.547    32.156    23.452    54.000     0.079       5      18    28.0    28.0
   104.532    32.143    23.452    54.000     0.130       4      14    30.0    28.0
   104.517    32.130    23.452    54.000     0.093       1      18    32.0    28.0
   104.502    32.117    23.452    54.000     0.073       1      20    34.0    28.0
   104.488    32.104    23.452    54.000     0.018       2      20    36.0    28.0
   104.473    32.091    23.452    54.000     0.016      64       2    38.0    28.0
   104.458    32.078    23.452    54.000     0.021      61       2    40.0    28.0
   104.443    32.065    23.452    54.000     0.007      64       1    42.0    28.0
   104.429    32.052    23.452    54.000     0.014      58       2    44.0    28.0
   104.414    32.039    23.452    54.000     0.007      57       2    46.0    28.0
   104.399    32.026    23.452    54.000     0.006      84       3    48.0    28.0
   104.385    32.013    23.452    54.000     0.014      81       3    50.0    28.0
   104.370    32.000    23.452    54.000     0.025      81       6    52.0    28.0
   104.355    31.987    23.452    54.000     0.017      81       5    54.0    28.0
   104.341    31.974    23.452    54.000     0.018      82      14    56.0    28.0
   104.326    31.961    23.452    54.000     0.025      83      12    58.0    28.0
   104.311    31.948    23.452    54.000     0.018      81      14    60.0    28.0
   104.296    31.935    23.452    54.000     0.015       2      36    62.0    28.0
   104.282    31.922    23.452    54.000     0.015       1      36    64.0    28.0
   104.762    32.329    21.834    54.000     0.020      83      37     0.0    26.0
   104.748    32.316    21.834    54.000     0.043      23       1     2.0    26.0
   104.733    32.304    21.834    54.000     0.035      22       1     4.0    26.0
   104.718    32.291    21.834    54.000     0.040      18       1     6.0    26.0
   104.703    32.278    21.834    54.000     0.019      19       1     8.0    26.0
   104.688    32.265    21.834    54.000     0.016      81      36    10.0    26.0
   104.674    32.252    21.834    54.000     0.022      80      36    12.0    26.0
   104.659    32.239    21.834    54.000     0.020       8       2    14.0    26.0
   104.644    32.226    21.834    54.000     0.039       7       2    16.0    26.0
   104.629    32.213    21.834    54.000     0.040       6       4    18.0    26.0
   104.615    32.200    21.834    54.000     0.039       6       4    20.0    26.0
   104.600    32.187    21.834    54.000     0.035      79       4    22.0    26.0
   104.585    32.174    21.834    54.000     0.035      83       3    24.0    26.0
   104.570    32.161    21.834    54.000     0.050       5      24    26.0    26.0
   104.556    32.148    21.834    54.000     0.040       4      22    28.0    26.0
   104.541    32.135    21.834    54.000     0.024       1      22    30.0    26.0
   104.526    32.122    21.834    54.000     0.020       1      25    32.0    26.0
   104.511    32.109    21.834    54.000     0.024       6      35    34.0    26.0
   104.497    32.096    21.834    54.000     0.044       5      34    36.0    26.0
   104.482    32.083    21.834    54.000     0.040       6      36    38.0    26.0
   104.467    32.070    21.834    54.000     0.046       6      35    40.0    26.0
   104.452    32.057    21.834    54.000     0.021       8      33    42.0    26.0
   104.438    32.044    21.834    54.000     0.026      13      14    44.0    26.0
   104.423    32.032    21.834    54.000     0.029      14      21    46.0    26.0
   104.408    32.019    21.834    54.000     0.026      14      10    48.0    26.0
   104.394    32.006    21.834    54.000     0.014      12       8    50.0    26.0
   104.379    31.993    21.834    54.000     0.013      19      31    52.0    26.0
   104.364    31.980    21.834    54.000     0.014      50      37    54.0    26.0
   104.349    31.967    21.834    54.000     0.021      48      37    56.0    26.0
   104.335    31.954    21.834    54.000     0.032      48      37    58.0    26.0
   104.320    31.941    21.834    54.000     0.021      48      37    60.0    26.0
   104.305    31.928    21.834    54.000     0.017      50      37    62.0    26.0
   104.291    31.915    21.834    54.000     0.022      63       1    64.0    26.0
   104.771    32.322    20.216    54.000     0.026      79      20     0.0    24.0
   104.757    32.309    20.216    54.000     0.029      85      35     2.0    24.0
   104.742    32.296    20.216    54.000     0.042      82      36     4.0    24.0
   104.727    32.283    20.216    54.000     0.067      82      35     6.0    24.0
   104.712    32.270    20.216    54.000     0.046      81      36     8.0    24.0
   104.697    32.257    20.216    54.000     0.046      78      35    10.0    24.0
   104.683    32.244    20.216    54.000     0.012      76      32    12.0    24.0
   104.668    32.231    20.216    54.000     0.013      11       9    14.0    24.0
   104.653    32.219    20.216    54.000     0.034       9       2    16.0    24.0
   104.638    32.206    20.216    54.000     0.067       7       2    18.0    24.0
   104.624    32.193    20.216    54.000     0.063       6       2    20.0    24.0
   104.609    32.180    20.216    54.000     0.031      78       2    22.0    24.0
   104.594    32.167    20.216    54.000     0.018      77       3    24.0    24.0
   104.579    32.154    20.216    54.000     0.033      80       2    26.0    24.0
   104.564    32.141    20.216    54.000     0.027      23       5    28.0    24.0
   104.550    32.128    20.216    54.000     0.030      20       1    30.0    24.0
   104.535    32.115    20.216    54.000     0.062       5      37    32.0    24.0
   104.520    32.102    20.216    54.000     0.051      19       2    34.0    24.0
   104.506    32.089    20.216    54.000     0.043      18       2    36.0    24.0
   104.491    32.076    20.216    54.000     0.043      53       2    38.0    24.0
   104.476    32.063    20.216    54.000     0.041      74       7    40.0    24.0
   104.461    32.050    20.216    54.000     0.040      49       9    42.0    24.0
   104.447    32.037    20.216    54.000     0.060      48      11    44.0    24.0
   104.432    32.024    20.216    54.000     0.043      45      11    46.0    24.0
   104.417    32.011    20.216    54.000     0.034      44      19    48.0    24.0
   104.403    31.998    20.216    54.000     0.029      43       5    50.0    24.0
   104.388    31.985    20.216    54.000     0.011      43       5    52.0    24.0
   104.373    31.972    20.216    54.000     0.004      43      20    54.0    24.0
   104.358    31.959    20.216    54.000     0.011      40      30    56.0    24.0
   104.344    31.946    20.216    54.000     0.015      41      28    58.0    24.0
   104.329    31.933    20.216    54.000     0.012      40      23    60.0    24.0
   104.314    31.920    20.216    54.000     0.014      76      35    62.0    24.0
   104.300    31.907    20.216    54.000     0.029      79      35    64.0    24.0
   104.780    32.315    18.598    54.000     0.021      17      33     0.0    22.0
   104.766    32.302    18.598    54.000     0.024      38       1     2.0    22.0
   104.751    32.289    18.598    54.000     0.027      36       1     4.0    22.0
   104.736    32.276    18.598    54.000     0.019      85      32     6.0    22.0
   104.721    32.263    18.598    54.000     0.016      84      32     8.0    22.0
   104.706    32.250    18.598    54.000     0.020      82      32    10.0    22.0
   104.692    32.237    18.598    54.000     0.021      82       6    12.0    22.0
   104.677    32.224    18.598    54.000     0.028      82       7    14.0    22.0
   104.662    32.211    18.598    54.000     0.037       6       1    16.0    22.0
   104.647    32.198    18.598    54.000     0.047       2       1    18.0    22.0
   104.632    32.185    18.598    54.000     0.060       4       1    20.0    22.0
   104.618    32.172    18.598    54.000     0.017      16      36    22.0    22.0
   104.603    32.159    18.598    54.000     0.017      82      36    24.0    22.0
   104.588    32.146    18.598    54.000     0.012      82      36    26.0    22.0
   104.573    32.133    18.598    54.000     0.006      83      36    28.0    22.0
   104.559    32.120    18.598    54.000     0.010      61       8    30.0    22.0
   104.544    32.108    18.598    54.000     0.017      13       2    32.0    22.0
   104.529    32.095    18.598    54.000     0.033      13       2    34.0    22.0
   104.514    32.082    18.598    54.000     0.038      12       2    36.0    22.0
   104.500    32.069    18.598    54.000     0.043      12       2    38.0    22.0
   104.485    32.056    18.598    54.000     0.080      83       3    40.0    22.0
   104.470    32.043    18.598    54.000     0.062      81       3    42.0    22.0
   104.456    32.030    18.598    54.000     0.032      79       8    44.0    22.0
   104.441    32.017    18.598    54.000     0.023      80      11    46.0    22.0
   104.426    32.004    18.598    54.000     0.020      81      13    48.0    22.0
   104.411    31.991    18.598    54.000     0.030      11      34    50.0    22.0
   104.397    31.978    18.598    54.000     0.041      13      35    52.0    22.0
   104.382    31.965    18.598    54.000     0.046      14      36    54.0    22.0
   104.367    31.952    18.598    54.000     0.040      13      35    56.0    22.0
   104.353    31.939    18.598    54.000     0.021      28       1    58.0    22.0
   104.338    31.926    18.598    54.000     0.019      43      37    60.0    22.0
   104.323    31.913    18.598    54.000     0.011      95       1    62.0    22.0
   104.309    31.900    18.598    54.000     0.009      42      22    64.0    22.0
   104.789    32.307    16.980    54.000     0.030      95      25     0.0    20.0
   104.774    32.294    16.980    54.000     0.034      96      31     2.0    20.0
   104.760    32.281    16.980    54.000     0.023      65       6     4.0    20.0
   104.745    32.268    16.980    54.000     0.011      66       5     6.0    20.0
   104.730    32.256    16.980    54.000     0.010      17      35     8.0    20.0
   104.715    32.243    16.980    54.000     0.016      35      14    10.0    20.0
   104.701    32.230    16.980    54.000     0.012      35      16    12.0    20.0
   104.686    32.217    16.980    54.000     0.004      94      35    14.0    20.0
   104.671    32.204    16.980    54.000     0.004      15      35    16.0    20.0
   104.656    32.191    16.980    54.000     0.011      16      34    18.0    20.0
   104.641    32.178    16.980    54.000     0.034      17      12    20.0    20.0
   104.627    32.165    16.980    54.000     0.082      16      29    22.0    20.0
   104.612    32.152    16.980    54.000     0.133      16      29    24.0    20.0
   104.597    32.139    16.980    54.000     0.100      15      14    26.0    20.0
   104.582    32.126    16.980    54.000     0.105      16      17    28.0    20.0
   104.568    32.113    16.980    54.000     0.055      15      22    30.0    20.0
   104.553    32.100    16.980    54.000     0.022      15      22    32.0    20.0
   104.538    32.087    16.980    54.000     0.030      15       2    34.0    20.0
   104.523    32.074    16.980    54.000     0.062      14       2    36.0    20.0
   104.509    32.061    16.980    54.000     0.044      13       2    38.0    20.0
   104.494    32.048    16.980    54.000     0.027      14       2    40.0    20.0
   104.479    32.035    16.980    54.000     0.038      11       2    42.0    20.0
   104.465    32.022    16.980    54.000     0.019      10       2    44.0    20.0
   104.450    32.009    16.980    54.000     0.011      91       8    46.0    20.0
   104.435    31.996    16.980    54.000     0.018      47      37    48.0    20.0
   104.420    31.983    16.980    54.000     0.027      32      10    50.0    20.0
   104.406    31.970    16.980    54.000     0.027      78      37    52.0    20.0
   104.391    31.958    16.980    54.000     0.036      79      37    54.0    20.0
   104.376    31.945    16.980    54.000     0.046      76      37    56.0    20.0
   104.362    31.932    16.980    54.000     0.018      63       1    58.0    20.0
   104.347    31.919    16.980    54.000     0.008      63       1    60.0    20.0
   104.332    31.906    16.980    54.000     0.004      37      35    62.0    20.0
   104.318    31.893    16.980    54.000     0.010      78      14    64.0    20.0
   104.798    32.300    15.362    54.000     0.054      56       3     0.0    18.0
   104.783    32.287    15.362    54.000     0.060      57       3     2.0    18.0
   104.769    32.274    15.362    54.000     0.041      57      14     4.0    18.0
   104.754    32.261    15.362    54.000     0.034     100      33     6.0    18.0
   104.739    32.248    15.362    54.000     0.032      57      28     8.0    18.0
   104.724    32.235    15.362    54.000     0.009      57      30    10.0    18.0
   104.709    32.222    15.362    54.000     0.008      57      33    12.0    18.0
   104.695    32.209    15.362    54.000     0.006      95       5    14.0    18.0
   104.680    32.196    15.362    54.000     0.019      23       5    16.0    18.0
   104.665    32.183    15.362    54.000     0.023      20       4    18.0    18.0
   104.650    32.170    15.362    54.000     0.022      93      14    20.0    18.0
   104.636    32.158    15.362    54.000     0.021      91      12    22.0    18.0
   104.621    32.145    15.362    54.000     0.033      20      12    24.0    18.0
   104.606    32.132    15.362    54.000     0.059      18      29    26.0    18.0
   104.591    32.119    15.362    54.000     0.118      17      21    28.0    18.0
   104.577    32.106    15.362    54.000     0.105      16      19    30.0    18.0
   104.562    32.093    15.362    54.000     0.061      14      23    32.0    18.0
   104.547    32.080    15.362    54.000     0.039      13      19    34.0    18.0
   104.532    32.067    15.362    54.000     0.028      42       1    36.0    18.0
   104.518    32.054    15.362    54.000     0.016      42       1    38.0    18.0
   104.503    32.041    15.362    54.000     0.009      75       1    40.0    18.0
   104.488    32.028    15.362    54.000     0.009      96      13    42.0    18.0
   104.473    32.015    15.362    54.000     0.029      95       7    44.0    18.0
   104.459    32.002    15.362    54.000     0.024      33      15    46.0    18.0
   104.444    31.989    15.362    54.000     0.015      31      19    48.0    18.0
   104.429    31.976    15.362    54.000     0.013      28      18    50.0    18.0
   104.415    31.963    15.362    54.000     0.039      24       7    52.0    18.0
   104.400    31.950    15.362    54.000     0.020      23      28    54.0    18.0
   104.385    31.937    15.362    54.000     0.016      27      31    56.0    18.0
   104.371    31.924    15.362    54.000     0.022      26      31    58.0    18.0
   104.356    31.911    15.362    54.000     0.013      27      31    60.0    18.0
   104.341    31.898    15.362    54.000     0.008      97      36    62.0    18.0
   104.327    31.885    15.362    54.000     0.005      96      35    64.0    18.0
   104.807    32.292    13.744    54.000     0.054      56       4     0.0    16.0
   104.792    32.280    13.744    54.000     0.030      55       4     2.0    16.0
   104.778    32.267    13.744    54.000     0.018      67      36     4.0    16.0
   104.763    32.254    13.744    54.000     0.017      66      34     6.0    16.0
   104.748    32.241    13.744    54.000     0.019      65      33     8.0    16.0
   104.733    32.228    13.744    54.000     0.016      94      35    10.0    16.0
   104.718    32.215    13.744    54.000     0.024      49       1    12.0    16.0
   104.704    32.202    13.744    54.000     0.018      21       5    14.0    16.0
   104.689    32.189    13.744    54.000     0.018      11      37    16.0    16.0
   104.674    32.176    13.744    54.000     0.020      16       4    18.0    16.0
   104.659    32.163    13.744    54.000     0.017       6      35    20.0    16.0
   104.645    32.150    13.744    54.000     0.019      94      10    22.0    16.0
   104.630    32.137    13.744    54.000     0.015      15       6    24.0    16.0
   104.615    32.124    13.744    54.000     0.020      15       8    26.0    16.0
   104.600    32.111    13.744    54.000     0.023       7       1    28.0    16.0
   104.586    32.098    13.744    54.000     0.053      16      27    30.0    16.0
   104.571    32.085    13.744    54.000     0.045      19      22    32.0    16.0
   104.556    32.072    13.744    54.000     0.062       3       1    34.0    16.0
   104.541    32.059    13.744    54.000     0.052      17      37    36.0    16.0
   104.527    32.047    13.744    54.000     0.046      16      37    38.0    16.0
   104.512    32.034    13.744    54.000     0.053      16      37    40.0    16.0
   104.497    32.021    13.744    54.000     0.055      64      16    42.0    16.0
   104.482    32.008    13.744    54.000     0.070      65      14    44.0    16.0
   104.468    31.995    13.744    54.000     0.079      63      14    46.0    16.0
   104.453    31.982    13.744    54.000     0.051      64      28    48.0    16.0
   104.438    31.969    13.744    54.000     0.039      62      28    50.0    16.0
   104.424    31.956    13.744    54.000     0.024      77       1    52.0    16.0
   104.409    31.943    13.744    54.000     0.051      65      36    54.0    16.0
   104.394    31.930    13.744    54.000     0.044      66      37    56.0    16.0
   104.380    31.917    13.744    54.000     0.023      64      37    58.0    16.0
   104.365    31.904    13.744    54.000     0.015      13       6    60.0    16.0
   104.350    31.891    13.744    54.000     0.006      13       4    62.0    16.0
   104.336    31.878    13.744    54.000     0.007       9       6    64.0    16.0
   104.816    32.285    12.126    54.000     0.006       6      29     0.0    14.0
   104.801    32.272    12.126    54.000     0.005       8      18     2.0    14.0
   104.786    32.259    12.126    54.000     0.012      46      10     4.0    14.0
   104.772    32.246    12.126    54.000     0.033      45      10     6.0    14.0
   104.757    32.233    12.126    54.000     0.011      99      32     8.0    14.0
   104.742    32.220    12.126    54.000     0.029      93      19    10.0    14.0
   104.727    32.207    12.126    54.000     0.118      95      28    12.0    14.0
   104.713    32.195    12.126    54.000     0.060      97      23    14.0    14.0
   104.698    32.182    12.126    54.000     0.036      94      10    16.0    14.0
   104.683    32.169    12.126    54.000     0.029      94       6    18.0    14.0
   104.668    32.156    12.126    54.000     0.015       1      37    20.0    14.0
   104.653    32.143    12.126    54.000     0.011      99      34    22.0    14.0
   104.639    32.130    12.126    54.000     0.012      18       4    24.0    14.0
   104.624    32.117    12.126    54.000     0.014      17       3    26.0    14.0
   104.609    32.104    12.126    54.000     0.015      48      23    28.0    14.0
   104.594    32.091    12.126    54.000     0.016      46      23    30.0    14.0
   104.580    32.078    12.126    54.000     0.021      21      35    32.0    14.0
   104.565    32.065    12.126    54.000     0.097      19      35    34.0    14.0
   104.550    32.052    12.126    54.000     0.138      19      36    36.0    14.0
   104.536    32.039    12.126    54.000     0.136      17      36    38.0    14.0
   104.521    32.026    12.126    54.000     0.045      16      35    40.0    14.0
   104.506    32.013    12.126    54.000     0.027      61      25    42.0    14.0
   104.491    32.000    12.126    54.000     0.034      60      28    44.0    14.0
   104.477    31.987    12.126    54.000     0.023      62       8    46.0    14.0
   104.462    31.974    12.126    54.000     0.021      60       9    48.0    14.0
   104.447    31.961    12.126    54.000     0.018      61      13    50.0    14.0
   104.433    31.948    12.126    54.000     0.024      82       1    52.0    14.0
   104.418    31.935    12.126    54.000     0.018      67      37    54.0    14.0
   104.403    31.922    12.126    54.000     0.021      94      34    56.0    14.0
   104.388    31.909    12.126    54.000     0.022      69      37    58.0    14.0
   104.374    31.896    12.126    54.000     0.019      91      32    60.0    14.0
   104.359    31.884    12.126    54.000     0.015      93      17    62.0    14.0
   104.344    31.871    12.126    54.000     0.018      92      19    64.0    14.0
   104.825    32.278    10.508    54.000     0.067      45       3     0.0    12.0
   104.810    32.265    10.508    54.000     0.046      44       4     2.0    12.0
   104.795    32.252    10.508    54.000     0.029      75       4     4.0    12.0
   104.781    32.239    10.508    54.000     0.025       8      37     6.0    12.0
   104.766    32.226    10.508    54.000     0.016      41       1     8.0    12.0
   104.751    32.213    10.508    54.000     0.016      38       1    10.0    12.0
   104.736    32.200    10.508    54.000     0.017       3      37    12.0    12.0
   104.722    32.187    10.508    54.000     0.016       2      37    14.0    12.0
   104.707    32.174    10.508    54.000     0.018      14       1    16.0    12.0
   104.692    32.161    10.508    54.000     0.031      11       1    18.0    12.0
   104.677    32.148    10.508    54.000     0.024       9       3    20.0    12.0
   104.662    32.135    10.508    54.000     0.010       8       5    22.0    12.0
   104.648    32.122    10.508    54.000     0.018      34      32    24.0    12.0
   104.633    32.109    10.508    54.000     0.030      33      33    26.0    12.0
   104.618    32.097    10.508    54.000     0.028      30      33    28.0    12.0
   104.603    32.084    10.508    54.000     0.028      29      22    30.0    12.0
   104.589    32.071    10.508    54.000     0.054       7      37    32.0    12.0
   104.574    32.058    10.508    54.000     0.075       6      37    34.0    12.0
   104.559    32.045    10.508    54.000     0.051       6      37    36.0    12.0
   104.544    32.032    10.508    54.000     0.052      23      30    38.0    12.0
   104.530    32.019    10.508    54.000     0.057      23      17    40.0    12.0
   104.515    32.006    10.508    54.000     0.052      23      14    42.0    12.0
   104.500    31.993    10.508    54.000     0.041      21      14    44.0    12.0
   104.486    31.980    10.508    54.000     0.018      16      15    46.0    12.0
   104.471    31.967    10.508    54.000     0.016      16      13    48.0    12.0
   104.456    31.954    10.508    54.000     0.020      12       8    50.0    12.0
   104.441    31.941    10.508    54.000     0.021      61      36    52.0    12.0
   104.427    31.928    10.508    54.000     0.013       8       7    54.0    12.0
   104.412    31.915    10.508    54.000     0.017       4       3    56.0    12.0
   104.397    31.902    10.508    54.000     0.034      92      11    58.0    12.0
   104.383    31.889    10.508    54.000     0.041      91      10    60.0    12.0
   104.368    31.876    10.508    54.000     0.055      94      11    62.0    12.0
   104.353    31.863    10.508    54.000     0.046      93      20    64.0    12.0
   104.834    32.270     8.890    54.000     0.027      82       4     0.0    10.0
   104.819    32.257     8.890    54.000     0.026      81      33     2.0    10.0
   104.804    32.244     8.890    54.000     0.052      80      33     4.0    10.0
   104.790    32.231     8.890    54.000     0.031      80      33     6.0    10.0
   104.775    32.219     8.890    54.000     0.032      28      11     8.0    10.0
   104.760    32.206     8.890    54.000     0.030      28       7    10.0    10.0
   104.745    32.193     8.890    54.000     0.015      28       4    12.0    10.0
   104.730    32.180     8.890    54.000     0.014       1      34    14.0    10.0
   104.716    32.167     8.890    54.000     0.016       1       5    16.0    10.0
   104.701    32.154     8.890    54.000     0.011       2       5    18.0    10.0
   104.686    32.141     8.890    54.000     0.010      37      26    20.0    10.0
   104.671    32.128     8.890    54.000     0.018      36      24    22.0    10.0
   104.657    32.115     8.890    54.000     0.039      36      26    24.0    10.0
   104.642    32.102     8.890    54.000     0.077      36      26    26.0    10.0
   104.627    32.089     8.890    54.000     0.071      35      22    28.0    10.0
   104.612    32.076     8.890    54.000     0.085      36      25    30.0    10.0
   104.598    32.063     8.890    54.000     0.060      29      21    32.0    10.0
   104.583    32.050     8.890    54.000     0.158       9      37    34.0    10.0
   104.568    32.037     8.890    54.000     0.201       9      37    36.0    10.0
   104.553    32.024     8.890    54.000     0.141       8      37    38.0    10.0
   104.539    32.011     8.890    54.000     0.053       3      36    40.0    10.0
   104.524    31.998     8.890    54.000     0.033      81      13    42.0    10.0
   104.509    31.986     8.890    54.000     0.041      19      26    44.0    10.0
   104.495    31.973     8.890    54.000     0.041      48      14    46.0    10.0
   104.480    31.960     8.890    54.000     0.029      48      27    48.0    10.0
   104.465    31.947     8.890    54.000     0.016      61      37    50.0    10.0
   104.450    31.934     8.890    54.000     0.024      58      37    52.0    10.0
   104.436    31.921     8.890    54.000     0.023      62      37    54.0    10.0
   104.421    31.908     8.890    54.000     0.032      61      37    56.0    10.0
   104.406    31.895     8.890    54.000     0.017      46       1    58.0    10.0
   104.392    31.882     8.890    54.000     0.009      65      21    60.0    10.0
   104.377    31.869     8.890    54.000     0.007      93      21    62.0    10.0
   104.362    31.856     8.890    54.000     0.014      34       8    64.0    10.0
   104.843    32.263     7.272    54.000     0.012      30      35     0.0     8.0
   104.828    32.250     7.272    54.000     0.010      59       1     2.0     8.0
   104.813    32.237     7.272    54.000     0.029      32       5     4.0     8.0
   104.799    32.224     7.272    54.000     0.036      32       5     6.0     8.0
   104.784    32.211     7.272    54.000     0.030      32       5     8.0     8.0
   104.769    32.198     7.272    54.000     0.027      30       2    10.0     8.0
   104.754    32.185     7.272    54.000     0.029       3       7    12.0     8.0
   104.739    32.172     7.272    54.000     0.015       3       7    14.0     8.0
   104.725    32.159     7.272    54.000     0.009       3       5    16.0     8.0
   104.710    32.147     7.272    54.000     0.005      75       3    18.0     8.0
   104.695    32.134     7.272    54.000     0.012      74       3    20.0     8.0
   104.680    32.121     7.272    54.000     0.008      74       4    22.0     8.0
   104.666    32.108     7.272    54.000     0.009      57       1    24.0     8.0
   104.651    32.095     7.272    54.000     0.020      57       1    26.0     8.0
   104.636    32.082     7.272    54.000     0.043      56       1    28.0     8.0
   104.621    32.069     7.272    54.000     0.046      55       1    30.0     8.0
   104.607    32.056     7.272    54.000     0.036      54       1    32.0     8.0
   104.592    32.043     7.272    54.000     0.044      73      31    34.0     8.0
   104.577    32.030     7.272    54.000     0.029      76      14    36.0     8.0
   104.562    32.017     7.272    54.000     0.040      75      13    38.0     8.0
   104.548    32.004     7.272    54.000     0.044       8      18    40.0     8.0
   104.533    31.991     7.272    54.000     0.062       7      18    42.0     8.0
   104.518    31.978     7.272    54.000     0.106       5       5    44.0     8.0
   104.503    31.965     7.272    54.000     0.083       5       4    46.0     8.0
   104.489    31.952     7.272    54.000     0.099       5       3    48.0     8.0
   104.474    31.939     7.272    54.000     0.088       4       2    50.0     8.0
   104.459    31.926     7.272    54.000     0.036       2       3    52.0     8.0
   104.445    31.913     7.272    54.000     0.012      77      35    54.0     8.0
   104.430    31.900     7.272    54.000     0.010      76      33    56.0     8.0
   104.415    31.887     7.272    54.000     0.012      75      31    58.0     8.0
   104.401    31.874     7.272    54.000     0.007      39      24    60.0     8.0
   104.386    31.861     7.272    54.000     0.011      39      11    62.0     8.0
   104.371    31.848     7.272    54.000     0.014      76       2    64.0     8.0
   104.852    32.255     5.654    54.000     0.016      70      15     0.0     6.0
   104.837    32.243     5.654    54.000     0.014      74      30     2.0     6.0
   104.822    32.230     5.654    54.000     0.013      70      25     4.0     6.0
   104.807    32.217     5.654    54.000     0.010      70      30     6.0     6.0
   104.793    32.204     5.654    54.000     0.011      73      31     8.0     6.0
   104.778    32.191     5.654    54.000     0.012      12       2    10.0     6.0
   104.763    32.178     5.654    54.000     0.013      80      35    12.0     6.0
   104.748    32.165     5.654    54.000     0.012      43       4    14.0     6.0
   104.734    32.152     5.654    54.000     0.015      41       2    16.0     6.0
   104.719    32.139     5.654    54.000     0.013      40       2    18.0     6.0
   104.704    32.126     5.654    54.000     0.013      38       2    20.0     6.0
   104.689    32.113     5.654    54.000     0.011      80      34    22.0     6.0
   104.674    32.100     5.654    54.000     0.043      81      36    24.0     6.0
   104.660    32.087     5.654    54.000     0.036      81      36    26.0     6.0
   104.645    32.074     5.654    54.000     0.022      80      36    28.0     6.0
   104.630    32.061     5.654    54.000     0.016      38      37    30.0     6.0
   104.616    32.049     5.654    54.000     0.030      36      37    32.0     6.0
   104.601    32.036     5.654    54.000     0.041      36      37    34.0     6.0
   104.586    32.023     5.654    54.000     0.054      33      37    36.0     6.0
   104.571    32.010     5.654    54.000     0.100      10       7    38.0     6.0
   104.557    31.997     5.654    54.000     0.151      10       6    40.0     6.0
   104.542    31.984     5.654    54.000     0.185      10       6    42.0     6.0
   104.527    31.971     5.654    54.000     0.112      10       6    44.0     6.0
   104.512    31.958     5.654    54.000     0.044      10       5    46.0     6.0
   104.498    31.945     5.654    54.000     0.021      39       4    48.0     6.0
   104.483    31.932     5.654    54.000     0.021      43      30    50.0     6.0
   104.468    31.919     5.654    54.000     0.036      47      33    52.0     6.0
   104.454    31.906     5.654    54.000     0.059      95       1    54.0     6.0
   104.439    31.893     5.654    54.000     0.034      45      33    56.0     6.0
   104.424    31.880     5.654    54.000     0.032      45      35    58.0     6.0
   104.410    31.867     5.654    54.000     0.021      79       9    60.0     6.0
   104.395    31.854     5.654    54.000     0.026      80       8    62.0     6.0
   104.380    31.841     5.654    54.000     0.027      80       8    64.0     6.0
   104.861    32.248     4.036    54.000     0.017      67       5     0.0     4.0
   104.846    32.235     4.036    54.000     0.014      94      33     2.0     4.0
   104.831    32.222     4.036    54.000     0.026      97      34     4.0     4.0
   104.816    32.209     4.036    54.000     0.033      96      33     6.0     4.0
   104.802    32.196     4.036    54.000     0.023      96      34     8.0     4.0
   104.787    32.183     4.036    54.000     0.014      93      34    10.0     4.0
   104.772    32.171     4.036    54.000     0.015      68      34    12.0     4.0
   104.757    32.158     4.036    54.000     0.015      66      36    14.0     4.0
   104.742    32.145     4.036    54.000     0.009      39      37    16.0     4.0
   104.728    32.132     4.036    54.000     0.007      78       1    18.0     4.0
   104.713    32.119     4.036    54.000     0.009      94      37    20.0     4.0
   104.698    32.106     4.036    54.000     0.016      94      37    22.0     4.0
   104.683    32.093     4.036    54.000     0.018      94      37    24.0     4.0
   104.669    32.080     4.036    54.000     0.021      45       3    26.0     4.0
   104.654    32.067     4.036    54.000     0.021      42       4    28.0     4.0
   104.639    32.054     4.036    54.000     0.023      42       5    30.0     4.0
   104.624    32.041     4.036    54.000     0.054      11       3    32.0     4.0
   104.610    32.028     4.036    54.000     0.058      12       3    34.0     4.0
   104.595    32.015     4.036    54.000     0.033      94       2    36.0     4.0
   104.580    32.002     4.036    54.000     0.031      94       2    38.0     4.0
   104.566    31.989     4.036    54.000     0.062      94       2    40.0     4.0
   104.551    31.976     4.036    54.000     0.030      39      27    42.0     4.0
   104.536    31.963     4.036    54.000     0.045      37      24    44.0     4.0
   104.521    31.950     4.036    54.000     0.072      37      23    46.0     4.0
   104.507    31.937     4.036    54.000     0.065       7      35    48.0     4.0
   104.492    31.925     4.036    54.000     0.042       8      35    50.0     4.0
   104.477    31.912     4.036    54.000     0.050       8      32    52.0     4.0
   104.463    31.899     4.036    54.000     0.052       8      32    54.0     4.0
   104.448    31.886     4.036    54.000     0.030      77       5    56.0     4.0
   104.433    31.873     4.036    54.000     0.022      77       6    58.0     4.0
   104.418    31.860     4.036    54.000     0.025      50      19    60.0     4.0
   104.404    31.847     4.036    54.000     0.037      76      18    62.0     4.0
   104.389    31.834     4.036    54.000     0.026      76      26    64.0     4.0
   104.870    32.241     2.418    54.000     0.020       6       3     0.0     2.0
   104.855    32.228     2.418    54.000     0.026      87      31     2.0     2.0
   104.840    32.215     2.418    54.000     0.022      87      31     4.0     2.0
   104.825    32.202     2.418    54.000     0.023      87      33     6.0     2.0
   104.811    32.189     2.418    54.000     0.024      37       1     8.0     2.0
   104.796    32.176     2.418    54.000     0.015      37       1    10.0     2.0
   104.781    32.163     2.418    54.000     0.015      39       1    12.0     2.0
   104.766    32.150     2.418    54.000     0.009      37       1    14.0     2.0
   104.751    32.137     2.418    54.000     0.014      67       3    16.0     2.0
   104.737    32.124     2.418    54.000     0.013      67      11    18.0     2.0
   104.722    32.111     2.418    54.000     0.010      68       9    20.0     2.0
   104.707    32.098     2.418    54.000     0.017      99       4    22.0     2.0
   104.692    32.086     2.418    54.000     0.026      97       4    24.0     2.0
   104.678    32.073     2.418    54.000     0.048      96       6    26.0     2.0
   104.663    32.060     2.418    54.000     0.053      97      11    28.0     2.0
   104.648    32.047     2.418    54.000     0.079      94      12    30.0     2.0
   104.633    32.034     2.418    54.000     0.054      94      11    32.0     2.0
   104.619    32.021     2.418    54.000     0.045      59      33    34.0     2.0
   104.604    32.008     2.418    54.000     0.042      58      34    36.0     2.0
   104.589    31.995     2.418    54.000     0.053      29       6    38.0     2.0
   104.574    31.982     2.418    54.000     0.048      27      12    40.0     2.0
   104.560    31.969     2.418    54.000     0.043      27      16    42.0     2.0
   104.545    31.956     2.418    54.000     0.023      25      29    44.0     2.0
   104.530    31.943     2.418    54.000     0.019      94      35    46.0     2.0
   104.516    31.930     2.418    54.000     0.012       1      30    48.0     2.0
   104.501    31.917     2.418    54.000     0.014      72      28    50.0     2.0
   104.486    31.904     2.418    54.000     0.015       9       1    52.0     2.0
   104.471    31.891     2.418    54.000     0.015      95       6    54.0     2.0
   104.457    31.878     2.418    54.000     0.038      95       7    56.0     2.0
   104.442    31.865     2.418    54.000     0.040      97       7    58.0     2.0
   104.427    31.852     2.418    54.000     0.045      95      10    60.0     2.0
   104.413    31.839     2.418    54.000     0.043      96      21    62.0     2.0
   104.398    31.826     2.418    54.000     0.064      95      18    64.0     2.0
   104.879    32.233     0.800    54.000     0.012      55      30     0.0     0.0
   104.864    32.220     0.800    54.000     0.018      95       2     2.0     0.0
   104.849    32.207     0.800    54.000     0.018      94       6     4.0     0.0
   104.834    32.195     0.800    54.000     0.017      93      10     6.0     0.0
   104.819    32.182     0.800    54.000     0.018      63      36     8.0     0.0
   104.805    32.169     0.800    54.000     0.015      62      37    10.0     0.0
   104.790    32.156     0.800    54.000     0.016       7      34    12.0     0.0
   104.775    32.143     0.800    54.000     0.019      69      16    14.0     0.0
   104.760    32.130     0.800    54.000     0.005      68      16    16.0     0.0
   104.746    32.117     0.800    54.000     0.007      11       6    18.0     0.0
   104.731    32.104     0.800    54.000     0.018      14      32    20.0     0.0
   104.716    32.091     0.800    54.000     0.022      13      32    22.0     0.0
   104.701    32.078     0.800    54.000     0.009      13      30    24.0     0.0
   104.687    32.065     0.800    54.000     0.013      99      31    26.0     0.0
   104.672    32.052     0.800    54.000     0.017     100      32    28.0     0.0
   104.657    32.039     0.800    54.000     0.033      97      32    30.0     0.0
   104.642    32.026     0.800    54.000     0.028      97      33    32.0     0.0
   104.628    32.013     0.800    54.000     0.028      98      33    34.0     0.0
   104.613    32.000     0.800    54.000     0.022      60      32    36.0     0.0
   104.598    31.988     0.800    54.000     0.049      61      34    38.0     0.0
   104.583    31.975     0.800    54.000     0.057      62      36    40.0     0.0
   104.569    31.962     0.800    54.000     0.025      61      36    42.0     0.0
   104.554    31.949     0.800    54.000     0.018      66      37    44.0     0.0
   104.539    31.936     0.800    54.000     0.018      65      37    46.0     0.0
   104.525    31.923     0.800    54.000     0.013       3      36    48.0     0.0
   104.510    31.910     0.800    54.000     0.016      20       3    50.0     0.0
   104.495    31.897     0.800    54.000     0.018      36      36    52.0     0.0
   104.480    31.884     0.800    54.000     0.019       6      35    54.0     0.0
   104.466    31.871     0.800    54.000     0.034       4      34    56.0     0.0
   104.451    31.858     0.800    54.000     0.020       3      34    58.0     0.0
   104.436    31.845     0.800    54.000     0.017       3      36    60.0     0.0
   104.422    31.832     0.800    54.000     0.014      92       7    62.0     0.0
   104.407    31.819     0.800    54.000     0.011      62       3    64.0     0.0
