   104.700    32.381    33.161    54.000     0.017      10      21     0.0    40.0
   104.685    32.368    33.161    54.000     0.030      12      34     2.0    40.0
   104.670    32.355    33.161    54.000     0.034      11      35     4.0    40.0
   104.655    32.342    33.161    54.000     0.027      61      37     6.0    40.0
   104.641    32.329    33.161    54.000     0.015      43       3     8.0    40.0
   104.626    32.316    33.161    54.000     0.021      40       5    10.0    40.0
   104.611    32.303    33.161    54.000     0.044      14       2    12.0    40.0
   104.596    32.290    33.161    54.000     0.079      14       3    14.0    40.0
   104.581    32.278    33.161    54.000     0.057      14       3    16.0    40.0
   104.567    32.265    33.161    54.000     0.048      68      30    18.0    40.0
   104.552    32.252    33.161    54.000     0.026      12       2    20.0    40.0
   104.537    32.239    33.161    54.000     0.018      43      34    22.0    40.0
   104.522    32.226    33.161    54.000     0.013      44      35    24.0    40.0
   104.508    32.213    33.161    54.000     0.026      48      23    26.0    40.0
   104.493    32.200    33.161    54.000     0.043      51      31    28.0    40.0
   104.478    32.187    33.161    54.000     0.086      50      24    30.0    40.0
   104.463    32.174    33.161    54.000     0.086      48      28    32.0    40.0
   104.449    32.161    33.161    54.000     0.066      46      29    34.0    40.0
   104.434    32.148    33.161    54.000     0.027      55       4    36.0    40.0
   104.419    32.135    33.161    54.000     0.026      88       7    38.0    40.0
   104.404    32.122    33.161    54.000     0.016      55       4    40.0    40.0
   104.390    32.109    33.161    54.000     0.036      50       3    42.0    40.0
   104.375    32.096    33.161    54.000     0.037      80       1    44.0    40.0
   104.360    32.083    33.161    54.000     0.042      63      33    46.0    40.0
   104.346    32.070    33.161    54.000     0.038      61      31    48.0    40.0
   104.331    32.057    33.161    54.000     0.026     100      37    50.0    40.0
   104.316    32.044    33.161    54.000     0.029      98      37    52.0    40.0
   104.301    32.031    33.161    54.000     0.032      94      36    54.0    40.0
   104.287    32.018    33.161    54.000     0.034      95      37    56.0    40.0
   104.272    32.005    33.161    54.000     0.050      17      36    58.0    40.0
   104.257    31.992    33.161    54.000     0.065       2       1    60.0    40.0
   104.243    31.979    33.161    54.000     0.076      17      36    62.0    40.0
   104.228    31.966    33.161    54.000     0.090      17      36    64.0    40.0
   104.709    32.374    31.543    54.000     0.012      50      28     0.0    38.0
   104.694    32.361    31.543    54.000     0.029      18      32     2.0    38.0
   104.679    32.348    31.543    54.000     0.050      18      32     4.0    38.0
   104.664    32.335    31.543    54.000     0.057      17      29     6.0    38.0
   104.649    32.322    31.543    54.000     0.059      17      25     8.0    38.0
   104.635    32.309    31.543    54.000     0.054      17      20    10.0    38.0
   104.620    32.296    31.543    54.000     0.056      17      16    12.0    38.0
   104.605    32.283    31.543    54.000     0.076     100      22    14.0    38.0
   104.590    32.270    31.543    54.000     0.050      14       2    16.0    38.0
   104.576    32.257    31.543    54.000     0.049      12       2    18.0    38.0
   104.561    32.244    31.543    54.000     0.029      56       2    20.0    38.0
   104.546    32.231    31.543    54.000     0.033      55       2    22.0    38.0
   104.531    32.218    31.543    54.000     0.028      55       2    24.0    38.0
   104.517    32.205    31.543    54.000     0.033       1      12    26.0    38.0
   104.502    32.192    31.543    54.000     0.046       1      10    28.0    38.0
   104.487    32.179    31.543    54.000     0.038      83      18    30.0    38.0
   104.472    32.166    31.543    54.000     0.035      82      20    32.0    38.0
   104.458    32.154    31.543    54.000     0.060      51      29    34.0    38.0
   104.443    32.141    31.543    54.000     0.042      81      27    36.0    38.0
   104.428    32.128    31.543    54.000     0.025      82      29    38.0    38.0
   104.413    32.115    31.543    54.000     0.012      88       6    40.0    38.0
   104.399    32.102    31.543    54.000     0.013      25       2    42.0    38.0
   104.384    32.089    31.543    54.000     0.021      15       4    44.0    38.0
   104.369    32.076    31.543    54.000     0.016      18       3    46.0    38.0
   104.355    32.063    31.543    54.000     0.018      15       5    48.0    38.0
   104.340    32.050    31.543    54.000     0.024      64      29    50.0    38.0
   104.325    32.037    31.543    54.000     0.047      96      36    52.0    38.0
   104.310    32.024    31.543    54.000     0.058      95      36    54.0    38.0
   104.296    32.011    31.543    54.000     0.033      91      37    56.0    38.0
   104.281    31.998    31.543    54.000     0.043      91      37    58.0    38.0
   104.266    31.985    31.543    54.000     0.051     100       6    60.0    38.0
   104.252    31.972    31.543    54.000     0.040      30       3    62.0    38.0
   104.237    31.959    31.543    54.000     0.050      28       4    64.0    38.0
   104.718    32.366    29.925    54.000     0.021      53      30     0.0    36.0
   104.703    32.353    29.925    54.000     0.028      87      32     2.0    36.0
   104.688    32.340    29.925    54.000     0.039      50      36     4.0    36.0
   104.673    32.328    29.925    54.000     0.037      90      37     6.0    36.0
   104.658    32.315    29.925    54.000     0.039      91      37     8.0    36.0
   104.644    32.302    29.925    54.000     0.028      92      37    10.0    36.0
   104.629    32.289    29.925    54.000     0.020      93      37    12.0    36.0
   104.614    32.276    29.925    54.000     0.043      56      12    14.0    36.0
   104.599    32.263    29.925    54.000     0.056      56      16    16.0    36.0
   104.585    32.250    29.925    54.000     0.033      58      11    18.0    36.0
   104.570    32.237    29.925    54.000     0.025      56       9    20.0    36.0
   104.555    32.224    29.925    54.000     0.033       1      30    22.0    36.0
   104.540    32.211    29.925    54.000     0.033      52       1    24.0    36.0
   104.526    32.198    29.925    54.000     0.036      65      32    26.0    36.0
   104.511    32.185    29.925    54.000     0.042      62      35    28.0    36.0
   104.496    32.172    29.925    54.000     0.030      31      34    30.0    36.0
   104.481    32.159    29.925    54.000     0.013      90       2    32.0    36.0
   104.467    32.146    29.925    54.000     0.010      47      15    34.0    36.0
   104.452    32.133    29.925    54.000     0.007      79      26    36.0    36.0
   104.437    32.120    29.925    54.000     0.026      76      26    38.0    36.0
   104.422    32.107    29.925    54.000     0.030      77      29    40.0    36.0
   104.408    32.094    29.925    54.000     0.049      21       2    42.0    36.0
   104.393    32.081    29.925    54.000     0.067      20       2    44.0    36.0
   104.378    32.068    29.925    54.000     0.040      20       2    46.0    36.0
   104.364    32.055    29.925    54.000     0.020      25       4    48.0    36.0
   104.349    32.042    29.925    54.000     0.027      24       3    50.0    36.0
   104.334    32.029    29.925    54.000     0.074      63      28    52.0    36.0
   104.319    32.016    29.925    54.000     0.130      62      27    54.0    36.0
   104.305    32.003    29.925    54.000     0.187      63      28    56.0    36.0
   104.290    31.990    29.925    54.000     0.130      61      22    58.0    36.0
   104.275    31.977    29.925    54.000     0.097      62      28    60.0    36.0
   104.261    31.964    29.925    54.000     0.067      63      17    62.0    36.0
   104.246    31.951    29.925    54.000     0.111      91      24    64.0    36.0
   104.727    32.359    28.307    54.000     0.015      28      28     0.0    34.0
   104.712    32.346    28.307    54.000     0.019      57      32     2.0    34.0
   104.697    32.333    28.307    54.000     0.044      29      35     4.0    34.0
   104.682    32.320    28.307    54.000     0.032      27      35     6.0    34.0
   104.667    32.307    28.307    54.000     0.022      26      35     8.0    34.0
   104.653    32.294    28.307    54.000     0.026      54      32    10.0    34.0
   104.638    32.281    28.307    54.000     0.036      55      20    12.0    34.0
   104.623    32.268    28.307    54.000     0.030      26       2    14.0    34.0
   104.608    32.255    28.307    54.000     0.053      27       2    16.0    34.0
   104.594    32.242    28.307    54.000     0.055       1       1    18.0    34.0
   104.579    32.230    28.307    54.000     0.053       1       1    20.0    34.0
   104.564    32.217    28.307    54.000     0.026       2       2    22.0    34.0
   104.549    32.204    28.307    54.000     0.027      94       6    24.0    34.0
   104.534    32.191    28.307    54.000     0.013      48       4    26.0    34.0
   104.520    32.178    28.307    54.000     0.021      66      32    28.0    34.0
   104.505    32.165    28.307    54.000     0.029      63      32    30.0    34.0
   104.490    32.152    28.307    54.000     0.060      64      33    32.0    34.0
   104.476    32.139    28.307    54.000     0.045      66      35    34.0    34.0
   104.461    32.126    28.307    54.000     0.017      28      33    36.0    34.0
   104.446    32.113    28.307    54.000     0.011       2      31    38.0    34.0
   104.431    32.100    28.307    54.000     0.013      82      29    40.0    34.0
   104.417    32.087    28.307    54.000     0.034      26       6    42.0    34.0
   104.402    32.074    28.307    54.000     0.046      25       4    44.0    34.0
   104.387    32.061    28.307    54.000     0.064      30       9    46.0    34.0
   104.372    32.048    28.307    54.000     0.085      30       7    48.0    34.0
   104.358    32.035    28.307    54.000     0.159      31       7    50.0    34.0
   104.343    32.022    28.307    54.000     0.112      30      12    52.0    34.0
   104.328    32.009    28.307    54.000     0.071      29      12    54.0    34.0
   104.314    31.996    28.307    54.000     0.073      64      15    56.0    34.0
   104.299    31.983    28.307    54.000     0.078      63      17    58.0    34.0
   104.284    31.970    28.307    54.000     0.101      63      24    60.0    34.0
   104.270    31.957    28.307    54.000     0.083      63      26    62.0    34.0
   104.255    31.944    28.307    54.000     0.107      89       8    64.0    34.0
   104.736    32.352    26.689    54.000     0.019     100      23     0.0    32.0
   104.721    32.339    26.689    54.000     0.026     100      27     2.0    32.0
   104.706    32.326    26.689    54.000     0.009      30      33     4.0    32.0
   104.691    32.313    26.689    54.000     0.009      31      32     6.0    32.0
   104.676    32.300    26.689    54.000     0.027      28       2     8.0    32.0
   104.662    32.287    26.689    54.000     0.035       5      24    10.0    32.0
   104.647    32.274    26.689    54.000     0.052      95       1    12.0    32.0
   104.632    32.261    26.689    54.000     0.025      88      28    14.0    32.0
   104.617    32.248    26.689    54.000     0.026      96       1    16.0    32.0
   104.602    32.235    26.689    54.000     0.024      55      36    18.0    32.0
   104.588    32.222    26.689    54.000     0.034      51      31    20.0    32.0
   104.573    32.209    26.689    54.000     0.035      53      36    22.0    32.0
   104.558    32.196    26.689    54.000     0.028      53      36    24.0    32.0
   104.543    32.183    26.689    54.000     0.021      55      33    26.0    32.0
   104.529    32.170    26.689    54.000     0.012      53      10    28.0    32.0
   104.514    32.157    26.689    54.000     0.013      56      21    30.0    32.0
   104.499    32.144    26.689    54.000     0.019      34      36    32.0    32.0
   104.484    32.131    26.689    54.000     0.024      33      36    34.0    32.0
   104.470    32.118    26.689    54.000     0.024      33      33    36.0    32.0
   104.455    32.105    26.689    54.000     0.026      30      33    38.0    32.0
   104.440    32.093    26.689    54.000     0.021      31       4    40.0    32.0
   104.426    32.080    26.689    54.000     0.033      33      10    42.0    32.0
   104.411    32.067    26.689    54.000     0.075      32       5    44.0    32.0
   104.396    32.054    26.689    54.000     0.109      30       7    46.0    32.0
   104.381    32.041    26.689    54.000     0.099      30      17    48.0    32.0
   104.367    32.028    26.689    54.000     0.101      32      23    50.0    32.0
   104.352    32.015    26.689    54.000     0.083      34      26    52.0    32.0
   104.337    32.002    26.689    54.000     0.040      30      27    54.0    32.0
   104.323    31.989    26.689    54.000     0.044      86       3    56.0    32.0
   104.308    31.976    26.689    54.000     0.043      86       2    58.0    32.0
   104.293    31.963    26.689    54.000     0.067      85      10    60.0    32.0
   104.279    31.950    26.689    54.000     0.045      84       9    62.0    32.0
   104.264    31.937    26.689    54.000     0.053      65      37    64.0    32.0
   104.745    32.344    25.071    54.000     0.011      39      36     0.0    30.0
   104.730    32.331    25.071    54.000     0.010      94       1     2.0    30.0
   104.715    32.318    25.071    54.000     0.019      91       1     4.0    30.0
   104.700    32.305    25.071    54.000     0.028      92       1     6.0    30.0
   104.685    32.292    25.071    54.000     0.037       2       8     8.0    30.0
   104.671    32.279    25.071    54.000     0.043       1       9    10.0    30.0
   104.656    32.267    25.071    54.000     0.025      36      36    12.0    30.0
   104.641    32.254    25.071    54.000     0.014      88      30    14.0    30.0
   104.626    32.241    25.071    54.000     0.034      85      27    16.0    30.0
   104.611    32.228    25.071    54.000     0.036      86      27    18.0    30.0
   104.597    32.215    25.071    54.000     0.032      41       2    20.0    30.0
   104.582    32.202    25.071    54.000     0.023      39       2    22.0    30.0
   104.567    32.189    25.071    54.000     0.017      13      10    24.0    30.0
   104.552    32.176    25.071    54.000     0.021      56      34    26.0    30.0
   104.538    32.163    25.071    54.000     0.023      54      26    28.0    30.0
   104.523    32.150    25.071    54.000     0.023      54      22    30.0    30.0
   104.508    32.137    25.071    54.000     0.017      56      18    32.0    30.0
   104.493    32.124    25.071    54.000     0.008      24      17    34.0    30.0
   104.479    32.111    25.071    54.000     0.014      28      15    36.0    30.0
   104.464    32.098    25.071    54.000     0.024      26      16    38.0    30.0
   104.449    32.085    25.071    54.000     0.026      28      14    40.0    30.0
   104.435    32.072    25.071    54.000     0.016      27      21    42.0    30.0
   104.420    32.059    25.071    54.000     0.034      32       7    44.0    30.0
   104.405    32.046    25.071    54.000     0.036      32       6    46.0    30.0
   104.390    32.033    25.071    54.000     0.037      31      17    48.0    30.0
   104.376    32.020    25.071    54.000     0.040      78      34    50.0    30.0
   104.361    32.007    25.071    54.000     0.043      75      36    52.0    30.0
   104.346    31.994    25.071    54.000     0.048      32      37    54.0    30.0
   104.332    31.981    25.071    54.000     0.108      30      37    56.0    30.0
   104.317    31.968    25.071    54.000     0.132      27      37    58.0    30.0
   104.302    31.955    25.071    54.000     0.099      29      37    60.0    30.0
   104.288    31.942    25.071    54.000     0.031      27      36    62.0    30.0
   104.273    31.929    25.071    54.000     0.018      43       2    64.0    30.0
   104.753    32.337    23.452    54.000     0.055      42      33     0.0    28.0
   104.739    32.324    23.452    54.000     0.039      42      34     2.0    28.0
   104.724    32.311    23.452    54.000     0.035      69      29     4.0    28.0
   104.709    32.298    23.452    54.000     0.029      69      34     6.0    28.0
   104.694    32.285    23.452    54.000     0.044      86       1     8.0    28.0
   104.679    32.272    23.452    54.000     0.096      40       7    10.0    28.0
   104.665    32.259    23.452    54.000     0.100      41      27    12.0    28.0
   104.650    32.246    23.452    54.000     0.097      40      28    14.0    28.0
   104.635    32.233    23.452    54.000     0.032      38      16    16.0    28.0
   104.620    32.220    23.452    54.000     0.021      82       1    18.0    28.0
   104.606    32.207    23.452    54.000     0.028      81       1    20.0    28.0
   104.591    32.194    23.452    54.000     0.035      79       5    22.0    28.0
   104.576    32.181    23.452    54.000     0.024      15       7    24.0    28.0
   104.561    32.169    23.452    54.000     0.016      16       5    26.0    28.0
   104.547    32.156    23.452    54.000     0.024      22      33    28.0    28.0
   104.532    32.143    23.452    54.000     0.022      17      32    30.0    28.0
   104.517    32.130    23.452    54.000     0.028      52      37    32.0    28.0
   104.502    32.117    23.452    54.000     0.035      50      37    34.0    28.0
   104.488    32.104    23.452    54.000     0.024      51      37    36.0    28.0
   104.473    32.091    23.452    54.000     0.017      72       4    38.0    28.0
   104.458    32.078    23.452    54.000     0.036      70       3    40.0    28.0
   104.443    32.065    23.452    54.000     0.034      96      12    42.0    28.0
   104.429    32.052    23.452    54.000     0.023      99       7    44.0    28.0
   104.414    32.039    23.452    54.000     0.021      96       5    46.0    28.0
   104.399    32.026    23.452    54.000     0.058      93       2    48.0    28.0
   104.385    32.013    23.452    54.000     0.124      91       2    50.0    28.0
   104.370    32.000    23.452    54.000     0.089      92       1    52.0    28.0
   104.355    31.987    23.452    54.000     0.121      16       1    54.0    28.0
   104.341    31.974    23.452    54.000     0.170      31      36    56.0    28.0
   104.326    31.961    23.452    54.000     0.268      31      36    58.0    28.0
   104.311    31.948    23.452    54.000     0.178      33      36    60.0    28.0
   104.296    31.935    23.452    54.000     0.148      32      36    62.0    28.0
   104.282    31.922    23.452    54.000     0.071      30      36    64.0    28.0
   104.762    32.329    21.834    54.000     0.044      87       1     0.0    26.0
   104.748    32.316    21.834    54.000     0.065      88       1     2.0    26.0
   104.733    32.304    21.834    54.000     0.062      87       1     4.0    26.0
   104.718    32.291    21.834    54.000     0.054      72      36     6.0    26.0
   104.703    32.278    21.834    54.000     0.030      71      36     8.0    26.0
   104.688    32.265    21.834    54.000     0.028      99      23    10.0    26.0
   104.674    32.252    21.834    54.000     0.040     100      31    12.0    26.0
   104.659    32.239    21.834    54.000     0.069      99      31    14.0    26.0
   104.644    32.226    21.834    54.000     0.061     100      30    16.0    26.0
   104.629    32.213    21.834    54.000     0.049     100      30    18.0    26.0
   104.615    32.200    21.834    54.000     0.029      37      33    20.0    26.0
   104.600    32.187    21.834    54.000     0.042      36      34    22.0    26.0
   104.585    32.174    21.834    54.000     0.021       3      31    24.0    26.0
   104.570    32.161    21.834    54.000     0.019       2      32    26.0    26.0
   104.556    32.148    21.834    54.000     0.024       3      31    28.0    26.0
   104.541    32.135    21.834    54.000     0.016      37       6    30.0    26.0
   104.526    32.122    21.834    54.000     0.036      69       3    32.0    26.0
   104.511    32.109    21.834    54.000     0.041      38       7    34.0    26.0
   104.497    32.096    21.834    54.000     0.058      38       5    36.0    26.0
   104.482    32.083    21.834    54.000     0.059     100       2    38.0    26.0
   104.467    32.070    21.834    54.000     0.071      99       2    40.0    26.0
   104.452    32.057    21.834    54.000     0.108      94      25    42.0    26.0
   104.438    32.044    21.834    54.000     0.179      93      24    44.0    26.0
   104.423    32.032    21.834    54.000     0.092      92      21    46.0    26.0
   104.408    32.019    21.834    54.000     0.105      13      11    48.0    26.0
   104.394    32.006    21.834    54.000     0.067      70      34    50.0    26.0
   104.379    31.993    21.834    54.000     0.109      71      35    52.0    26.0
   104.364    31.980    21.834    54.000     0.078      71      31    54.0    26.0
   104.349    31.967    21.834    54.000     0.081      35      32    56.0    26.0
   104.335    31.954    21.834    54.000     0.056      32      33    58.0    26.0
   104.320    31.941    21.834    54.000     0.134       4      28    60.0    26.0
   104.305    31.928    21.834    54.000     0.184      31      29    62.0    26.0
   104.291    31.915    21.834    54.000     0.315      30      27    64.0    26.0
   104.771    32.322    20.216    54.000     0.018      86      10     0.0    24.0
   104.757    32.309    20.216    54.000     0.011      22       1     2.0    24.0
   104.742    32.296    20.216    54.000     0.004      22       1     4.0    24.0
   104.727    32.283    20.216    54.000     0.004      76       1     6.0    24.0
   104.712    32.270    20.216    54.000     0.008      95      24     8.0    24.0
   104.697    32.257    20.216    54.000     0.013      75      10    10.0    24.0
   104.683    32.244    20.216    54.000     0.012      72      17    12.0    24.0
   104.668    32.231    20.216    54.000     0.015      98      24    14.0    24.0
   104.653    32.219    20.216    54.000     0.040      97      31    16.0    24.0
   104.638    32.206    20.216    54.000     0.048      99      30    18.0    24.0
   104.624    32.193    20.216    54.000     0.097      99      29    20.0    24.0
   104.609    32.180    20.216    54.000     0.080     100      30    22.0    24.0
   104.594    32.167    20.216    54.000     0.075      38      33    24.0    24.0
   104.579    32.154    20.216    54.000     0.085      37      24    26.0    24.0
   104.564    32.141    20.216    54.000     0.115      36      23    28.0    24.0
   104.550    32.128    20.216    54.000     0.187      37       6    30.0    24.0
   104.535    32.115    20.216    54.000     0.325      36       9    32.0    24.0
   104.520    32.102    20.216    54.000     0.145      35       9    34.0    24.0
   104.506    32.089    20.216    54.000     0.089      34       3    36.0    24.0
   104.491    32.076    20.216    54.000     0.034       1       2    38.0    24.0
   104.476    32.063    20.216    54.000     0.022       1       2    40.0    24.0
   104.461    32.050    20.216    54.000     0.043      88      18    42.0    24.0
   104.447    32.037    20.216    54.000     0.044      88      20    44.0    24.0
   104.432    32.024    20.216    54.000     0.047      16      12    46.0    24.0
   104.417    32.011    20.216    54.000     0.069      15      14    48.0    24.0
   104.403    31.998    20.216    54.000     0.059      15      19    50.0    24.0
   104.388    31.985    20.216    54.000     0.109      42      35    52.0    24.0
   104.373    31.972    20.216    54.000     0.124      42      36    54.0    24.0
   104.358    31.959    20.216    54.000     0.083      57       1    56.0    24.0
   104.344    31.946    20.216    54.000     0.096      41      36    58.0    24.0
   104.329    31.933    20.216    54.000     0.095      42      36    60.0    24.0
   104.314    31.920    20.216    54.000     0.144      33      11    62.0    24.0
   104.300    31.907    20.216    54.000     0.157      31       7    64.0    24.0
   104.780    32.315    18.598    54.000     0.037       8      22     0.0    22.0
   104.766    32.302    18.598    54.000     0.043       9      32     2.0    22.0
   104.751    32.289    18.598    54.000     0.043       9      31     4.0    22.0
   104.736    32.276    18.598    54.000     0.027       7      32     6.0    22.0
   104.721    32.263    18.598    54.000     0.027      10      10     8.0    22.0
   104.706    32.250    18.598    54.000     0.030      10      12    10.0    22.0
   104.692    32.237    18.598    54.000     0.015      50      31    12.0    22.0
   104.677    32.224    18.598    54.000     0.020      48      27    14.0    22.0
   104.662    32.211    18.598    54.000     0.025      48      32    16.0    22.0
   104.647    32.198    18.598    54.000     0.029      45      31    18.0    22.0
   104.632    32.185    18.598    54.000     0.025      44      26    20.0    22.0
   104.618    32.172    18.598    54.000     0.052     100      14    22.0    22.0
   104.603    32.159    18.598    54.000     0.061     100      13    24.0    22.0
   104.588    32.146    18.598    54.000     0.101      69      13    26.0    22.0
   104.573    32.133    18.598    54.000     0.066      70      13    28.0    22.0
   104.559    32.120    18.598    54.000     0.035      97       9    30.0    22.0
   104.544    32.108    18.598    54.000     0.035      99       9    32.0    22.0
   104.529    32.095    18.598    54.000     0.049      76      36    34.0    22.0
   104.514    32.082    18.598    54.000     0.040      91       1    36.0    22.0
   104.500    32.069    18.598    54.000     0.050      92       1    38.0    22.0
   104.485    32.056    18.598    54.000     0.067      87      11    40.0    22.0
   104.470    32.043    18.598    54.000     0.117      87      12    42.0    22.0
   104.456    32.030    18.598    54.000     0.080      83      10    44.0    22.0
   104.441    32.017    18.598    54.000     0.078      52      10    46.0    22.0
   104.426    32.004    18.598    54.000     0.047      52      10    48.0    22.0
   104.411    31.991    18.598    54.000     0.075      13      37    50.0    22.0
   104.397    31.978    18.598    54.000     0.107      14      37    52.0    22.0
   104.382    31.965    18.598    54.000     0.185      29       1    54.0    22.0
   104.367    31.952    18.598    54.000     0.230      29       1    56.0    22.0
   104.353    31.939    18.598    54.000     0.214      28       1    58.0    22.0
   104.338    31.926    18.598    54.000     0.209      44      31    60.0    22.0
   104.323    31.913    18.598    54.000     0.159      41      25    62.0    22.0
   104.309    31.900    18.598    54.000     0.093      42      27    64.0    22.0
   104.789    32.307    16.980    54.000     0.006       6       3     0.0    20.0
   104.774    32.294    16.980    54.000     0.010       9       2     2.0    20.0
   104.760    32.281    16.980    54.000     0.008      56      37     4.0    20.0
   104.745    32.268    16.980    54.000     0.013      87      26     6.0    20.0
   104.730    32.256    16.980    54.000     0.018      85      27     8.0    20.0
   104.715    32.243    16.980    54.000     0.015      87      34    10.0    20.0
   104.701    32.230    16.980    54.000     0.015      87      34    12.0    20.0
   104.686    32.217    16.980    54.000     0.039      52      37    14.0    20.0
   104.671    32.204    16.980    54.000     0.055      50      35    16.0    20.0
   104.656    32.191    16.980    54.000     0.077      50      35    18.0    20.0
   104.641    32.178    16.980    54.000     0.101      53      37    20.0    20.0
   104.627    32.165    16.980    54.000     0.056      34       1    22.0    20.0
   104.612    32.152    16.980    54.000     0.033      47      35    24.0    20.0
   104.597    32.139    16.980    54.000     0.015      47      35    26.0    20.0
   104.582    32.126    16.980    54.000     0.012      82       4    28.0    20.0
   104.568    32.113    16.980    54.000     0.009      83       4    30.0    20.0
   104.553    32.100    16.980    54.000     0.040      50       4    32.0    20.0
   104.538    32.087    16.980    54.000     0.089      51       4    34.0    20.0
   104.523    32.074    16.980    54.000     0.090      85       7    36.0    20.0
   104.509    32.061    16.980    54.000     0.087      84       7    38.0    20.0
   104.494    32.048    16.980    54.000     0.083      15       4    40.0    20.0
   104.479    32.035    16.980    54.000     0.081       2      35    42.0    20.0
   104.465    32.022    16.980    54.000     0.054      78       2    44.0    20.0
   104.450    32.009    16.980    54.000     0.080      74       1    46.0    20.0
   104.435    31.996    16.980    54.000     0.193      72       1    48.0    20.0
   104.420    31.983    16.980    54.000     0.169      72       1    50.0    20.0
   104.406    31.970    16.980    54.000     0.159      73       1    52.0    20.0
   104.391    31.958    16.980    54.000     0.154      53      37    54.0    20.0
   104.376    31.945    16.980    54.000     0.123      54      37    56.0    20.0
   104.362    31.932    16.980    54.000     0.093      73       4    58.0    20.0
   104.347    31.919    16.980    54.000     0.076      16      34    60.0    20.0
   104.332    31.906    16.980    54.000     0.052      13      32    62.0    20.0
   104.318    31.893    16.980    54.000     0.032      14      28    64.0    20.0
   104.798    32.300    15.362    54.000     0.063      58      37     0.0    18.0
   104.783    32.287    15.362    54.000     0.042      58      37     2.0    18.0
   104.769    32.274    15.362    54.000     0.036      44       1     4.0    18.0
   104.754    32.261    15.362    54.000     0.029      82      11     6.0    18.0
   104.739    32.248    15.362    54.000     0.051      81       9     8.0    18.0
   104.724    32.235    15.362    54.000     0.017      83      12    10.0    18.0
   104.709    32.222    15.362    54.000     0.010      40       1    12.0    18.0
   104.695    32.209    15.362    54.000     0.015      85      36    14.0    18.0
   104.680    32.196    15.362    54.000     0.025      86      36    16.0    18.0
   104.665    32.183    15.362    54.000     0.024      85      36    18.0    18.0
   104.650    32.170    15.362    54.000     0.037      52      35    20.0    18.0
   104.636    32.158    15.362    54.000     0.029      53      34    22.0    18.0
   104.621    32.145    15.362    54.000     0.020      19      37    24.0    18.0
   104.606    32.132    15.362    54.000     0.024      86       6    26.0    18.0
   104.591    32.119    15.362    54.000     0.106      86       4    28.0    18.0
   104.577    32.106    15.362    54.000     0.096      87       4    30.0    18.0
   104.562    32.093    15.362    54.000     0.108      82       2    32.0    18.0
   104.547    32.080    15.362    54.000     0.136      81       2    34.0    18.0
   104.532    32.067    15.362    54.000     0.129      54       3    36.0    18.0
   104.518    32.054    15.362    54.000     0.135      53       3    38.0    18.0
   104.503    32.041    15.362    54.000     0.080      53       5    40.0    18.0
   104.488    32.028    15.362    54.000     0.060      76      23    42.0    18.0
   104.473    32.015    15.362    54.000     0.037      76      26    44.0    18.0
   104.459    32.002    15.362    54.000     0.017       9      36    46.0    18.0
   104.444    31.989    15.362    54.000     0.023      73       1    48.0    18.0
   104.429    31.976    15.362    54.000     0.052      57      37    50.0    18.0
   104.415    31.963    15.362    54.000     0.087      57      37    52.0    18.0
   104.400    31.950    15.362    54.000     0.098      55      37    54.0    18.0
   104.385    31.937    15.362    54.000     0.096      56      37    56.0    18.0
   104.371    31.924    15.362    54.000     0.115      87      29    58.0    18.0
   104.356    31.911    15.362    54.000     0.150      88      30    60.0    18.0
   104.341    31.898    15.362    54.000     0.126      88      27    62.0    18.0
   104.327    31.885    15.362    54.000     0.128       4       2    64.0    18.0
   104.807    32.292    13.744    54.000     0.025      86      35     0.0    16.0
   104.792    32.280    13.744    54.000     0.032      20       8     2.0    16.0
   104.778    32.267    13.744    54.000     0.023      19       8     4.0    16.0
   104.763    32.254    13.744    54.000     0.014      83      36     6.0    16.0
   104.748    32.241    13.744    54.000     0.019      84      36     8.0    16.0
   104.733    32.228    13.744    54.000     0.033      82      36    10.0    16.0
   104.718    32.215    13.744    54.000     0.024      82      36    12.0    16.0
   104.704    32.202    13.744    54.000     0.019      84      36    14.0    16.0
   104.689    32.189    13.744    54.000     0.019      28      21    16.0    16.0
   104.674    32.176    13.744    54.000     0.016      48       2    18.0    16.0
   104.659    32.163    13.744    54.000     0.017      85       7    20.0    16.0
   104.645    32.150    13.744    54.000     0.029      84       8    22.0    16.0
   104.630    32.137    13.744    54.000     0.069      51      11    24.0    16.0
   104.615    32.124    13.744    54.000     0.086      52      11    26.0    16.0
   104.600    32.111    13.744    54.000     0.099      50      26    28.0    16.0
   104.586    32.098    13.744    54.000     0.088      53      28    30.0    16.0
   104.571    32.085    13.744    54.000     0.071      16      17    32.0    16.0
   104.556    32.072    13.744    54.000     0.060      15      17    34.0    16.0
   104.541    32.059    13.744    54.000     0.024      55      32    36.0    16.0
   104.527    32.047    13.744    54.000     0.029      19      34    38.0    16.0
   104.512    32.034    13.744    54.000     0.057      20      37    40.0    16.0
   104.497    32.021    13.744    54.000     0.099      33       3    42.0    16.0
   104.482    32.008    13.744    54.000     0.073      32       3    44.0    16.0
   104.468    31.995    13.744    54.000     0.068      33       3    46.0    16.0
   104.453    31.982    13.744    54.000     0.042      36      25    48.0    16.0
   104.438    31.969    13.744    54.000     0.063      36      27    50.0    16.0
   104.424    31.956    13.744    54.000     0.059      34      26    52.0    16.0
   104.409    31.943    13.744    54.000     0.056       1      33    54.0    16.0
   104.394    31.930    13.744    54.000     0.106      88      16    56.0    16.0
   104.380    31.917    13.744    54.000     0.258      90      20    58.0    16.0
   104.365    31.904    13.744    54.000     0.351      88      23    60.0    16.0
   104.350    31.891    13.744    54.000     0.301      85      12    62.0    16.0
   104.336    31.878    13.744    54.000     0.399      51      29    64.0    16.0
   104.816    32.285    12.126    54.000     0.014      46      37     0.0    14.0
   104.801    32.272    12.126    54.000     0.030      46      37     2.0    14.0
   104.786    32.259    12.126    54.000     0.012      47      37     4.0    14.0
   104.772    32.246    12.126    54.000     0.016      28       3     6.0    14.0
   104.757    32.233    12.126    54.000     0.036      28       4     8.0    14.0
   104.742    32.220    12.126    54.000     0.020      29       4    10.0    14.0
   104.727    32.207    12.126    54.000     0.035      27       6    12.0    14.0
   104.713    32.195    12.126    54.000     0.025      32       4    14.0    14.0
   104.698    32.182    12.126    54.000     0.025      27       4    16.0    14.0
   104.683    32.169    12.126    54.000     0.020      28       4    18.0    14.0
   104.668    32.156    12.126    54.000     0.057      85       9    20.0    14.0
   104.653    32.143    12.126    54.000     0.092      87       9    22.0    14.0
   104.639    32.130    12.126    54.000     0.130      87      14    24.0    14.0
   104.624    32.117    12.126    54.000     0.067      20       2    26.0    14.0
   104.609    32.104    12.126    54.000     0.058      18       2    28.0    14.0
   104.594    32.091    12.126    54.000     0.040      89      35    30.0    14.0
   104.580    32.078    12.126    54.000     0.042      90      36    32.0    14.0
   104.565    32.065    12.126    54.000     0.038      54      34    34.0    14.0
   104.550    32.052    12.126    54.000     0.054      95       9    36.0    14.0
   104.536    32.039    12.126    54.000     0.031      53      35    38.0    14.0
   104.521    32.026    12.126    54.000     0.028      55      35    40.0    14.0
   104.506    32.013    12.126    54.000     0.042      48      37    42.0    14.0
   104.491    32.000    12.126    54.000     0.070      37       1    44.0    14.0
   104.477    31.987    12.126    54.000     0.147      49      37    46.0    14.0
   104.462    31.974    12.126    54.000     0.220      48      37    48.0    14.0
   104.447    31.961    12.126    54.000     0.131      92       2    50.0    14.0
   104.433    31.948    12.126    54.000     0.148      91       2    52.0    14.0
   104.418    31.935    12.126    54.000     0.160      89       2    54.0    14.0
   104.403    31.922    12.126    54.000     0.110      87       4    56.0    14.0
   104.388    31.909    12.126    54.000     0.114      88       8    58.0    14.0
   104.374    31.896    12.126    54.000     0.110      89      15    60.0    14.0
   104.359    31.884    12.126    54.000     0.131      56      26    62.0    14.0
   104.344    31.871    12.126    54.000     0.181      56      29    64.0    14.0
   104.825    32.278    10.508    54.000     0.059      64       5     0.0    12.0
   104.810    32.265    10.508    54.000     0.055      64       6     2.0    12.0
   104.795    32.252    10.508    54.000     0.073      31       3     4.0    12.0
   104.781    32.239    10.508    54.000     0.048      29       6     6.0    12.0
   104.766    32.226    10.508    54.000     0.052      61       3     8.0    12.0
   104.751    32.213    10.508    54.000     0.032      60       2    10.0    12.0
   104.736    32.200    10.508    54.000     0.038      62       2    12.0    12.0
   104.722    32.187    10.508    54.000     0.019      96      36    14.0    12.0
   104.707    32.174    10.508    54.000     0.015      97      36    16.0    12.0
   104.692    32.161    10.508    54.000     0.007      98      34    18.0    12.0
   104.677    32.148    10.508    54.000     0.027      63      36    20.0    12.0
   104.662    32.135    10.508    54.000     0.026      61      36    22.0    12.0
   104.648    32.122    10.508    54.000     0.036      61      36    24.0    12.0
   104.633    32.109    10.508    54.000     0.031      97       4    26.0    12.0
   104.618    32.097    10.508    54.000     0.042      97       4    28.0    12.0
   104.603    32.084    10.508    54.000     0.032      98       4    30.0    12.0
   104.589    32.071    10.508    54.000     0.017      34      25    32.0    12.0
   104.574    32.058    10.508    54.000     0.037      93      32    34.0    12.0
   104.559    32.045    10.508    54.000     0.031      63      15    36.0    12.0
   104.544    32.032    10.508    54.000     0.031      64      14    38.0    12.0
   104.530    32.019    10.508    54.000     0.028      91      32    40.0    12.0
   104.515    32.006    10.508    54.000     0.028      59      32    42.0    12.0
   104.500    31.993    10.508    54.000     0.056      54      34    44.0    12.0
   104.486    31.980    10.508    54.000     0.088      22      26    46.0    12.0
   104.471    31.967    10.508    54.000     0.116      22      28    48.0    12.0
   104.456    31.954    10.508    54.000     0.109      21      29    50.0    12.0
   104.441    31.941    10.508    54.000     0.073      19      30    52.0    12.0
   104.427    31.928    10.508    54.000     0.064      20      30    54.0    12.0
   104.412    31.915    10.508    54.000     0.049      19      29    56.0    12.0
   104.397    31.902    10.508    54.000     0.036     100      34    58.0    12.0
   104.383    31.889    10.508    54.000     0.032      22       2    60.0    12.0
   104.368    31.876    10.508    54.000     0.082      99       6    62.0    12.0
   104.353    31.863    10.508    54.000     0.167      97       6    64.0    12.0
   104.834    32.270     8.890    54.000     0.033      30      19     0.0    10.0
   104.819    32.257     8.890    54.000     0.028      10      32     2.0    10.0
   104.804    32.244     8.890    54.000     0.028       8      32     4.0    10.0
   104.790    32.231     8.890    54.000     0.032      69       4     6.0    10.0
   104.775    32.219     8.890    54.000     0.027      68       4     8.0    10.0
   104.760    32.206     8.890    54.000     0.018      11      33    10.0    10.0
   104.745    32.193     8.890    54.000     0.018      86       1    12.0    10.0
   104.730    32.180     8.890    54.000     0.022      86       1    14.0    10.0
   104.716    32.167     8.890    54.000     0.054      82       1    16.0    10.0
   104.701    32.154     8.890    54.000     0.054      82       1    18.0    10.0
   104.686    32.141     8.890    54.000     0.047      83       1    20.0    10.0
   104.671    32.128     8.890    54.000     0.039      16       5    22.0    10.0
   104.657    32.115     8.890    54.000     0.031      65      31    24.0    10.0
   104.642    32.102     8.890    54.000     0.031      65      28    26.0    10.0
   104.627    32.089     8.890    54.000     0.029       5       1    28.0    10.0
   104.612    32.076     8.890    54.000     0.045      97       2    30.0    10.0
   104.598    32.063     8.890    54.000     0.049      64       7    32.0    10.0
   104.583    32.050     8.890    54.000     0.028      66       7    34.0    10.0
   104.568    32.037     8.890    54.000     0.026      63      11    36.0    10.0
   104.553    32.024     8.890    54.000     0.024      32       8    38.0    10.0
   104.539    32.011     8.890    54.000     0.013      34      10    40.0    10.0
   104.524    31.998     8.890    54.000     0.025      51       1    42.0    10.0
   104.509    31.986     8.890    54.000     0.041      65      35    44.0    10.0
   104.495    31.973     8.890    54.000     0.056      50       1    46.0    10.0
   104.480    31.960     8.890    54.000     0.070      49       1    48.0    10.0
   104.465    31.947     8.890    54.000     0.054      48       1    50.0    10.0
   104.450    31.934     8.890    54.000     0.035      49       1    52.0    10.0
   104.436    31.921     8.890    54.000     0.034      25      33    54.0    10.0
   104.421    31.908     8.890    54.000     0.053      73      30    56.0    10.0
   104.406    31.895     8.890    54.000     0.092      73      16    58.0    10.0
   104.392    31.882     8.890    54.000     0.095      71      16    60.0    10.0
   104.377    31.869     8.890    54.000     0.095      70      20    62.0    10.0
   104.362    31.856     8.890    54.000     0.054      71       7    64.0    10.0
   104.843    32.263     7.272    54.000     0.024      30      20     0.0     8.0
   104.828    32.250     7.272    54.000     0.013       1       6     2.0     8.0
   104.813    32.237     7.272    54.000     0.013      75      13     4.0     8.0
   104.799    32.224     7.272    54.000     0.023      65      37     6.0     8.0
   104.784    32.211     7.272    54.000     0.039      66      37     8.0     8.0
   104.769    32.198     7.272    54.000     0.051      78       2    10.0     8.0
   104.754    32.185     7.272    54.000     0.057      66      37    12.0     8.0
   104.739    32.172     7.272    54.000     0.103      65      37    14.0     8.0
   104.725    32.159     7.272    54.000     0.062      66      36    16.0     8.0
   104.710    32.147     7.272    54.000     0.026      66      36    18.0     8.0
   104.695    32.134     7.272    54.000     0.027      71      29    20.0     8.0
   104.680    32.121     7.272    54.000     0.046      70      29    22.0     8.0
   104.666    32.108     7.272    54.000     0.041      65       7    24.0     8.0
   104.651    32.095     7.272    54.000     0.051      64       8    26.0     8.0
   104.636    32.082     7.272    54.000     0.044      63       7    28.0     8.0
   104.621    32.069     7.272    54.000     0.033      65       3    30.0     8.0
   104.607    32.056     7.272    54.000     0.021      32       5    32.0     8.0
   104.592    32.043     7.272    54.000     0.008      35      33    34.0     8.0
   104.577    32.030     7.272    54.000     0.010      91       1    36.0     8.0
   104.562    32.017     7.272    54.000     0.012      33      36    38.0     8.0
   104.548    32.004     7.272    54.000     0.016      33      36    40.0     8.0
   104.533    31.991     7.272    54.000     0.024      67      36    42.0     8.0
   104.518    31.978     7.272    54.000     0.039      67      36    44.0     8.0
   104.503    31.965     7.272    54.000     0.085      51       1    46.0     8.0
   104.489    31.952     7.272    54.000     0.087      50       1    48.0     8.0
   104.474    31.939     7.272    54.000     0.070      50       1    50.0     8.0
   104.459    31.926     7.272    54.000     0.060      69      36    52.0     8.0
   104.445    31.913     7.272    54.000     0.050      69      36    54.0     8.0
   104.430    31.900     7.272    54.000     0.039      73      24    56.0     8.0
   104.415    31.887     7.272    54.000     0.059      75      24    58.0     8.0
   104.401    31.874     7.272    54.000     0.073      76      33    60.0     8.0
   104.386    31.861     7.272    54.000     0.077     100      34    62.0     8.0
   104.371    31.848     7.272    54.000     0.070     100      34    64.0     8.0
   104.852    32.255     5.654    54.000     0.014      32      36     0.0     6.0
   104.837    32.243     5.654    54.000     0.018      31      36     2.0     6.0
   104.822    32.230     5.654    54.000     0.030      34      36     4.0     6.0
   104.807    32.217     5.654    54.000     0.057       4      35     6.0     6.0
   104.793    32.204     5.654    54.000     0.070       4      35     8.0     6.0
   104.778    32.191     5.654    54.000     0.034       5      35    10.0     6.0
   104.763    32.178     5.654    54.000     0.023       3      33    12.0     6.0
   104.748    32.165     5.654    54.000     0.025       8      26    14.0     6.0
   104.734    32.152     5.654    54.000     0.022       6      34    16.0     6.0
   104.719    32.139     5.654    54.000     0.031      10      28    18.0     6.0
   104.704    32.126     5.654    54.000     0.048      33       3    20.0     6.0
   104.689    32.113     5.654    54.000     0.068      33       3    22.0     6.0
   104.674    32.100     5.654    54.000     0.112      35       3    24.0     6.0
   104.660    32.087     5.654    54.000     0.120      34       3    26.0     6.0
   104.645    32.074     5.654    54.000     0.059      68      23    28.0     6.0
   104.630    32.061     5.654    54.000     0.034       2       3    30.0     6.0
   104.616    32.049     5.654    54.000     0.030       1       2    32.0     6.0
   104.601    32.036     5.654    54.000     0.013       4       2    34.0     6.0
   104.586    32.023     5.654    54.000     0.024      71      33    36.0     6.0
   104.571    32.010     5.654    54.000     0.053      72      31    38.0     6.0
   104.557    31.997     5.654    54.000     0.031      72      28    40.0     6.0
   104.542    31.984     5.654    54.000     0.031      38      36    42.0     6.0
   104.527    31.971     5.654    54.000     0.063       4      29    44.0     6.0
   104.512    31.958     5.654    54.000     0.098       4      33    46.0     6.0
   104.498    31.945     5.654    54.000     0.100      20       1    48.0     6.0
   104.483    31.932     5.654    54.000     0.110       5      35    50.0     6.0
   104.468    31.919     5.654    54.000     0.102      70       4    52.0     6.0
   104.454    31.906     5.654    54.000     0.114      68       5    54.0     6.0
   104.439    31.893     5.654    54.000     0.096      65       5    56.0     6.0
   104.424    31.880     5.654    54.000     0.086      63       5    58.0     6.0
   104.410    31.867     5.654    54.000     0.034      72      36    60.0     6.0
   104.395    31.854     5.654    54.000     0.066      73      36    62.0     6.0
   104.380    31.841     5.654    54.000     0.071      72      32    64.0     6.0
   104.861    32.248     4.036    54.000     0.017      21      26     0.0     4.0
   104.846    32.235     4.036    54.000     0.008      49      13     2.0     4.0
   104.831    32.222     4.036    54.000     0.010      83      17     4.0     4.0
   104.816    32.209     4.036    54.000     0.014      97       1     6.0     4.0
   104.802    32.196     4.036    54.000     0.035      99       1     8.0     4.0
   104.787    32.183     4.036    54.000     0.078      96       1    10.0     4.0
   104.772    32.171     4.036    54.000     0.053      95       2    12.0     4.0
   104.757    32.158     4.036    54.000     0.043      66       3    14.0     4.0
   104.742    32.145     4.036    54.000     0.042      65       3    16.0     4.0
   104.728    32.132     4.036    54.000     0.029      69       2    18.0     4.0
   104.713    32.119     4.036    54.000     0.025      37      13    20.0     4.0
   104.698    32.106     4.036    54.000     0.036       7      29    22.0     4.0
   104.683    32.093     4.036    54.000     0.039       8      32    24.0     4.0
   104.669    32.080     4.036    54.000     0.039       8      26    26.0     4.0
   104.654    32.067     4.036    54.000     0.024      96      30    28.0     4.0
   104.639    32.054     4.036    54.000     0.022      50      14    30.0     4.0
   104.624    32.041     4.036    54.000     0.025      49      14    32.0     4.0
   104.610    32.028     4.036    54.000     0.018      46      14    34.0     4.0
   104.595    32.015     4.036    54.000     0.015      46      12    36.0     4.0
   104.580    32.002     4.036    54.000     0.011      79      29    38.0     4.0
   104.566    31.989     4.036    54.000     0.019      80      29    40.0     4.0
   104.551    31.976     4.036    54.000     0.018       2       4    42.0     4.0
   104.536    31.963     4.036    54.000     0.044     100      16    44.0     4.0
   104.521    31.950     4.036    54.000     0.039      33       3    46.0     4.0
   104.507    31.937     4.036    54.000     0.061      32       7    48.0     4.0
   104.492    31.925     4.036    54.000     0.055      31       7    50.0     4.0
   104.477    31.912     4.036    54.000     0.026      31       7    52.0     4.0
   104.463    31.899     4.036    54.000     0.018      65      17    54.0     4.0
   104.448    31.886     4.036    54.000     0.028      66      26    56.0     4.0
   104.433    31.873     4.036    54.000     0.036      67      26    58.0     4.0
   104.418    31.860     4.036    54.000     0.024      67      32    60.0     4.0
   104.404    31.847     4.036    54.000     0.017      45       6    62.0     4.0
   104.389    31.834     4.036    54.000     0.016      22       1    64.0     4.0
   104.870    32.241     2.418    54.000     0.055      54      33     0.0     2.0
   104.855    32.228     2.418    54.000     0.014      70       1     2.0     2.0
   104.840    32.215     2.418    54.000     0.016      98      30     4.0     2.0
   104.825    32.202     2.418    54.000     0.014      97      33     6.0     2.0
   104.811    32.189     2.418    54.000     0.026      98      36     8.0     2.0
   104.796    32.176     2.418    54.000     0.049      99      37    10.0     2.0
   104.781    32.163     2.418    54.000     0.060      84       2    12.0     2.0
   104.766    32.150     2.418    54.000     0.079      82       2    14.0     2.0
   104.751    32.137     2.418    54.000     0.054      86       2    16.0     2.0
   104.737    32.124     2.418    54.000     0.052      51       2    18.0     2.0
   104.722    32.111     2.418    54.000     0.039      51       5    20.0     2.0
   104.707    32.098     2.418    54.000     0.039      53       8    22.0     2.0
   104.692    32.086     2.418    54.000     0.033      54       7    24.0     2.0
   104.678    32.073     2.418    54.000     0.033      87      32    26.0     2.0
   104.663    32.060     2.418    54.000     0.035      50      23    28.0     2.0
   104.648    32.047     2.418    54.000     0.024      49      35    30.0     2.0
   104.633    32.034     2.418    54.000     0.024      53      25    32.0     2.0
   104.619    32.021     2.418    54.000     0.035      55      32    34.0     2.0
   104.604    32.008     2.418    54.000     0.031      53      35    36.0     2.0
   104.589    31.995     2.418    54.000     0.036      51      35    38.0     2.0
   104.574    31.982     2.418    54.000     0.023      51      36    40.0     2.0
   104.560    31.969     2.418    54.000     0.020      36       1    42.0     2.0
   104.545    31.956     2.418    54.000     0.021      95       5    44.0     2.0
   104.530    31.943     2.418    54.000     0.057      93       4    46.0     2.0
   104.516    31.930     2.418    54.000     0.075      90       5    48.0     2.0
   104.501    31.917     2.418    54.000     0.099      88       5    50.0     2.0
   104.486    31.904     2.418    54.000     0.091      89       4    52.0     2.0
   104.471    31.891     2.418    54.000     0.072      88      11    54.0     2.0
   104.457    31.878     2.418    54.000     0.051      86       5    56.0     2.0
   104.442    31.865     2.418    54.000     0.042      87       4    58.0     2.0
   104.427    31.852     2.418    54.000     0.044      90      15    60.0     2.0
   104.413    31.839     2.418    54.000     0.055      36       1    62.0     2.0
   104.398    31.826     2.418    54.000     0.081      38       1    64.0     2.0
   104.879    32.233     0.800    54.000     0.035      96      35     0.0     0.0
   104.864    32.220     0.800    54.000     0.036      54       7     2.0     0.0
   104.849    32.207     0.800    54.000     0.027      59      35     4.0     0.0
   104.834    32.195     0.800    54.000     0.055      57      35     6.0     0.0
   104.819    32.182     0.800    54.000     0.084      56      35     8.0     0.0
   104.805    32.169     0.800    54.000     0.061      57      35    10.0     0.0
   104.790    32.156     0.800    54.000     0.057      57      35    12.0     0.0
   104.775    32.143     0.800    54.000     0.048     100       2    14.0     0.0
   104.760    32.130     0.800    54.000     0.031      83      34    16.0     0.0
   104.746    32.117     0.800    54.000     0.049      81      35    18.0     0.0
   104.731    32.104     0.800    54.000     0.036      92       2    20.0     0.0
   104.716    32.091     0.800    54.000     0.031      56       6    22.0     0.0
   104.701    32.078     0.800    54.000     0.037      90      11    24.0     0.0
   104.687    32.065     0.800    54.000     0.043      91      18    26.0     0.0
   104.672    32.052     0.800    54.000     0.038      87      22    28.0     0.0
   104.657    32.039     0.800    54.000     0.025      87      16    30.0     0.0
   104.642    32.026     0.800    54.000     0.020      19      32    32.0     0.0
   104.628    32.013     0.800    54.000     0.021      56      28    34.0     0.0
   104.613    32.000     0.800    54.000     0.016      60      15    36.0     0.0
   104.598    31.988     0.800    54.000     0.024      59      19    38.0     0.0
   104.583    31.975     0.800    54.000     0.033      53       3    40.0     0.0
   104.569    31.962     0.800    54.000     0.042      52       3    42.0     0.0
   104.554    31.949     0.800    54.000     0.023      89       3    44.0     0.0
   104.539    31.936     0.800    54.000     0.033      25      14    46.0     0.0
   104.525    31.923     0.800    54.000     0.038      56       3    48.0     0.0
   104.510    31.910     0.800    54.000     0.036      55       4    50.0     0.0
   104.495    31.897     0.800    54.000     0.044      57       8    52.0     0.0
   104.480    31.884     0.800    54.000     0.077      56      28    54.0     0.0
   104.466    31.871     0.800    54.000     0.050      55      30    56.0     0.0
   104.451    31.858     0.800    54.000     0.020      84      28    58.0     0.0
   104.436    31.845     0.800    54.000     0.033      78       1    60.0     0.0
   104.422    31.832     0.800    54.000     0.077      65      37    62.0     0.0
   104.407    31.819     0.800    54.000     0.188      65      37    64.0     0.0
