   104.700    32.381    33.161    54.000     0.008      59       1     0.0    40.0
   104.685    32.368    33.161    54.000     0.025      69      34     2.0    40.0
   104.670    32.355    33.161    54.000     0.051       3       7     4.0    40.0
   104.655    32.342    33.161    54.000     0.044       3       9     6.0    40.0
   104.641    32.329    33.161    54.000     0.024       1      14     8.0    40.0
   104.626    32.316    33.161    54.000     0.013       1      20    10.0    40.0
   104.611    32.303    33.161    54.000     0.010      54       2    12.0    40.0
   104.596    32.290    33.161    54.000     0.004      25      35    14.0    40.0
   104.581    32.278    33.161    54.000     0.009      46       6    16.0    40.0
   104.567    32.265    33.161    54.000     0.027      47       7    18.0    40.0
   104.552    32.252    33.161    54.000     0.050      45       5    20.0    40.0
   104.537    32.239    33.161    54.000     0.040      44      18    22.0    40.0
   104.522    32.226    33.161    54.000     0.033      44      19    24.0    40.0
   104.508    32.213    33.161    54.000     0.019      87       1    26.0    40.0
   104.493    32.200    33.161    54.000     0.013       1      26    28.0    40.0
   104.478    32.187    33.161    54.000     0.012      52      36    30.0    40.0
   104.463    32.174    33.161    54.000     0.021      86      29    32.0    40.0
   104.449    32.161    33.161    54.000     0.036      86      32    34.0    40.0
   104.434    32.148    33.161    54.000     0.051      51      36    36.0    40.0
   104.419    32.135    33.161    54.000     0.094      46      37    38.0    40.0
   104.404    32.122    33.161    54.000     0.125      46      37    40.0    40.0
   104.390    32.109    33.161    54.000     0.069      31       5    42.0    40.0
   104.375    32.096    33.161    54.000     0.041      53      35    44.0    40.0
   104.360    32.083    33.161    54.000     0.054      28      31    46.0    40.0
   104.346    32.070    33.161    54.000     0.078      29      32    48.0    40.0
   104.331    32.057    33.161    54.000     0.065      30      35    50.0    40.0
   104.316    32.044    33.161    54.000     0.045      27      35    52.0    40.0
   104.301    32.031    33.161    54.000     0.026      16       1    54.0    40.0
   104.287    32.018    33.161    54.000     0.011      16       1    56.0    40.0
   104.272    32.005    33.161    54.000     0.009      30      35    58.0    40.0
   104.257    31.992    33.161    54.000     0.011      10       1    60.0    40.0
   104.243    31.979    33.161    54.000     0.023      29      32    62.0    40.0
   104.228    31.966    33.161    54.000     0.042      29      34    64.0    40.0
   104.709    32.374    31.543    54.000     0.013      59       5     0.0    38.0
   104.694    32.361    31.543    54.000     0.026      57       2     2.0    38.0
   104.679    32.348    31.543    54.000     0.076      55       2     4.0    38.0
   104.664    32.335    31.543    54.000     0.076      55       2     6.0    38.0
   104.649    32.322    31.543    54.000     0.081      57       2     8.0    38.0
   104.635    32.309    31.543    54.000     0.043      68      37    10.0    38.0
   104.620    32.296    31.543    54.000     0.046      69      37    12.0    38.0
   104.605    32.283    31.543    54.000     0.021      69      37    14.0    38.0
   104.590    32.270    31.543    54.000     0.060      15      36    16.0    38.0
   104.576    32.257    31.543    54.000     0.108      14      36    18.0    38.0
   104.561    32.244    31.543    54.000     0.067      12      36    20.0    38.0
   104.546    32.231    31.543    54.000     0.035      13      34    22.0    38.0
   104.531    32.218    31.543    54.000     0.018      74      21    24.0    38.0
   104.517    32.205    31.543    54.000     0.023      40      11    26.0    38.0
   104.502    32.192    31.543    54.000     0.038      40      12    28.0    38.0
   104.487    32.179    31.543    54.000     0.026      36      25    30.0    38.0
   104.472    32.166    31.543    54.000     0.031      36      24    32.0    38.0
   104.458    32.154    31.543    54.000     0.034      34      23    34.0    38.0
   104.443    32.141    31.543    54.000     0.046      91      30    36.0    38.0
   104.428    32.128    31.543    54.000     0.060      89      30    38.0    38.0
   104.413    32.115    31.543    54.000     0.058      89      31    40.0    38.0
   104.399    32.102    31.543    54.000     0.060      88      30    42.0    38.0
   104.384    32.089    31.543    54.000     0.040      87      32    44.0    38.0
   104.369    32.076    31.543    54.000     0.048      13      37    46.0    38.0
   104.355    32.063    31.543    54.000     0.048       1       2    48.0    38.0
   104.340    32.050    31.543    54.000     0.020       1       2    50.0    38.0
   104.325    32.037    31.543    54.000     0.029      99      28    52.0    38.0
   104.310    32.024    31.543    54.000     0.045      99      29    54.0    38.0
   104.296    32.011    31.543    54.000     0.035      98      31    56.0    38.0
   104.281    31.998    31.543    54.000     0.037      46       7    58.0    38.0
   104.266    31.985    31.543    54.000     0.051      16       3    60.0    38.0
   104.252    31.972    31.543    54.000     0.053      21       6    62.0    38.0
   104.237    31.959    31.543    54.000     0.058      20       4    64.0    38.0
   104.718    32.366    29.925    54.000     0.013      12      27     0.0    36.0
   104.703    32.353    29.925    54.000     0.023      58       4     2.0    36.0
   104.688    32.340    29.925    54.000     0.032      59       4     4.0    36.0
   104.673    32.328    29.925    54.000     0.025      60       5     6.0    36.0
   104.658    32.315    29.925    54.000     0.020      94      21     8.0    36.0
   104.644    32.302    29.925    54.000     0.031      93      20    10.0    36.0
   104.629    32.289    29.925    54.000     0.023      92      20    12.0    36.0
   104.614    32.276    29.925    54.000     0.031      89      23    14.0    36.0
   104.599    32.263    29.925    54.000     0.045      18      36    16.0    36.0
   104.585    32.250    29.925    54.000     0.051      17      36    18.0    36.0
   104.570    32.237    29.925    54.000     0.054      17      35    20.0    36.0
   104.555    32.224    29.925    54.000     0.045      18      36    22.0    36.0
   104.540    32.211    29.925    54.000     0.038      16      35    24.0    36.0
   104.526    32.198    29.925    54.000     0.026      14      36    26.0    36.0
   104.511    32.185    29.925    54.000     0.033      26       1    28.0    36.0
   104.496    32.172    29.925    54.000     0.031      97      34    30.0    36.0
   104.481    32.159    29.925    54.000     0.026      39      37    32.0    36.0
   104.467    32.146    29.925    54.000     0.035       7      35    34.0    36.0
   104.452    32.133    29.925    54.000     0.090       7      32    36.0    36.0
   104.437    32.120    29.925    54.000     0.042       7      33    38.0    36.0
   104.422    32.107    29.925    54.000     0.036      95       4    40.0    36.0
   104.408    32.094    29.925    54.000     0.030      96       4    42.0    36.0
   104.393    32.081    29.925    54.000     0.035       1       1    44.0    36.0
   104.378    32.068    29.925    54.000     0.045      16      32    46.0    36.0
   104.364    32.055    29.925    54.000     0.030       4       1    48.0    36.0
   104.349    32.042    29.925    54.000     0.033      18      36    50.0    36.0
   104.334    32.029    29.925    54.000     0.036      49      31    52.0    36.0
   104.319    32.016    29.925    54.000     0.015      12       2    54.0    36.0
   104.305    32.003    29.925    54.000     0.017      48       5    56.0    36.0
   104.290    31.990    29.925    54.000     0.020      15       2    58.0    36.0
   104.275    31.977    29.925    54.000     0.019      52       3    60.0    36.0
   104.261    31.964    29.925    54.000     0.023      51       3    62.0    36.0
   104.246    31.951    29.925    54.000     0.025      54       4    64.0    36.0
   104.727    32.359    28.307    54.000     0.041      87      24     0.0    34.0
   104.712    32.346    28.307    54.000     0.033      87      22     2.0    34.0
   104.697    32.333    28.307    54.000     0.017      89       7     4.0    34.0
   104.682    32.320    28.307    54.000     0.016      43      26     6.0    34.0
   104.667    32.307    28.307    54.000     0.018      43      24     8.0    34.0
   104.653    32.294    28.307    54.000     0.031      32      36    10.0    34.0
   104.638    32.281    28.307    54.000     0.039      31      36    12.0    34.0
   104.623    32.268    28.307    54.000     0.092      28      36    14.0    34.0
   104.608    32.255    28.307    54.000     0.115      28      36    16.0    34.0
   104.594    32.242    28.307    54.000     0.116      54      35    18.0    34.0
   104.579    32.230    28.307    54.000     0.091      54      36    20.0    34.0
   104.564    32.217    28.307    54.000     0.047      36       9    22.0    34.0
   104.549    32.204    28.307    54.000     0.017      33       7    24.0    34.0
   104.534    32.191    28.307    54.000     0.054      32       4    26.0    34.0
   104.520    32.178    28.307    54.000     0.091      58       4    28.0    34.0
   104.505    32.165    28.307    54.000     0.164      57       4    30.0    34.0
   104.490    32.152    28.307    54.000     0.103      55       6    32.0    34.0
   104.476    32.139    28.307    54.000     0.090      38      34    34.0    34.0
   104.461    32.126    28.307    54.000     0.103      37      34    36.0    34.0
   104.446    32.113    28.307    54.000     0.142      37      34    38.0    34.0
   104.431    32.100    28.307    54.000     0.077      35      35    40.0    34.0
   104.417    32.087    28.307    54.000     0.024      49       1    42.0    34.0
   104.402    32.074    28.307    54.000     0.018      38      15    44.0    34.0
   104.387    32.061    28.307    54.000     0.029      44      21    46.0    34.0
   104.372    32.048    28.307    54.000     0.025      11      14    48.0    34.0
   104.358    32.035    28.307    54.000     0.024       9      19    50.0    34.0
   104.343    32.022    28.307    54.000     0.018      53      29    52.0    34.0
   104.328    32.009    28.307    54.000     0.020      84      33    54.0    34.0
   104.314    31.996    28.307    54.000     0.044      89      11    56.0    34.0
   104.299    31.983    28.307    54.000     0.039      90      17    58.0    34.0
   104.284    31.970    28.307    54.000     0.073      86       3    60.0    34.0
   104.270    31.957    28.307    54.000     0.045      84       4    62.0    34.0
   104.255    31.944    28.307    54.000     0.039      95      37    64.0    34.0
   104.736    32.352    26.689    54.000     0.028      56      21     0.0    32.0
   104.721    32.339    26.689    54.000     0.016      74       1     2.0    32.0
   104.706    32.326    26.689    54.000     0.015      73       1     4.0    32.0
   104.691    32.313    26.689    54.000     0.014      28       3     6.0    32.0
   104.676    32.300    26.689    54.000     0.021      59      37     8.0    32.0
   104.662    32.287    26.689    54.000     0.035      48       1    10.0    32.0
   104.647    32.274    26.689    54.000     0.067      46       1    12.0    32.0
   104.632    32.261    26.689    54.000     0.069      60      37    14.0    32.0
   104.617    32.248    26.689    54.000     0.061      76       1    16.0    32.0
   104.602    32.235    26.689    54.000     0.142      76       1    18.0    32.0
   104.588    32.222    26.689    54.000     0.122      86      37    20.0    32.0
   104.573    32.209    26.689    54.000     0.048      84      37    22.0    32.0
   104.558    32.196    26.689    54.000     0.023      87      34    24.0    32.0
   104.543    32.183    26.689    54.000     0.021      94       9    26.0    32.0
   104.529    32.170    26.689    54.000     0.049      92       9    28.0    32.0
   104.514    32.157    26.689    54.000     0.107      91      10    30.0    32.0
   104.499    32.144    26.689    54.000     0.099      92      13    32.0    32.0
   104.484    32.131    26.689    54.000     0.092      91       6    34.0    32.0
   104.470    32.118    26.689    54.000     0.094      86       2    36.0    32.0
   104.455    32.105    26.689    54.000     0.147      87       2    38.0    32.0
   104.440    32.093    26.689    54.000     0.056      87       2    40.0    32.0
   104.426    32.080    26.689    54.000     0.059      31      37    42.0    32.0
   104.411    32.067    26.689    54.000     0.075      35      37    44.0    32.0
   104.396    32.054    26.689    54.000     0.117      34      37    46.0    32.0
   104.381    32.041    26.689    54.000     0.118      35      37    48.0    32.0
   104.367    32.028    26.689    54.000     0.071      10      30    50.0    32.0
   104.352    32.015    26.689    54.000     0.070      13      28    52.0    32.0
   104.337    32.002    26.689    54.000     0.048      13      29    54.0    32.0
   104.323    31.989    26.689    54.000     0.037      85      14    56.0    32.0
   104.308    31.976    26.689    54.000     0.011      83      24    58.0    32.0
   104.293    31.963    26.689    54.000     0.011      90      17    60.0    32.0
   104.279    31.950    26.689    54.000     0.007      32       9    62.0    32.0
   104.264    31.937    26.689    54.000     0.007      64      11    64.0    32.0
   104.745    32.344    25.071    54.000     0.023      51      13     0.0    30.0
   104.730    32.331    25.071    54.000     0.027      50      22     2.0    30.0
   104.715    32.318    25.071    54.000     0.042      53      35     4.0    30.0
   104.700    32.305    25.071    54.000     0.023      11      37     6.0    30.0
   104.685    32.292    25.071    54.000     0.011       9      37     8.0    30.0
   104.671    32.279    25.071    54.000     0.006       1       1    10.0    30.0
   104.656    32.267    25.071    54.000     0.013      42      37    12.0    30.0
   104.641    32.254    25.071    54.000     0.017      41      33    14.0    30.0
   104.626    32.241    25.071    54.000     0.020      43      37    16.0    30.0
   104.611    32.228    25.071    54.000     0.018      65      37    18.0    30.0
   104.597    32.215    25.071    54.000     0.033      25       8    20.0    30.0
   104.582    32.202    25.071    54.000     0.052      23      10    22.0    30.0
   104.567    32.189    25.071    54.000     0.061      25      13    24.0    30.0
   104.552    32.176    25.071    54.000     0.054      25      10    26.0    30.0
   104.538    32.163    25.071    54.000     0.043      23      22    28.0    30.0
   104.523    32.150    25.071    54.000     0.024      20      24    30.0    30.0
   104.508    32.137    25.071    54.000     0.037      20      24    32.0    30.0
   104.493    32.124    25.071    54.000     0.027      99      23    34.0    30.0
   104.479    32.111    25.071    54.000     0.084     100      24    36.0    30.0
   104.464    32.098    25.071    54.000     0.126     100      25    38.0    30.0
   104.449    32.085    25.071    54.000     0.074     100      16    40.0    30.0
   104.435    32.072    25.071    54.000     0.037      99      16    42.0    30.0
   104.420    32.059    25.071    54.000     0.008      33      37    44.0    30.0
   104.405    32.046    25.071    54.000     0.019      67      37    46.0    30.0
   104.390    32.033    25.071    54.000     0.054      57       5    48.0    30.0
   104.376    32.020    25.071    54.000     0.069      56       4    50.0    30.0
   104.361    32.007    25.071    54.000     0.056      56       4    52.0    30.0
   104.346    31.994    25.071    54.000     0.020      58       5    54.0    30.0
   104.332    31.981    25.071    54.000     0.008       8      37    56.0    30.0
   104.317    31.968    25.071    54.000     0.005     100       4    58.0    30.0
   104.302    31.955    25.071    54.000     0.011      56      35    60.0    30.0
   104.288    31.942    25.071    54.000     0.016      87      37    62.0    30.0
   104.273    31.929    25.071    54.000     0.034      88      37    64.0    30.0
   104.753    32.337    23.452    54.000     0.031      48      37     0.0    28.0
   104.739    32.324    23.452    54.000     0.022      95      35     2.0    28.0
   104.724    32.311    23.452    54.000     0.023      95      33     4.0    28.0
   104.709    32.298    23.452    54.000     0.017      48      37     6.0    28.0
   104.694    32.285    23.452    54.000     0.020      19      29     8.0    28.0
   104.679    32.272    23.452    54.000     0.059      47      37    10.0    28.0
   104.665    32.259    23.452    54.000     0.062      47      37    12.0    28.0
   104.650    32.246    23.452    54.000     0.048      47      37    14.0    28.0
   104.635    32.233    23.452    54.000     0.017      62       1    16.0    28.0
   104.620    32.220    23.452    54.000     0.012      89       1    18.0    28.0
   104.606    32.207    23.452    54.000     0.020      27      13    20.0    28.0
   104.591    32.194    23.452    54.000     0.039      88       9    22.0    28.0
   104.576    32.181    23.452    54.000     0.069      88      24    24.0    28.0
   104.561    32.169    23.452    54.000     0.113      86      28    26.0    28.0
   104.547    32.156    23.452    54.000     0.066      87      28    28.0    28.0
   104.532    32.143    23.452    54.000     0.038      85      29    30.0    28.0
   104.517    32.130    23.452    54.000     0.017      47      12    32.0    28.0
   104.502    32.117    23.452    54.000     0.023      47       9    34.0    28.0
   104.488    32.104    23.452    54.000     0.029      88      35    36.0    28.0
   104.473    32.091    23.452    54.000     0.054      77       1    38.0    28.0
   104.458    32.078    23.452    54.000     0.022      62      36    40.0    28.0
   104.443    32.065    23.452    54.000     0.018     100      28    42.0    28.0
   104.429    32.052    23.452    54.000     0.042     100      30    44.0    28.0
   104.414    32.039    23.452    54.000     0.065     100      31    46.0    28.0
   104.399    32.026    23.452    54.000     0.043      88       1    48.0    28.0
   104.385    32.013    23.452    54.000     0.026      65      17    50.0    28.0
   104.370    32.000    23.452    54.000     0.032      64      11    52.0    28.0
   104.355    31.987    23.452    54.000     0.028      64      29    54.0    28.0
   104.341    31.974    23.452    54.000     0.063      98       4    56.0    28.0
   104.326    31.961    23.452    54.000     0.060      36      35    58.0    28.0
   104.311    31.948    23.452    54.000     0.058      36      33    60.0    28.0
   104.296    31.935    23.452    54.000     0.042       9      32    62.0    28.0
   104.282    31.922    23.452    54.000     0.029     100       4    64.0    28.0
   104.762    32.329    21.834    54.000     0.037      67       9     0.0    26.0
   104.748    32.316    21.834    54.000     0.027      51      37     2.0    26.0
   104.733    32.304    21.834    54.000     0.098      48      37     4.0    26.0
   104.718    32.291    21.834    54.000     0.180      35       2     6.0    26.0
   104.703    32.278    21.834    54.000     0.105      37       2     8.0    26.0
   104.688    32.265    21.834    54.000     0.053      34       2    10.0    26.0
   104.674    32.252    21.834    54.000     0.027      63       3    12.0    26.0
   104.659    32.239    21.834    54.000     0.032      93       3    14.0    26.0
   104.644    32.226    21.834    54.000     0.037      89       3    16.0    26.0
   104.629    32.213    21.834    54.000     0.038      91       3    18.0    26.0
   104.615    32.200    21.834    54.000     0.048      92       3    20.0    26.0
   104.600    32.187    21.834    54.000     0.042      91       3    22.0    26.0
   104.585    32.174    21.834    54.000     0.021      94       3    24.0    26.0
   104.570    32.161    21.834    54.000     0.020       7      12    26.0    26.0
   104.556    32.148    21.834    54.000     0.024       7       9    28.0    26.0
   104.541    32.135    21.834    54.000     0.024      87      31    30.0    26.0
   104.526    32.122    21.834    54.000     0.016     100       2    32.0    26.0
   104.511    32.109    21.834    54.000     0.023      92      33    34.0    26.0
   104.497    32.096    21.834    54.000     0.035      92      33    36.0    26.0
   104.482    32.083    21.834    54.000     0.060      68      36    38.0    26.0
   104.467    32.070    21.834    54.000     0.072      70      36    40.0    26.0
   104.452    32.057    21.834    54.000     0.070      71      37    42.0    26.0
   104.438    32.044    21.834    54.000     0.031      29      32    44.0    26.0
   104.423    32.032    21.834    54.000     0.039      29      31    46.0    26.0
   104.408    32.019    21.834    54.000     0.037      44       4    48.0    26.0
   104.394    32.006    21.834    54.000     0.023      42       4    50.0    26.0
   104.379    31.993    21.834    54.000     0.007      42       3    52.0    26.0
   104.364    31.980    21.834    54.000     0.010     100       9    54.0    26.0
   104.349    31.967    21.834    54.000     0.027      41      35    56.0    26.0
   104.335    31.954    21.834    54.000     0.049      44      31    58.0    26.0
   104.320    31.941    21.834    54.000     0.055      42      31    60.0    26.0
   104.305    31.928    21.834    54.000     0.033      40      31    62.0    26.0
   104.291    31.915    21.834    54.000     0.008       4       6    64.0    26.0
   104.771    32.322    20.216    54.000     0.015      77       4     0.0    24.0
   104.757    32.309    20.216    54.000     0.014      99      15     2.0    24.0
   104.742    32.296    20.216    54.000     0.011      97      15     4.0    24.0
   104.727    32.283    20.216    54.000     0.007      13      17     6.0    24.0
   104.712    32.270    20.216    54.000     0.017      56      26     8.0    24.0
   104.697    32.257    20.216    54.000     0.023      55      24    10.0    24.0
   104.683    32.244    20.216    54.000     0.023      93       4    12.0    24.0
   104.668    32.231    20.216    54.000     0.016      23      13    14.0    24.0
   104.653    32.219    20.216    54.000     0.018      48      17    16.0    24.0
   104.638    32.206    20.216    54.000     0.011      16      17    18.0    24.0
   104.624    32.193    20.216    54.000     0.025      15      27    20.0    24.0
   104.609    32.180    20.216    54.000     0.060      15      30    22.0    24.0
   104.594    32.167    20.216    54.000     0.076      13      14    24.0    24.0
   104.579    32.154    20.216    54.000     0.071      10      12    26.0    24.0
   104.564    32.141    20.216    54.000     0.023      10      10    28.0    24.0
   104.550    32.128    20.216    54.000     0.010      44      10    30.0    24.0
   104.535    32.115    20.216    54.000     0.014      51      36    32.0    24.0
   104.520    32.102    20.216    54.000     0.017      47      29    34.0    24.0
   104.506    32.089    20.216    54.000     0.017      49      24    36.0    24.0
   104.491    32.076    20.216    54.000     0.018      88      14    38.0    24.0
   104.476    32.063    20.216    54.000     0.023      88      14    40.0    24.0
   104.461    32.050    20.216    54.000     0.042      21       8    42.0    24.0
   104.447    32.037    20.216    54.000     0.026      21       7    44.0    24.0
   104.432    32.024    20.216    54.000     0.029      95      25    46.0    24.0
   104.417    32.011    20.216    54.000     0.035      97      19    48.0    24.0
   104.403    31.998    20.216    54.000     0.037      24      29    50.0    24.0
   104.388    31.985    20.216    54.000     0.130      22      34    52.0    24.0
   104.373    31.972    20.216    54.000     0.131      23      35    54.0    24.0
   104.358    31.959    20.216    54.000     0.044      23      34    56.0    24.0
   104.344    31.946    20.216    54.000     0.032      48      35    58.0    24.0
   104.329    31.933    20.216    54.000     0.023      77      37    60.0    24.0
   104.314    31.920    20.216    54.000     0.013      75      36    62.0    24.0
   104.300    31.907    20.216    54.000     0.010      59       5    64.0    24.0
   104.780    32.315    18.598    54.000     0.016      51       4     0.0    22.0
   104.766    32.302    18.598    54.000     0.018      52       4     2.0    22.0
   104.751    32.289    18.598    54.000     0.029      52       3     4.0    22.0
   104.736    32.276    18.598    54.000     0.027      53       3     6.0    22.0
   104.721    32.263    18.598    54.000     0.037       4      12     8.0    22.0
   104.706    32.250    18.598    54.000     0.067       3      10    10.0    22.0
   104.692    32.237    18.598    54.000     0.066       3       9    12.0    22.0
   104.677    32.224    18.598    54.000     0.057       1      10    14.0    22.0
   104.662    32.211    18.598    54.000     0.014       1      12    16.0    22.0
   104.647    32.198    18.598    54.000     0.022      49      31    18.0    22.0
   104.632    32.185    18.598    54.000     0.039      12      12    20.0    22.0
   104.618    32.172    18.598    54.000     0.050      75       4    22.0    22.0
   104.603    32.159    18.598    54.000     0.058      45       8    24.0    22.0
   104.588    32.146    18.598    54.000     0.046      45       6    26.0    22.0
   104.573    32.133    18.598    54.000     0.033      77      18    28.0    22.0
   104.559    32.120    18.598    54.000     0.031      77      24    30.0    22.0
   104.544    32.108    18.598    54.000     0.032      78      32    32.0    22.0
   104.529    32.095    18.598    54.000     0.076      54      31    34.0    22.0
   104.514    32.082    18.598    54.000     0.116      81      25    36.0    22.0
   104.500    32.069    18.598    54.000     0.104      81      26    38.0    22.0
   104.485    32.056    18.598    54.000     0.041      81      33    40.0    22.0
   104.470    32.043    18.598    54.000     0.022      95       1    42.0    22.0
   104.456    32.030    18.598    54.000     0.020      14      37    44.0    22.0
   104.441    32.017    18.598    54.000     0.012      16      37    46.0    22.0
   104.426    32.004    18.598    54.000     0.030      49      32    48.0    22.0
   104.411    31.991    18.598    54.000     0.031      73      28    50.0    22.0
   104.397    31.978    18.598    54.000     0.058      25      36    52.0    22.0
   104.382    31.965    18.598    54.000     0.056      26      36    54.0    22.0
   104.367    31.952    18.598    54.000     0.042      27      34    56.0    22.0
   104.353    31.939    18.598    54.000     0.015      27      32    58.0    22.0
   104.338    31.926    18.598    54.000     0.013      21       4    60.0    22.0
   104.323    31.913    18.598    54.000     0.017      21       4    62.0    22.0
   104.309    31.900    18.598    54.000     0.020      20       4    64.0    22.0
   104.789    32.307    16.980    54.000     0.053      93       1     0.0    20.0
   104.774    32.294    16.980    54.000     0.026      85      10     2.0    20.0
   104.760    32.281    16.980    54.000     0.027      84       9     4.0    20.0
   104.745    32.268    16.980    54.000     0.031      68      34     6.0    20.0
   104.730    32.256    16.980    54.000     0.052      41      25     8.0    20.0
   104.715    32.243    16.980    54.000     0.062      41      29    10.0    20.0
   104.701    32.230    16.980    54.000     0.038      41      27    12.0    20.0
   104.686    32.217    16.980    54.000     0.021      77      26    14.0    20.0
   104.671    32.204    16.980    54.000     0.028      78      23    16.0    20.0
   104.656    32.191    16.980    54.000     0.015      77      31    18.0    20.0
   104.641    32.178    16.980    54.000     0.015      77       7    20.0    20.0
   104.627    32.165    16.980    54.000     0.019      78       5    22.0    20.0
   104.612    32.152    16.980    54.000     0.020      79       2    24.0    20.0
   104.597    32.139    16.980    54.000     0.021      76       4    26.0    20.0
   104.582    32.126    16.980    54.000     0.020      51       5    28.0    20.0
   104.568    32.113    16.980    54.000     0.033      54      10    30.0    20.0
   104.553    32.100    16.980    54.000     0.062      30      16    32.0    20.0
   104.538    32.087    16.980    54.000     0.064      30      18    34.0    20.0
   104.523    32.074    16.980    54.000     0.025      29      19    36.0    20.0
   104.509    32.061    16.980    54.000     0.010      33       9    38.0    20.0
   104.494    32.048    16.980    54.000     0.016      13      37    40.0    20.0
   104.479    32.035    16.980    54.000     0.035      12      36    42.0    20.0
   104.465    32.022    16.980    54.000     0.074      13      36    44.0    20.0
   104.450    32.009    16.980    54.000     0.059      12      31    46.0    20.0
   104.435    31.996    16.980    54.000     0.041      71       3    48.0    20.0
   104.420    31.983    16.980    54.000     0.049      38      26    50.0    20.0
   104.406    31.970    16.980    54.000     0.027      43       9    52.0    20.0
   104.391    31.958    16.980    54.000     0.033      43      12    54.0    20.0
   104.376    31.945    16.980    54.000     0.017      90      35    56.0    20.0
   104.362    31.932    16.980    54.000     0.020      82       1    58.0    20.0
   104.347    31.919    16.980    54.000     0.020      72      25    60.0    20.0
   104.332    31.906    16.980    54.000     0.025      23       7    62.0    20.0
   104.318    31.893    16.980    54.000     0.024      19       5    64.0    20.0
   104.798    32.300    15.362    54.000     0.046      27      37     0.0    18.0
   104.783    32.287    15.362    54.000     0.081      28      37     2.0    18.0
   104.769    32.274    15.362    54.000     0.078      30      37     4.0    18.0
   104.754    32.261    15.362    54.000     0.062      44       2     6.0    18.0
   104.739    32.248    15.362    54.000     0.026      43       2     8.0    18.0
   104.724    32.235    15.362    54.000     0.046      44       2    10.0    18.0
   104.709    32.222    15.362    54.000     0.046       5      33    12.0    18.0
   104.695    32.209    15.362    54.000     0.067       3      33    14.0    18.0
   104.680    32.196    15.362    54.000     0.081       2      33    16.0    18.0
   104.665    32.183    15.362    54.000     0.090       2      34    18.0    18.0
   104.650    32.170    15.362    54.000     0.065       3      33    20.0    18.0
   104.636    32.158    15.362    54.000     0.046       6      37    22.0    18.0
   104.621    32.145    15.362    54.000     0.044       6      37    24.0    18.0
   104.606    32.132    15.362    54.000     0.025       7      37    26.0    18.0
   104.591    32.119    15.362    54.000     0.034      29       4    28.0    18.0
   104.577    32.106    15.362    54.000     0.039      42      36    30.0    18.0
   104.562    32.093    15.362    54.000     0.055      85       2    32.0    18.0
   104.547    32.080    15.362    54.000     0.039      75      32    34.0    18.0
   104.532    32.067    15.362    54.000     0.032      72      29    36.0    18.0
   104.518    32.054    15.362    54.000     0.027      33      23    38.0    18.0
   104.503    32.041    15.362    54.000     0.035      53      37    40.0    18.0
   104.488    32.028    15.362    54.000     0.074      67       1    42.0    18.0
   104.473    32.015    15.362    54.000     0.093      68       1    44.0    18.0
   104.459    32.002    15.362    54.000     0.036      69       1    46.0    18.0
   104.444    31.989    15.362    54.000     0.010      80      11    48.0    18.0
   104.429    31.976    15.362    54.000     0.029      41      32    50.0    18.0
   104.415    31.963    15.362    54.000     0.019      42      34    52.0    18.0
   104.400    31.950    15.362    54.000     0.013      43      34    54.0    18.0
   104.385    31.937    15.362    54.000     0.008      98      35    56.0    18.0
   104.371    31.924    15.362    54.000     0.012      57       5    58.0    18.0
   104.356    31.911    15.362    54.000     0.024      84       2    60.0    18.0
   104.341    31.898    15.362    54.000     0.024      83       5    62.0    18.0
   104.327    31.885    15.362    54.000     0.016      32       9    64.0    18.0
   104.807    32.292    13.744    54.000     0.031       1      16     0.0    16.0
   104.792    32.280    13.744    54.000     0.041      89      37     2.0    16.0
   104.778    32.267    13.744    54.000     0.076      89      37     4.0    16.0
   104.763    32.254    13.744    54.000     0.138      89      37     6.0    16.0
   104.748    32.241    13.744    54.000     0.132      75       1     8.0    16.0
   104.733    32.228    13.744    54.000     0.074      72       1    10.0    16.0
   104.718    32.215    13.744    54.000     0.029      61      36    12.0    16.0
   104.704    32.202    13.744    54.000     0.019      66      29    14.0    16.0
   104.689    32.189    13.744    54.000     0.036      25       1    16.0    16.0
   104.674    32.176    13.744    54.000     0.060       9      37    18.0    16.0
   104.659    32.163    13.744    54.000     0.046       9      37    20.0    16.0
   104.645    32.150    13.744    54.000     0.021      92       5    22.0    16.0
   104.630    32.137    13.744    54.000     0.048      92       9    24.0    16.0
   104.615    32.124    13.744    54.000     0.054      88      19    26.0    16.0
   104.600    32.111    13.744    54.000     0.090      90       9    28.0    16.0
   104.586    32.098    13.744    54.000     0.091      91       9    30.0    16.0
   104.571    32.085    13.744    54.000     0.080      93       3    32.0    16.0
   104.556    32.072    13.744    54.000     0.045      92       4    34.0    16.0
   104.541    32.059    13.744    54.000     0.039      65      26    36.0    16.0
   104.527    32.047    13.744    54.000     0.033      64      30    38.0    16.0
   104.512    32.034    13.744    54.000     0.031      60      31    40.0    16.0
   104.497    32.021    13.744    54.000     0.027      29      34    42.0    16.0
   104.482    32.008    13.744    54.000     0.022      28      34    44.0    16.0
   104.468    31.995    13.744    54.000     0.013      61       3    46.0    16.0
   104.453    31.982    13.744    54.000     0.024      61       4    48.0    16.0
   104.438    31.969    13.744    54.000     0.013      60       6    50.0    16.0
   104.424    31.956    13.744    54.000     0.019      60       8    52.0    16.0
   104.409    31.943    13.744    54.000     0.032      56      10    54.0    16.0
   104.394    31.930    13.744    54.000     0.020      55       9    56.0    16.0
   104.380    31.917    13.744    54.000     0.015      62      16    58.0    16.0
   104.365    31.904    13.744    54.000     0.018      59      22    60.0    16.0
   104.350    31.891    13.744    54.000     0.016      62      18    62.0    16.0
   104.336    31.878    13.744    54.000     0.015      38       5    64.0    16.0
   104.816    32.285    12.126    54.000     0.032      74      11     0.0    14.0
   104.801    32.272    12.126    54.000     0.037      72      14     2.0    14.0
   104.786    32.259    12.126    54.000     0.015      95      37     4.0    14.0
   104.772    32.246    12.126    54.000     0.026      94      37     6.0    14.0
   104.757    32.233    12.126    54.000     0.034      22      31     8.0    14.0
   104.742    32.220    12.126    54.000     0.042      59       4    10.0    14.0
   104.727    32.207    12.126    54.000     0.103      61      12    12.0    14.0
   104.713    32.195    12.126    54.000     0.069      62      16    14.0    14.0
   104.698    32.182    12.126    54.000     0.115      26       9    16.0    14.0
   104.683    32.169    12.126    54.000     0.085      27       6    18.0    14.0
   104.668    32.156    12.126    54.000     0.050      25       8    20.0    14.0
   104.653    32.143    12.126    54.000     0.023      59      14    22.0    14.0
   104.639    32.130    12.126    54.000     0.019      59      28    24.0    14.0
   104.624    32.117    12.126    54.000     0.025      62      11    26.0    14.0
   104.609    32.104    12.126    54.000     0.029      89      31    28.0    14.0
   104.594    32.091    12.126    54.000     0.066      87      36    30.0    14.0
   104.580    32.078    12.126    54.000     0.111      88      36    32.0    14.0
   104.565    32.065    12.126    54.000     0.084      88      35    34.0    14.0
   104.550    32.052    12.126    54.000     0.073      66      24    36.0    14.0
   104.536    32.039    12.126    54.000     0.096      65      25    38.0    14.0
   104.521    32.026    12.126    54.000     0.020     100      32    40.0    14.0
   104.506    32.013    12.126    54.000     0.014     100      33    42.0    14.0
   104.491    32.000    12.126    54.000     0.019      62       3    44.0    14.0
   104.477    31.987    12.126    54.000     0.027      24      30    46.0    14.0
   104.462    31.974    12.126    54.000     0.048      25      22    48.0    14.0
   104.447    31.961    12.126    54.000     0.031      22      16    50.0    14.0
   104.433    31.948    12.126    54.000     0.028      50      26    52.0    14.0
   104.418    31.935    12.126    54.000     0.033      50      27    54.0    14.0
   104.403    31.922    12.126    54.000     0.022      51      30    56.0    14.0
   104.388    31.909    12.126    54.000     0.015      51      33    58.0    14.0
   104.374    31.896    12.126    54.000     0.008      57      36    60.0    14.0
   104.359    31.884    12.126    54.000     0.027      60      36    62.0    14.0
   104.344    31.871    12.126    54.000     0.066      60      36    64.0    14.0
   104.825    32.278    10.508    54.000     0.036      40      24     0.0    12.0
   104.810    32.265    10.508    54.000     0.036      61       1     2.0    12.0
   104.795    32.252    10.508    54.000     0.094      60       1     4.0    12.0
   104.781    32.239    10.508    54.000     0.133      63       1     6.0    12.0
   104.766    32.226    10.508    54.000     0.116      62       1     8.0    12.0
   104.751    32.213    10.508    54.000     0.132      57      19    10.0    12.0
   104.736    32.200    10.508    54.000     0.135      55      16    12.0    12.0
   104.722    32.187    10.508    54.000     0.107      54      22    14.0    12.0
   104.707    32.174    10.508    54.000     0.087      57      11    16.0    12.0
   104.692    32.161    10.508    54.000     0.050      57      12    18.0    12.0
   104.677    32.148    10.508    54.000     0.029      58       7    20.0    12.0
   104.662    32.135    10.508    54.000     0.012      92      10    22.0    12.0
   104.648    32.122    10.508    54.000     0.007      94      10    24.0    12.0
   104.633    32.109    10.508    54.000     0.009      13      25    26.0    12.0
   104.618    32.097    10.508    54.000     0.020      55      32    28.0    12.0
   104.603    32.084    10.508    54.000     0.019      12      33    30.0    12.0
   104.589    32.071    10.508    54.000     0.022      10      31    32.0    12.0
   104.574    32.058    10.508    54.000     0.037      94      36    34.0    12.0
   104.559    32.045    10.508    54.000     0.011      44      34    36.0    12.0
   104.544    32.032    10.508    54.000     0.004       7      33    38.0    12.0
   104.530    32.019    10.508    54.000     0.008      55       2    40.0    12.0
   104.515    32.006    10.508    54.000     0.021      53       2    42.0    12.0
   104.500    31.993    10.508    54.000     0.047      51       3    44.0    12.0
   104.486    31.980    10.508    54.000     0.034      50       5    46.0    12.0
   104.471    31.967    10.508    54.000     0.033      90      30    48.0    12.0
   104.456    31.954    10.508    54.000     0.030      90      23    50.0    12.0
   104.441    31.941    10.508    54.000     0.015      86      28    52.0    12.0
   104.427    31.928    10.508    54.000     0.018      86      20    54.0    12.0
   104.412    31.915    10.508    54.000     0.011      46       2    56.0    12.0
   104.397    31.902    10.508    54.000     0.016      46       2    58.0    12.0
   104.383    31.889    10.508    54.000     0.007      11      34    60.0    12.0
   104.368    31.876    10.508    54.000     0.012      19      36    62.0    12.0
   104.353    31.863    10.508    54.000     0.017      15      36    64.0    12.0
   104.834    32.270     8.890    54.000     0.056      17       5     0.0    10.0
   104.819    32.257     8.890    54.000     0.063      12      27     2.0    10.0
   104.804    32.244     8.890    54.000     0.060      18       4     4.0    10.0
   104.790    32.231     8.890    54.000     0.023      94       1     6.0    10.0
   104.775    32.219     8.890    54.000     0.035      41      36     8.0    10.0
   104.760    32.206     8.890    54.000     0.031      17       4    10.0    10.0
   104.745    32.193     8.890    54.000     0.029      95      11    12.0    10.0
   104.730    32.180     8.890    54.000     0.037      96      13    14.0    10.0
   104.716    32.167     8.890    54.000     0.037      45       2    16.0    10.0
   104.701    32.154     8.890    54.000     0.041      45       3    18.0    10.0
   104.686    32.141     8.890    54.000     0.037      42       5    20.0    10.0
   104.671    32.128     8.890    54.000     0.017      40       9    22.0    10.0
   104.657    32.115     8.890    54.000     0.013      38       9    24.0    10.0
   104.642    32.102     8.890    54.000     0.021      35       2    26.0    10.0
   104.627    32.089     8.890    54.000     0.022      33       4    28.0    10.0
   104.612    32.076     8.890    54.000     0.023      53      37    30.0    10.0
   104.598    32.063     8.890    54.000     0.032      51      36    32.0    10.0
   104.583    32.050     8.890    54.000     0.029      51      30    34.0    10.0
   104.568    32.037     8.890    54.000     0.017      53      29    36.0    10.0
   104.553    32.024     8.890    54.000     0.009      54      32    38.0    10.0
   104.539    32.011     8.890    54.000     0.035      90      35    40.0    10.0
   104.524    31.998     8.890    54.000     0.044      90      34    42.0    10.0
   104.509    31.986     8.890    54.000     0.099      93      31    44.0    10.0
   104.495    31.973     8.890    54.000     0.092      94      28    46.0    10.0
   104.480    31.960     8.890    54.000     0.090      94      29    48.0    10.0
   104.465    31.947     8.890    54.000     0.039      95      31    50.0    10.0
   104.450    31.934     8.890    54.000     0.028      38      23    52.0    10.0
   104.436    31.921     8.890    54.000     0.034      40      32    54.0    10.0
   104.421    31.908     8.890    54.000     0.036       7      11    56.0    10.0
   104.406    31.895     8.890    54.000     0.013       7      11    58.0    10.0
   104.392    31.882     8.890    54.000     0.017       2       1    60.0    10.0
   104.377    31.869     8.890    54.000     0.036      40       2    62.0    10.0
   104.362    31.856     8.890    54.000     0.027      41       2    64.0    10.0
   104.843    32.263     7.272    54.000     0.058       9      33     0.0     8.0
   104.828    32.250     7.272    54.000     0.131      41      37     2.0     8.0
   104.813    32.237     7.272    54.000     0.251      56       1     4.0     8.0
   104.799    32.224     7.272    54.000     0.325      43      37     6.0     8.0
   104.784    32.211     7.272    54.000     0.207      57       1     8.0     8.0
   104.769    32.198     7.272    54.000     0.168      57       1    10.0     8.0
   104.754    32.185     7.272    54.000     0.108       3      17    12.0     8.0
   104.739    32.172     7.272    54.000     0.066      74      33    14.0     8.0
   104.725    32.159     7.272    54.000     0.045      75      29    16.0     8.0
   104.710    32.147     7.272    54.000     0.029      75      31    18.0     8.0
   104.695    32.134     7.272    54.000     0.026       4       5    20.0     8.0
   104.680    32.121     7.272    54.000     0.032      76       7    22.0     8.0
   104.666    32.108     7.272    54.000     0.028      74      14    24.0     8.0
   104.651    32.095     7.272    54.000     0.030      42       8    26.0     8.0
   104.636    32.082     7.272    54.000     0.018      41       6    28.0     8.0
   104.621    32.069     7.272    54.000     0.024      41       6    30.0     8.0
   104.607    32.056     7.272    54.000     0.008      40       6    32.0     8.0
   104.592    32.043     7.272    54.000     0.006      37       2    34.0     8.0
   104.577    32.030     7.272    54.000     0.007      13      30    36.0     8.0
   104.562    32.017     7.272    54.000     0.011      14      32    38.0     8.0
   104.548    32.004     7.272    54.000     0.009      13      17    40.0     8.0
   104.533    31.991     7.272    54.000     0.012      92       2    42.0     8.0
   104.518    31.978     7.272    54.000     0.007      87       3    44.0     8.0
   104.503    31.965     7.272    54.000     0.011      94       5    46.0     8.0
   104.489    31.952     7.272    54.000     0.007      98      28    48.0     8.0
   104.474    31.939     7.272    54.000     0.014       5       6    50.0     8.0
   104.459    31.926     7.272    54.000     0.029       2      10    52.0     8.0
   104.445    31.913     7.272    54.000     0.026       1      10    54.0     8.0
   104.430    31.900     7.272    54.000     0.021       1      15    56.0     8.0
   104.415    31.887     7.272    54.000     0.015       1      23    58.0     8.0
   104.401    31.874     7.272    54.000     0.007      16       1    60.0     8.0
   104.386    31.861     7.272    54.000     0.009      84      28    62.0     8.0
   104.371    31.848     7.272    54.000     0.008      65      35    64.0     8.0
   104.852    32.255     5.654    54.000     0.060      58      25     0.0     6.0
   104.837    32.243     5.654    54.000     0.030       5       3     2.0     6.0
   104.822    32.230     5.654    54.000     0.043       1       3     4.0     6.0
   104.807    32.217     5.654    54.000     0.106       7      27     6.0     6.0
   104.793    32.204     5.654    54.000     0.194       9      27     8.0     6.0
   104.778    32.191     5.654    54.000     0.230       9      25    10.0     6.0
   104.763    32.178     5.654    54.000     0.156       8      12    12.0     6.0
   104.748    32.165     5.654    54.000     0.091       8       9    14.0     6.0
   104.734    32.152     5.654    54.000     0.050       1      31    16.0     6.0
   104.719    32.139     5.654    54.000     0.044       2      31    18.0     6.0
   104.704    32.126     5.654    54.000     0.032       2      32    20.0     6.0
   104.689    32.113     5.654    54.000     0.015       3      33    22.0     6.0
   104.674    32.100     5.654    54.000     0.012      79      17    24.0     6.0
   104.660    32.087     5.654    54.000     0.013      26      11    26.0     6.0
   104.645    32.074     5.654    54.000     0.010      24       8    28.0     6.0
   104.630    32.061     5.654    54.000     0.018      83       1    30.0     6.0
   104.616    32.049     5.654    54.000     0.021      83       1    32.0     6.0
   104.601    32.036     5.654    54.000     0.008     100      30    34.0     6.0
   104.586    32.023     5.654    54.000     0.007      94       1    36.0     6.0
   104.571    32.010     5.654    54.000     0.019      96       1    38.0     6.0
   104.557    31.997     5.654    54.000     0.046      94       1    40.0     6.0
   104.542    31.984     5.654    54.000     0.060      95       1    42.0     6.0
   104.527    31.971     5.654    54.000     0.031      96       1    44.0     6.0
   104.512    31.958     5.654    54.000     0.017      83      34    46.0     6.0
   104.498    31.945     5.654    54.000     0.017      36       8    48.0     6.0
   104.483    31.932     5.654    54.000     0.020      35       7    50.0     6.0
   104.468    31.919     5.654    54.000     0.017      31      18    52.0     6.0
   104.454    31.906     5.654    54.000     0.010       1      34    54.0     6.0
   104.439    31.893     5.654    54.000     0.015       1      33    56.0     6.0
   104.424    31.880     5.654    54.000     0.033       2      33    58.0     6.0
   104.410    31.867     5.654    54.000     0.053      26       7    60.0     6.0
   104.395    31.854     5.654    54.000     0.060      25       8    62.0     6.0
   104.380    31.841     5.654    54.000     0.105      22       7    64.0     6.0
   104.861    32.248     4.036    54.000     0.076      65      37     0.0     4.0
   104.846    32.235     4.036    54.000     0.139      63      37     2.0     4.0
   104.831    32.222     4.036    54.000     0.196      61      36     4.0     4.0
   104.816    32.209     4.036    54.000     0.130      62      37     6.0     4.0
   104.802    32.196     4.036    54.000     0.084      42      12     8.0     4.0
   104.787    32.183     4.036    54.000     0.060      41       4    10.0     4.0
   104.772    32.171     4.036    54.000     0.040      39      19    12.0     4.0
   104.757    32.158     4.036    54.000     0.081       8      37    14.0     4.0
   104.742    32.145     4.036    54.000     0.115       9      37    16.0     4.0
   104.728    32.132     4.036    54.000     0.131       9      37    18.0     4.0
   104.713    32.119     4.036    54.000     0.037      47      22    20.0     4.0
   104.698    32.106     4.036    54.000     0.020      50      28    22.0     4.0
   104.683    32.093     4.036    54.000     0.015      79      27    24.0     4.0
   104.669    32.080     4.036    54.000     0.018      78      31    26.0     4.0
   104.654    32.067     4.036    54.000     0.015      80      29    28.0     4.0
   104.639    32.054     4.036    54.000     0.010      97       1    30.0     4.0
   104.624    32.041     4.036    54.000     0.012       5      37    32.0     4.0
   104.610    32.028     4.036    54.000     0.014      70      33    34.0     4.0
   104.595    32.015     4.036    54.000     0.018      71      36    36.0     4.0
   104.580    32.002     4.036    54.000     0.022      56       1    38.0     4.0
   104.566    31.989     4.036    54.000     0.015      57       1    40.0     4.0
   104.551    31.976     4.036    54.000     0.008      38      37    42.0     4.0
   104.536    31.963     4.036    54.000     0.012      52       1    44.0     4.0
   104.521    31.950     4.036    54.000     0.006      84       4    46.0     4.0
   104.507    31.937     4.036    54.000     0.008      50       1    48.0     4.0
   104.492    31.925     4.036    54.000     0.012      84      12    50.0     4.0
   104.477    31.912     4.036    54.000     0.010      81      13    52.0     4.0
   104.463    31.899     4.036    54.000     0.014      24       2    54.0     4.0
   104.448    31.886     4.036    54.000     0.030      10      37    56.0     4.0
   104.433    31.873     4.036    54.000     0.033      11      37    58.0     4.0
   104.418    31.860     4.036    54.000     0.020      80      32    60.0     4.0
   104.404    31.847     4.036    54.000     0.028      80      32    62.0     4.0
   104.389    31.834     4.036    54.000     0.026      80      32    64.0     4.0
   104.870    32.241     2.418    54.000     0.100      77      30     0.0     2.0
   104.855    32.228     2.418    54.000     0.105      78      32     2.0     2.0
   104.840    32.215     2.418    54.000     0.068      91       1     4.0     2.0
   104.825    32.202     2.418    54.000     0.037      90       1     6.0     2.0
   104.811    32.189     2.418    54.000     0.031      59       6     8.0     2.0
   104.796    32.176     2.418    54.000     0.060      59       7    10.0     2.0
   104.781    32.163     2.418    54.000     0.076      26      25    12.0     2.0
   104.766    32.150     2.418    54.000     0.076      25      29    14.0     2.0
   104.751    32.137     2.418    54.000     0.088      32       1    16.0     2.0
   104.737    32.124     2.418    54.000     0.057      64      26    18.0     2.0
   104.722    32.111     2.418    54.000     0.042      87       1    20.0     2.0
   104.707    32.098     2.418    54.000     0.032      66       8    22.0     2.0
   104.692    32.086     2.418    54.000     0.023      17      10    24.0     2.0
   104.678    32.073     2.418    54.000     0.016      65      26    26.0     2.0
   104.663    32.060     2.418    54.000     0.020      65      30    28.0     2.0
   104.648    32.047     2.418    54.000     0.016      64      32    30.0     2.0
   104.633    32.034     2.418    54.000     0.029      17      32    32.0     2.0
   104.619    32.021     2.418    54.000     0.009      17      35    34.0     2.0
   104.604    32.008     2.418    54.000     0.009      45       5    36.0     2.0
   104.589    31.995     2.418    54.000     0.026      39       1    38.0     2.0
   104.574    31.982     2.418    54.000     0.037      38       1    40.0     2.0
   104.560    31.969     2.418    54.000     0.033      37       1    42.0     2.0
   104.545    31.956     2.418    54.000     0.041      68       2    44.0     2.0
   104.530    31.943     2.418    54.000     0.035      67       2    46.0     2.0
   104.516    31.930     2.418    54.000     0.031      63       1    48.0     2.0
   104.501    31.917     2.418    54.000     0.018      98       3    50.0     2.0
   104.486    31.904     2.418    54.000     0.028      67      19    52.0     2.0
   104.471    31.891     2.418    54.000     0.021      98       3    54.0     2.0
   104.457    31.878     2.418    54.000     0.022     100       3    56.0     2.0
   104.442    31.865     2.418    54.000     0.030     100       2    58.0     2.0
   104.427    31.852     2.418    54.000     0.017      98       2    60.0     2.0
   104.413    31.839     2.418    54.000     0.014      13       4    62.0     2.0
   104.398    31.826     2.418    54.000     0.030      12       4    64.0     2.0
   104.879    32.233     0.800    54.000     0.053      46      27     0.0     0.0
   104.864    32.220     0.800    54.000     0.026      51      34     2.0     0.0
   104.849    32.207     0.800    54.000     0.037      89      37     4.0     0.0
   104.834    32.195     0.800    54.000     0.020      37       3     6.0     0.0
   104.819    32.182     0.800    54.000     0.031      31      18     8.0     0.0
   104.805    32.169     0.800    54.000     0.052      30      14    10.0     0.0
   104.790    32.156     0.800    54.000     0.059      35      37    12.0     0.0
   104.775    32.143     0.800    54.000     0.145      24       1    14.0     0.0
   104.760    32.130     0.800    54.000     0.195      22       1    16.0     0.0
   104.746    32.117     0.800    54.000     0.163      22       1    18.0     0.0
   104.731    32.104     0.800    54.000     0.044      20       1    20.0     0.0
   104.716    32.091     0.800    54.000     0.021      61       7    22.0     0.0
   104.701    32.078     0.800    54.000     0.034      13      10    24.0     0.0
   104.687    32.065     0.800    54.000     0.030      13       6    26.0     0.0
   104.672    32.052     0.800    54.000     0.024      12       7    28.0     0.0
   104.657    32.039     0.800    54.000     0.013      96       5    30.0     0.0
   104.642    32.026     0.800    54.000     0.028      19      34    32.0     0.0
   104.628    32.013     0.800    54.000     0.043      17      26    34.0     0.0
   104.613    32.000     0.800    54.000     0.074      20      33    36.0     0.0
   104.598    31.988     0.800    54.000     0.117      21      34    38.0     0.0
   104.583    31.975     0.800    54.000     0.097      21      35    40.0     0.0
   104.569    31.962     0.800    54.000     0.053      95      37    42.0     0.0
   104.554    31.949     0.800    54.000     0.049      81       1    44.0     0.0
   104.539    31.936     0.800    54.000     0.023      79       3    46.0     0.0
   104.525    31.923     0.800    54.000     0.014      77       4    48.0     0.0
   104.510    31.910     0.800    54.000     0.053       8      31    50.0     0.0
   104.495    31.897     0.800    54.000     0.022       8      32    52.0     0.0
   104.480    31.884     0.800    54.000     0.020      75      32    54.0     0.0
   104.466    31.871     0.800    54.000     0.021      76      33    56.0     0.0
   104.451    31.858     0.800    54.000     0.020      73      32    58.0     0.0
   104.436    31.845     0.800    54.000     0.022      71      28    60.0     0.0
   104.422    31.832     0.800    54.000     0.034     100       2    62.0     0.0
   104.407    31.819     0.800    54.000     0.076     100       3    64.0     0.0
