   0.00000000       2.74761878E-02   2.40000002E-02   5.49999997E-02
   2.00000000       2.77142860E-02   2.80000009E-02   5.29999994E-02
   4.00000000       2.85714306E-02   2.70000007E-02   4.89999987E-02
   6.00000000       3.00952401E-02   3.09999995E-02   4.30000015E-02
   8.00000000       3.18095237E-02   2.80000009E-02   5.29999994E-02
   10.0000000       3.57142873E-02   3.40000018E-02   6.30000010E-02
   12.0000000       3.66666615E-02   3.29999998E-02   6.59999996E-02
   14.0000000       3.89999934E-02   3.29999998E-02   7.80000016E-02
   16.0000000       4.19999957E-02   3.79999988E-02   9.60000008E-02
   18.0000000       4.24761847E-02   3.90000008E-02  0.104000002    
   20.0000000       4.26666625E-02   3.79999988E-02   9.70000029E-02
   22.0000000       4.34285700E-02   3.79999988E-02  0.115000002    
   24.0000000       4.30952422E-02   4.10000011E-02   9.60000008E-02
   26.0000000       4.43333276E-02   4.19999994E-02   7.19999969E-02
   28.0000000       4.78571430E-02   4.39999998E-02   7.90000036E-02
   30.0000000       4.79523800E-02   4.39999998E-02   8.69999975E-02
   32.0000000       4.50476222E-02   4.19999994E-02   8.20000023E-02
   34.0000000       4.26666625E-02   4.19999994E-02   6.49999976E-02
   36.0000000       4.05238084E-02   3.79999988E-02   6.40000030E-02
   38.0000000       4.04761918E-02   3.90000008E-02   5.60000017E-02
   40.0000000       4.13333289E-02   3.90000008E-02   5.90000004E-02
   42.0000000       4.25238088E-02   4.19999994E-02   7.40000010E-02
   44.0000000       4.38571386E-02   4.19999994E-02   8.79999995E-02
   46.0000000       4.61428575E-02   4.19999994E-02   9.49999988E-02
   48.0000000       4.80476171E-02   4.30000015E-02  0.112999998    
   50.0000000       4.90000024E-02   4.50000018E-02  0.118000001    
   52.0000000       4.82857153E-02   3.90000008E-02  0.116999999    
   54.0000000       4.80952375E-02   3.79999988E-02  0.123000003    
   56.0000000       4.94285710E-02   4.50000018E-02  0.126000002    
   58.0000000       4.96190451E-02   4.19999994E-02  0.126000002    
   60.0000000       4.81904745E-02   3.59999985E-02  0.116999999    
   62.0000000       4.62857187E-02   3.59999985E-02  0.107000001    
   64.0000000       4.71428558E-02   3.20000015E-02  0.105999999    
   66.0000000       4.89523858E-02   3.59999985E-02  0.100000001    
   68.0000000       4.86190431E-02   3.50000001E-02  0.108000003    
   70.0000000       4.90000024E-02   3.50000001E-02  0.125000000    
   72.0000000       5.03333360E-02   3.99999991E-02  0.130999997    
   74.0000000       5.03809527E-02   4.39999998E-02  0.114000000    
   76.0000000       5.03809527E-02   4.50000018E-02  0.108999997    
   78.0000000       5.21428511E-02   4.80000004E-02  0.101999998    
   80.0000000       5.60952313E-02   5.70000000E-02   8.90000015E-02
   82.0000000       5.54285720E-02   5.49999997E-02   9.20000002E-02
   84.0000000       5.62380962E-02   5.40000014E-02   9.49999988E-02
   86.0000000       5.56190424E-02   5.00000007E-02   9.60000008E-02
   88.0000000       5.71904741E-02   5.79999983E-02   9.39999968E-02
   90.0000000       6.11904785E-02   5.60000017E-02  0.112999998    
   92.0000000       6.87619075E-02   5.79999983E-02  0.149000004    
   94.0000000       7.35714212E-02   6.19999990E-02  0.159999996    
   96.0000000       7.78571442E-02   7.00000003E-02  0.180999994    
   98.0000000       7.73333311E-02   6.89999983E-02  0.192000002    
   100.000000       7.82380998E-02   6.89999983E-02  0.201000005    
   102.000000       7.79047683E-02   7.00000003E-02  0.202000007    
   104.000000       7.85714239E-02   6.80000037E-02  0.207000002    
   106.000000       7.99999908E-02   6.19999990E-02  0.225999996    
   108.000000       7.93333426E-02   6.49999976E-02  0.223000005    
   110.000000       8.03809538E-02   6.59999996E-02  0.210999995    
   112.000000       8.11904818E-02   6.70000017E-02  0.195999995    
