   -17.716       6     0.500
   -23.894      25     0.500
    -3.659       6     0.501
    12.235       6     0.501
    18.696       6     0.501
   -80.192      42     0.501
    16.196       5     0.503
   -17.284       7     0.503
  -104.197      44     0.503
   -21.516       7     0.506
   -25.727       5     0.506
   -27.669       6     0.506
   -15.317       6     0.507
    16.369       6     0.508
    18.476       5     0.508
   -17.498       5     0.508
   -11.917      26     0.509
   -76.266      43     0.509
    -1.692       6     0.510
    -5.797       6     0.510
    18.362       6     0.510
   -19.527       5     0.510
   -48.973      18     0.510
   -11.453       5     0.511
   -13.566       5     0.511
   -31.660       6     0.511
    -9.486       5     0.512
   -19.681       6     0.513
   -19.817      25     0.514
    -7.520       5     0.515
   -15.532       5     0.515
    -3.768       6     0.516
   -96.124      44     0.516
   -27.669       5     0.517
   -37.382       7     0.517
   -15.317       7     0.518
  -120.218      48     0.518
  -120.218      49     0.518
   -14.169      26     0.519
   -76.164      42     0.520
   -84.160      42     0.520
   -13.613       7     0.522
     0.337       6     0.523
   -25.641       6     0.523
   -30.185      26     0.523
     4.106       5     0.524
    -5.490       5     0.524
   -21.710       6     0.524
   -32.036      26     0.524
   -23.699       5     0.525
   -24.006      25     0.525
   -29.611       5     0.525
   -13.350       6     0.526
   -80.172      42     0.526
   -90.175      43     0.526
    16.728       6     0.527
    18.362       5     0.527
   -82.217      42     0.527
   -88.150      43     0.527
    20.665       7     0.528
   -23.675       6     0.528
   -46.985      18     0.528
  -122.178      48     0.529
    -1.717       6     0.531
     2.304       6     0.532
   -13.350       7     0.532
   -47.010      18     0.532
   -13.945      26     0.533
   -30.047      26     0.533
   -39.432       7     0.534
   -20.039      27     0.535
   -80.153      42     0.535
     0.250       6     0.536
    -3.523       5     0.537
   -27.560       5     0.537
     6.410       7     0.538
    14.697       6     0.538
   -25.641       5     0.538
   -45.047      18     0.538
  -122.178      49     0.538
   -28.107      27     0.539
   -28.158      26     0.539
   -31.423       6     0.539
   -33.518       6     0.539
    -7.788       6     0.540
   -86.104      43     0.540
     4.132       6     0.541
   -78.190      42     0.541
     4.271       6     0.542
   -21.734       5     0.542
    -9.681       5     0.543
    -9.926       6     0.543
    18.696       7     0.543
   -24.141      27     0.543
    -9.977      26     0.544
   -44.938      18     0.544
    -9.951       5     0.545
    12.644       6     0.545
   -31.530       7     0.545
   -26.194      26     0.546
    14.229       6     0.547
    16.507       5     0.547
   -84.141      43     0.547
  -106.141      43     0.547
  -110.126      44     0.547
    10.205       6     0.549
    10.676       6     0.550
   -11.321       6     0.550
   -15.666       5     0.550
    -1.556       5     0.551
   -80.153      43     0.552
   -11.321       7     0.553
     8.708       6     0.554
   -19.768       5     0.554
   -22.066      27     0.554
   -23.675       5     0.554
   -82.116      43     0.554
     6.678       6     0.555
    16.728       7     0.555
   -35.461       6     0.555
   -32.124      26     0.556
   -25.946      26     0.557
  -102.236      43     0.557
   -21.710       5     0.558
   -98.086      44     0.558
    16.369       5     0.559
    16.394       6     0.559
   -15.911      26     0.559
   -17.716       5     0.559
   -23.919      25     0.559
   -98.086      43     0.559
    14.697       7     0.560
   -29.611       6     0.560
   -82.198      42     0.560
     4.710       6     0.561
    14.477       5     0.561
   -11.647       7     0.561
     6.678       7     0.562
    10.432       7     0.562
   -13.833       5     0.562
   -74.118      43     0.562
   -27.583       5     0.563
  -102.236      44     0.563
     4.710       7     0.564
    10.676       7     0.564
    12.644       7     0.564
   -78.229      43     0.564
     2.659       6     0.565
     2.659       7     0.565
     8.708       7     0.565
    -5.822       6     0.565
    -7.651       5     0.565
    -9.354       6     0.565
   -37.404       6     0.565
    -9.354       7     0.566
   -13.700       5     0.566
   -19.550       7     0.567
     2.279       6     0.568
    12.235       5     0.568
    14.255       6     0.568
   -19.681       5     0.568
   -98.250      44     0.570
     0.557       5     0.571
     0.628       7     0.571
   -17.740       5     0.571
     0.628       6     0.572
   -37.404       7     0.573
     2.055       5     0.574
     8.128       5     0.574
    -1.339       7     0.574
    -7.303       7     0.574
    12.287       6     0.574
   -11.647       5     0.574
    -7.303       6     0.575
    18.450       5     0.575
  -100.212      44     0.575
   -26.080      27     0.576
  -108.165      44     0.576
    -1.339       6     0.577
    -5.601       5     0.578
    -7.985       5     0.578
   -78.190      43     0.578
  -100.110      43     0.578
  -104.179      43     0.578
    -5.274       7     0.579
    -3.306       7     0.580
    -5.274       6     0.580
    20.419       6     0.580
  -100.110      44     0.580
    -3.306       6     0.581
   -25.594       5     0.581
     4.380       7     0.582
   -11.892       5     0.582
  -100.212      43     0.582
  -102.155      43     0.582
    12.261       6     0.584
     2.524       5     0.585
   -76.164      43     0.585
   -22.202      26     0.586
     6.322       6     0.587
    -9.681       7     0.587
    14.229       5     0.587
   -15.774       5     0.587
     8.154       6     0.589
     4.246       6     0.590
    -7.876       6     0.590
  -102.155      44     0.590
  -106.141      44     0.590
    14.427       6     0.591
   -25.617       5     0.591
   -94.199      43     0.591
    10.319       6     0.592
    16.394       5     0.592
   -12.005      26     0.592
   -27.583       6     0.592
   -98.250      43     0.592
     8.352       6     0.593
    12.509       5     0.593
  -104.179      44     0.593
   -13.613       5     0.594
   -31.553       6     0.594
   -11.671       5     0.595
    -3.634       5     0.596
   -96.142      43     0.596
   -17.876      26     0.597
   -19.988      25     0.597
   -23.919      26     0.597
     4.492       5     0.599
   -29.502       7     0.599
   -29.374       6     0.600
     0.026       5     0.601
    -5.935       5     0.603
    10.541       5     0.603
     2.165       6     0.604
    -1.605       5     0.604
   -21.953      25     0.604
   -24.229      26     0.605
     8.490       5     0.606
     2.329       7     0.607
   -23.652       5     0.607
     6.459       5     0.608
   -20.013      25     0.608
   -23.628       5     0.609
    12.312       6     0.610
   -28.020      26     0.610
    -7.651       7     0.611
    10.294       6     0.611
   -13.724       5     0.611
   -30.072      26     0.612
    -3.907       5     0.613
   -15.642       5     0.613
   -24.031      27     0.613
   -33.496       6     0.613
    -1.940       5     0.614
    -5.847       6     0.616
   -25.617       6     0.616
   -21.623       5     0.617
   -21.979      25     0.617
   -76.184      43     0.618
     8.377       6     0.619
    -9.705       5     0.619
    10.345       6     0.619
    14.255       5     0.620
   -17.608       5     0.620
   -35.417       7     0.620
   -94.180      43     0.620
     6.187       6     0.621
   -11.647       6     0.621
   -27.537       7     0.621
     0.362       7     0.622
    16.420       5     0.622
   -19.988      26     0.622
     0.362       5     0.623
   -21.516       5     0.623
   -11.867       5     0.624
   -12.031      26     0.624
   -19.658       5     0.624
   -27.346       6     0.624
    -7.544       5     0.625
   -30.097      27     0.625
     8.264       6     0.626
    -9.510       5     0.626
    10.205       5     0.626
   -13.613       6     0.626
     0.115       6     0.627
    20.528       7     0.627
    -5.577       5     0.628
   -17.584       7     0.628
    -5.601       7     0.629
    -9.681       6     0.629
    14.427       5     0.629
   -11.623       5     0.629
     6.099       5     0.630
    12.261       5     0.630
   -21.953      26     0.630
     2.329       5     0.631
   -29.588       6     0.631
    -1.914       6     0.632
    -3.881       6     0.632
   -23.652       6     0.632
   -80.192      43     0.632
    -3.634       7     0.633
   -11.758       5     0.633
   -19.550       5     0.633
    -1.605       7     0.634
     6.410       6     0.635
    -9.926       5     0.635
   -13.589       5     0.635
    -3.547       5     0.636
    -3.855       6     0.636
   -15.642       6     0.636
   -17.584       5     0.636
   -92.237      43     0.636
    18.450       6     0.637
   -15.556       5     0.637
   -25.380       6     0.638
   -21.623       6     0.641
     6.213       6     0.642
   -16.134      26     0.642
   -25.571       7     0.642
     4.158       6     0.643
    -7.651       6     0.643
    -7.738       5     0.643
   -17.608       6     0.643
    18.476       7     0.646
     8.402       7     0.647
    12.287       5     0.647
   -19.658       6     0.647
   -23.414       6     0.647
   -31.530       6     0.647
    -1.581       5     0.648
     4.380       5     0.649
    12.312       5     0.652
   -33.389       7     0.652
    -1.826       6     0.653
     2.191       6     0.655
     4.380       6     0.655
     6.410       5     0.655
   -28.133      27     0.657
   -92.218      43     0.657
    -5.601       6     0.658
   -21.385       6     0.659
   -78.209      43     0.659
     0.224       6     0.661
   -35.439       6     0.661
    10.345       5     0.662
   -26.168      27     0.663
     0.386       5     0.665
    -5.709       5     0.665
   -27.560       6     0.665
    -3.634       6     0.666
     8.377       5     0.667
    14.452       5     0.667
   -13.971      26     0.667
   -30.097      26     0.667
     2.329       6     0.668
    -9.729       5     0.668
   -31.423       7     0.668
   -35.439       7     0.668
     8.154       5     0.669
   -23.459       7     0.669
     0.362       6     0.670
    -9.817       5     0.670
    16.507       7     0.670
     4.132       5     0.671
    10.294       5     0.671
   -90.212      43     0.671
    -1.605       6     0.672
   -15.556       7     0.672
    10.319       5     0.673
   -82.217      43     0.673
   -19.419       6     0.674
   -29.502       6     0.674
    -3.659       5     0.676
    -7.876       5     0.677
     2.437       5     0.679
   -25.971      26     0.680
    16.420       6     0.681
   -17.369       6     0.681
   -29.374       7     0.681
     8.352       5     0.682
    -1.692       5     0.683
   -90.193      43     0.683
   -25.594       6     0.685
    12.484       5     0.686
     6.322       5     0.688
   -21.385       7     0.688
   -28.107      26     0.688
    20.528       6     0.689
   -80.172      43     0.689
   -23.414       7     0.691
   -84.263      43     0.691
    14.477       7     0.692
   -17.369       7     0.692
   -25.380       7     0.692
   -27.346       7     0.692
     0.337       5     0.693
     4.467       5     0.693
   -19.419       7     0.693
   -27.537       6     0.693
     4.271       5     0.694
   -24.006      26     0.694
     2.304       5     0.695
     8.264       5     0.696
    -7.763       5     0.696
   -15.340       6     0.696
   -88.250      43     0.697
     6.435       5     0.699
    10.432       5     0.699
   -14.080      26     0.700
   -21.493       7     0.700
   -33.473       6     0.700
   -15.340       7     0.701
   -33.473       7     0.701
     2.165       5     0.702
   -23.628       6     0.702
   -86.288      43     0.703
     8.402       5     0.704
     6.187       5     0.705
    -5.847       5     0.705
   -13.373       6     0.705
   -13.373       7     0.706
     6.435       7     0.707
   -25.571       6     0.708
   -88.231      43     0.708
   -13.589       7     0.711
   -21.516       6     0.713
    -7.788       5     0.715
    12.509       7     0.715
    18.476       6     0.715
   -82.198      43     0.715
   -11.407       7     0.716
     6.213       5     0.718
   -11.407       6     0.718
   -86.206      43     0.718
     0.115       5     0.720
    -3.881       5     0.720
   -19.550       6     0.720
   -31.445       6     0.721
   -31.445       7     0.721
   -23.459       6     0.722
    -5.797       5     0.723
   -21.979      26     0.723
   -84.160      43     0.723
    -1.914       5     0.726
    -9.377       7     0.726
     0.605       7     0.728
    14.452       6     0.728
   -17.584       6     0.728
    -3.330       7     0.729
    -9.377       6     0.729
   -19.527       7     0.729
    -1.362       7     0.730
     2.572       7     0.731
    -5.359       7     0.731
    20.640       6     0.731
     4.603       7     0.732
    -7.410       7     0.732
     4.246       5     0.733
     4.603       6     0.733
   -28.133      26     0.733
     2.572       6     0.734
     4.158       5     0.734
    20.640       7     0.734
   -29.480       7     0.734
     0.605       6     0.735
   -29.480       6     0.735
     6.654       6     0.736
     6.654       7     0.737
     8.622       6     0.737
    18.672       6     0.737
    -3.768       5     0.738
    -7.410       6     0.738
   -21.493       6     0.738
    -1.362       6     0.739
    -3.330       6     0.739
    16.641       6     0.739
   -15.556       6     0.739
     8.622       7     0.740
    -5.359       6     0.740
   -15.936      26     0.740
    -5.822       5     0.742
    10.541       7     0.742
    10.652       6     0.743
    12.620       6     0.743
    14.589       6     0.743
    16.507       6     0.744
    18.672       7     0.744
     2.279       5     0.745
    16.641       7     0.746
   -27.514       7     0.746
   -11.623       7     0.747
   -27.514       6     0.747
    -1.717       5     0.749
    10.652       7     0.749
    12.620       7     0.749
     0.250       5     0.750
     4.467       7     0.750
    14.589       7     0.750
   -18.048      26     0.752
   -20.013      26     0.753
     2.191       5     0.755
   -19.527       6     0.756
   -25.402       7     0.757
   -25.402       6     0.758
    12.484       6     0.760
   -13.589       6     0.760
    -3.855       5     0.762
   -17.498       7     0.763
     0.224       5     0.766
   -23.436       7     0.767
    -1.826       5     0.768
   -23.436       6     0.768
    14.477       6     0.772
     8.490       7     0.775
   -16.108      26     0.778
   -21.470       7     0.778
   -21.470       6     0.779
   -17.498       6     0.780
   -18.099      26     0.780
    20.553       7     0.784
    -9.510       7     0.785
   -11.623       6     0.785
    10.432       6     0.786
     2.437       7     0.787
   -19.442       7     0.792
   -19.442       6     0.793
    20.553       6     0.797
    18.584       7     0.798
   -15.532       7     0.798
    12.509       6     0.800
   -26.168      26     0.805
     6.459       7     0.807
    -7.544       7     0.807
    18.584       6     0.807
   -17.475       7     0.808
     0.386       7     0.809
    16.532       7     0.809
   -17.475       6     0.809
     8.402       6     0.812
   -15.532       6     0.812
    -9.510       6     0.815
    14.564       7     0.815
    12.533       7     0.819
    16.532       6     0.819
   -15.509       7     0.821
   -26.080      26     0.821
    -5.577       7     0.823
    14.564       6     0.824
   -15.509       6     0.824
    -1.581       7     0.826
    -3.547       7     0.827
    10.541       6     0.827
    10.566       7     0.827
   -13.566       7     0.828
     6.435       6     0.830
    12.533       6     0.832
   -18.074      26     0.832
     8.598       7     0.834
   -20.127      26     0.837
    -7.544       6     0.838
   -24.141      26     0.838
   -13.396       7     0.839
    10.566       6     0.840
   -13.566       6     0.840
     6.546       7     0.841
   -13.396       6     0.842
   -22.092      26     0.843
     4.492       7     0.844
     4.467       6     0.845
   -24.031      26     0.847
     8.598       6     0.849
     4.516       7     0.851
     8.490       6     0.852
   -11.430       7     0.854
    -5.577       6     0.855
     2.437       6     0.858
     2.549       7     0.859
     6.546       6     0.860
   -11.430       6     0.861
   -11.453       7     0.861
    -3.547       6     0.864
     0.386       6     0.865
    -9.463       7     0.868
    -1.581       6     0.869
     0.581       7     0.871
     4.516       6     0.874
     2.524       7     0.875
   -11.453       6     0.875
     6.459       6     0.877
    -9.463       6     0.878
    -1.386       7     0.879
    -7.433       7     0.879
     2.549       6     0.883
    -5.467       7     0.884
    -3.500       7     0.885
    -9.486       7     0.887
   -20.039      26     0.888
    -7.433       6     0.892
   -22.066      26     0.893
     0.581       6     0.895
     0.557       7     0.899
     4.492       6     0.900
    -1.386       6     0.901
    -5.467       6     0.901
    -9.486       6     0.902
    -3.500       6     0.905
    -7.520       7     0.906
    -1.556       7     0.916
     2.524       6     0.920
    -5.490       7     0.920
    -7.520       6     0.923
    -3.523       7     0.924
     0.557       6     0.935
    -5.490       6     0.939
    -1.556       6     0.944
    -3.523       6     0.946
