     6.435      27     0.300
     8.013      17     0.300
     8.154       4     0.300
    15.742       8     0.300
   -15.911       6     0.300
   -36.249      18     0.300
   -48.189       7     0.300
   -74.017      43     0.300
   -86.327      43     0.300
   -90.397      43     0.300
  -104.099      48     0.300
  -114.093      49     0.300
     4.380      18     0.301
     8.622      12     0.301
     9.667       2     0.301
    -1.826       4     0.301
    -3.659      19     0.301
    12.509      27     0.301
  -102.273      52     0.301
    -3.995      20     0.302
   -15.798      18     0.302
   -40.152      19     0.302
   -54.146      32     0.302
     6.410      18     0.303
   -10.092      26     0.303
   -38.213      16     0.303
   -43.551       7     0.303
   -46.765      16     0.303
   -60.288      27     0.303
   -84.160      25     0.303
   -86.327      42     0.303
  -110.126      48     0.303
  -114.530      56     0.303
  -120.336      48     0.303
     4.158      17     0.304
    -3.634      27     0.304
    17.709       8     0.304
   -21.623       3     0.304
   -27.583       3     0.304
   -33.952      26     0.304
   -39.774      21     0.304
   -44.938      19     0.304
   -48.791      16     0.304
   -54.249      27     0.304
   -84.024      43     0.304
   -88.012      43     0.304
  -104.099      49     0.304
     2.329      27     0.305
    -9.705      25     0.305
    13.629       2     0.305
   -36.249      26     0.305
   -44.338      19     0.305
   -56.402      27     0.305
   -57.033      16     0.305
     9.576       3     0.306
    -1.362      12     0.306
    -9.681      11     0.306
    11.605       3     0.306
   -11.430      12     0.306
   -13.971      25     0.306
   -86.513      42     0.306
   -88.352      42     0.306
  -114.549      56     0.306
  -118.634      57     0.306
     0.362      27     0.307
    -3.547      11     0.307
    -7.738      25     0.307
    -9.705      18     0.307
   -19.658      25     0.307
   -25.617       3     0.307
   -25.946      27     0.307
   -46.765      17     0.307
   -48.791      17     0.307
   -84.263      44     0.307
   -85.986      43     0.307
   -88.352      43     0.307
     0.337      19     0.308
     6.459      12     0.308
    -1.692      19     0.308
    -5.709      19     0.308
   -13.724      21     0.308
   -15.556      11     0.308
   -36.224      27     0.308
   -96.326      43     0.308
  -116.694      56     0.308
     2.304      18     0.309
    -1.556      11     0.309
    -3.995      26     0.309
    14.087      17     0.309
    18.138       5     0.309
   -19.527      28     0.309
   -37.361       7     0.309
   -40.152      16     0.309
   -40.239      19     0.309
   -44.826      17     0.309
   -50.862      17     0.309
   -58.345      28     0.309
   -92.441      42     0.309
  -112.070      44     0.309
  -112.250      43     0.309
     8.264       4     0.310
    -1.605      27     0.310
    -2.055      19     0.310
   -11.758      21     0.310
   -14.080      27     0.310
   -15.886      27     0.310
   -16.108      25     0.310
   -23.652       3     0.310
   -43.445       6     0.310
   -43.529       6     0.310
   -44.324      27     0.310
   -78.249      42     0.310
   -84.141      44     0.310
     0.250       4     0.311
    -3.907      26     0.311
   -29.828      25     0.311
   -36.275      18     0.311
   -38.301      16     0.311
   -56.214      27     0.311
   -57.009      16     0.311
   -88.231      42     0.311
  -120.656      57     0.311
     3.995       5     0.312
    -5.797      24     0.312
    -7.738       7     0.312
   -11.917      17     0.312
   -41.801      25     0.312
   -60.101      31     0.312
   -26.194      27     0.313
   -34.285      26     0.313
   -56.173      32     0.313
    -1.692       7     0.314
    -7.763      19     0.314
    -7.788      21     0.314
   -17.584      28     0.314
   -25.358       6     0.314
   -40.349      19     0.314
   -54.249      28     0.314
   -62.251      27     0.314
     2.191      18     0.315
    -3.881      17     0.315
    16.752       6     0.315
   -11.671      19     0.315
   -13.396       5     0.315
   -15.774      21     0.315
   -44.218       7     0.315
   -52.285      27     0.315
   -55.095      16     0.315
   -82.320      42     0.315
   -86.347      42     0.315
  -118.615      56     0.315
     0.224       4     0.316
     6.187       4     0.316
    -5.709      24     0.316
    -9.681      27     0.316
    10.095      17     0.316
    16.420      27     0.316
   -12.005      27     0.316
   -13.858      20     0.316
   -15.509       5     0.316
   -17.584      12     0.316
   -56.173      31     0.316
  -114.211      49     0.316
     1.940      17     0.317
    10.566      12     0.317
   -15.532      12     0.317
   -18.099      27     0.317
   -48.399      28     0.317
   -54.875      16     0.317
   -58.240      27     0.317
   -90.294      42     0.317
  -104.099      43     0.317
  -116.592      56     0.317
     2.279       4     0.318
    -5.709       7     0.318
    -7.985      27     0.318
   -19.792      26     0.318
   -33.518       7     0.318
   -36.028      26     0.318
   -38.437      15     0.318
   -44.225      19     0.318
   -48.815      17     0.318
   -56.297      28     0.318
   -60.308      28     0.318
  -106.123      48     0.318
     0.605      12     0.319
     8.402      27     0.319
    -5.847      26     0.319
    -9.681      25     0.319
   -28.247      26     0.319
   -31.530      28     0.319
   -33.687       5     0.319
   -33.734       5     0.319
   -39.774      25     0.319
   -46.246       7     0.319
   -58.137      31     0.319
   -66.241      28     0.319
   -68.165      43     0.319
   -84.345      42     0.319
  -122.597      56     0.319
    -7.985      17     0.320
   -13.724      19     0.320
   -46.789      17     0.320
     6.213       4     0.321
     8.154      17     0.321
    -3.659       7     0.321
    16.420       7     0.321
   -11.892      18     0.321
   -19.550      28     0.321
   -31.234       7     0.321
   -38.437      18     0.321
   -44.176       7     0.321
   -70.148      43     0.321
   -96.106      43     0.321
   -96.106      44     0.321
  -104.398      52     0.321
  -114.211      48     0.321
  -118.178      44     0.321
  -120.656      56     0.321
    -0.026      19     0.322
    -3.855      20     0.322
   -11.453      11     0.322
   -56.214      28     0.322
   -64.298      27     0.322
   -92.461      42     0.322
  -112.070      49     0.322
  -112.087      48     0.322
     0.386      12     0.323
    -3.634      12     0.323
    -7.876      27     0.323
    20.528      27     0.323
   -98.068      43     0.323
  -120.574      56     0.323
     9.696       3     0.324
    -5.935      20     0.324
    -6.071      26     0.324
   -11.647      25     0.324
   -15.911       5     0.324
   -80.357      42     0.324
   -88.150      42     0.324
     6.654      12     0.325
   -13.971       5     0.325
   -17.608      12     0.325
   -38.213      18     0.325
   -39.559       6     0.325
   -54.292      27     0.325
   -58.240      28     0.325
   -88.475      42     0.325
  -104.296      52     0.325
  -108.085      44     0.325
  -116.694      57     0.325
    -9.951      20     0.326
   -11.758      20     0.326
   -19.658       7     0.326
   -19.792      25     0.326
   -42.400      15     0.326
   -46.162       7     0.326
   -52.826      16     0.326
   -89.992      43     0.326
  -114.211      44     0.326
     2.572      12     0.327
    -9.729      20     0.327
   -11.430       5     0.327
   -17.608      25     0.327
   -50.887      18     0.327
   -64.072      43     0.327
   -88.455      42     0.327
  -100.230      44     0.327
  -118.736      56     0.327
    -1.966      20     0.328
    12.036      17     0.328
   -17.475       5     0.328
   -21.493      28     0.328
   -29.588       7     0.328
   -38.188      26     0.328
   -46.789      18     0.328
   -64.298      28     0.328
   -76.286      43     0.328
   -88.150      44     0.328
   -94.301      43     0.328
  -100.230      43     0.328
    -9.463       5     0.329
    15.742       3     0.329
   -13.724      18     0.329
   -31.553       7     0.329
   -38.411      16     0.329
   -53.070      18     0.329
   -86.288      44     0.329
   -86.307      42     0.329
     4.246      18     0.330
     4.603      12     0.330
    14.783       6     0.330
    15.567       3     0.330
    20.553       5     0.330
   -13.971      27     0.330
   -27.776       6     0.330
   -54.270      28     0.330
   -72.277      43     0.330
   -11.892      27     0.331
   -21.257       7     0.331
   -31.553       5     0.331
   -38.437      16     0.331
  -118.634      56     0.331
     2.279      18     0.332
    -5.935      26     0.332
    -9.951      27     0.332
   -88.269      42     0.332
   -90.437      42     0.332
  -122.296      48     0.332
  -122.616      56     0.332
    -5.935      17     0.333
    -9.926      27     0.333
   -13.613      25     0.333
   -15.642      25     0.333
   -15.798      20     0.333
   -23.919      27     0.333
   -62.335      27     0.333
   -74.099      42     0.333
  -114.110      48     0.333
    -8.011      17     0.334
   -13.724      20     0.334
  -120.235      49     0.334
     2.055      17     0.335
     8.154      18     0.335
    -7.433       5     0.335
    -9.926      26     0.335
   -13.833      21     0.335
   -29.268       7     0.335
   -46.267      27     0.335
  -116.252      48     0.335
     2.165      17     0.336
     4.246       4     0.336
     4.271      18     0.336
    -3.907      20     0.336
    11.662       3     0.336
   -23.307       7     0.336
   -30.047      27     0.336
   -30.295      26     0.336
   -62.335      28     0.336
    -5.601      18     0.337
    -7.876      26     0.337
    13.629       3     0.337
   -19.228       7     0.337
   -44.826      16     0.337
   -64.278      28     0.337
   -13.589      11     0.338
   -13.833      18     0.338
   -15.886       6     0.338
   -34.088      27     0.338
   -46.372      27     0.338
     8.598      12     0.339
     9.667       3     0.339
    -3.523      11     0.339
    -5.490      11     0.339
    -7.520      11     0.339
    -9.926      18     0.339
   -90.417      42     0.339
   -11.758      19     0.340
   -16.108      27     0.340
   -52.937      18     0.340
   -88.030      43     0.340
  -122.616      57     0.340
    -1.966      17     0.341
    -5.577      11     0.341
   -11.917      27     0.341
   -15.295       6     0.341
   -52.306      28     0.341
     0.026      17     0.342
     4.158      18     0.342
    -3.907      17     0.342
    20.305       6     0.342
   -21.758      25     0.342
   -76.043      43     0.342
   -86.104      44     0.342
    -5.935      18     0.343
   -11.917      25     0.343
   -15.774      20     0.343
   -33.518      28     0.343
   -38.411      18     0.343
     0.337      18     0.344
     1.966       5     0.344
    -0.026      17     0.344
    10.095       6     0.344
   -11.867      21     0.344
   -15.642      12     0.344
   -32.259      26     0.344
   -79.970      43     0.344
     0.026      18     0.345
    -5.601      19     0.345
   -43.340       7     0.345
   -44.826      19     0.345
   -53.070      15     0.345
   -70.109      43     0.345
   -82.079      43     0.345
   -86.067      43     0.345
    -4.105      17     0.346
    -7.876      18     0.346
   -32.233      27     0.346
   -70.128      42     0.346
   -98.068      44     0.346
   -12.005       5     0.347
   -33.710       6     0.347
   -33.976      26     0.347
   -84.042      43     0.347
  -100.092      43     0.347
     4.132      17     0.348
    -1.605      19     0.348
    -5.467       5     0.348
    -5.601      12     0.348
    14.477      27     0.348
   -25.571      28     0.348
   -27.537       5     0.348
   -29.502      28     0.348
   -40.401      15     0.348
   -43.529       7     0.348
  -102.054      43     0.348
    -9.463      12     0.349
    -9.486      11     0.349
   -27.302       7     0.349
   -27.537      28     0.349
   -40.401      18     0.349
   -42.453      15     0.349
   -44.197       7     0.349
  -116.155      48     0.349
     0.000      17     0.350
     1.966      17     0.350
    -1.605      18     0.350
   -21.516      28     0.350
   -21.953      27     0.350
   -25.273       7     0.350
   -55.008      16     0.350
   -62.251      28     0.350
    -1.940      17     0.351
    -2.055      17     0.351
    -3.634      19     0.351
   -18.074      25     0.351
   -37.382       6     0.351
   -50.862      16     0.351
  -122.162      48     0.351
     4.158       4     0.352
     6.046      17     0.352
    -1.940      18     0.352
    -3.907      18     0.352
    -7.985      20     0.352
    -9.951      17     0.352
    10.069      17     0.352
    16.507      27     0.352
   -13.858      27     0.352
   -15.642      27     0.352
   -23.870      25     0.352
   -44.250      19     0.352
  -106.123      49     0.352
     4.492      12     0.353
     8.264      18     0.353
   -13.858      26     0.353
   -27.560       7     0.353
     2.191       4     0.354
    -6.045      17     0.354
   -33.757       5     0.354
  -112.250      44     0.354
     6.073       6     0.355
    -3.500       5     0.355
    14.114       5     0.355
   -44.826      18     0.355
   -53.070      16     0.355
     0.250      18     0.356
    -3.634      18     0.356
    -8.037      26     0.356
    -9.729      19     0.356
   -11.758      18     0.356
   -16.160      26     0.356
  -118.178      48     0.356
     8.352      18     0.357
    -5.847      18     0.357
    -7.985      26     0.357
    12.752       6     0.357
   -17.261       7     0.357
   -38.301      18     0.357
   -48.815      16     0.357
   -60.288      28     0.357
     0.115      18     0.358
     4.106      17     0.358
    -9.951      18     0.358
    10.432      27     0.358
    13.600       3     0.358
    20.305       5     0.358
   -29.852      25     0.358
   -35.652       6     0.358
   -52.328      27     0.358
   -90.175      44     0.358
  -118.654      56     0.358
   -13.613      12     0.359
   -13.945      27     0.359
   -41.502       6     0.359
   -82.097      42     0.359
  -110.143      43     0.359
   -11.623      11     0.360
   -60.308      27     0.360
   -88.250      42     0.360
  -100.092      44     0.360
     6.073      17     0.361
   -28.158      27     0.361
   -34.197      27     0.361
   -50.999      15     0.361
   -66.036      43     0.361
     3.995      17     0.362
    -9.977       5     0.362
   -19.988      27     0.362
   -29.852      26     0.362
   -48.315      28     0.362
   -54.900      16     0.362
   -78.249      43     0.362
   -84.160      44     0.362
  -110.109      49     0.362
    11.634       3     0.363
    20.689       7     0.363
   -31.987      26     0.363
   -50.342      28     0.363
  -106.123      44     0.363
  -108.085      49     0.363
  -114.110      49     0.363
     0.000       5     0.364
     8.039      17     0.364
    -7.544      11     0.364
   -21.758      26     0.364
   -26.080      25     0.364
   -74.240      42     0.364
    18.311       6     0.365
   -11.647      12     0.365
   -15.886      25     0.365
   -40.401      16     0.365
   -68.083      43     0.365
   -92.339      43     0.365
     0.224      18     0.366
     8.039       5     0.366
    -7.651      12     0.366
   -11.867      18     0.366
   -52.962      18     0.366
   -94.081      43     0.366
  -118.654      57     0.366
  -118.736      57     0.366
   -11.892      26     0.367
   -48.399      27     0.367
     6.187      17     0.368
    18.476      27     0.368
   -29.876      25     0.368
   -58.345      27     0.368
  -116.234      49     0.368
    -9.729      18     0.369
   -13.613      27     0.369
   -17.827       6     0.369
   -44.364      15     0.369
   -23.459      28     0.370
   -36.224      26     0.370
   -40.375      16     0.370
     8.128      17     0.371
    -1.914      18     0.371
    -7.738      18     0.371
   -11.647      27     0.371
   -52.912      16     0.371
   -72.073      43     0.371
  -110.126      43     0.371
  -120.138      48     0.371
    -1.386       5     0.372
   -42.287      19     0.372
   -44.500      15     0.372
   -76.062      42     0.372
   -86.288      42     0.372
   -92.137      44     0.372
    -3.881      18     0.373
    -3.995      17     0.373
    -9.510      11     0.373
    18.720       7     0.373
   -15.556      12     0.373
   -41.502       7     0.373
   -46.876      19     0.373
   -48.923      19     0.373
  -120.779      56     0.373
   -13.566      12     0.374
    -6.045      26     0.375
   -13.945       6     0.375
   -50.364      27     0.375
   -88.250      44     0.375
     6.546      12     0.376
    -7.985      18     0.376
    -8.011       5     0.376
    -9.681      12     0.376
   -15.295       7     0.376
   -17.876      27     0.377
   -27.800      26     0.377
   -40.375      18     0.377
    -1.581      12     0.378
    -1.914      20     0.378
   -27.800      25     0.378
   -42.178      16     0.378
   -72.174      42     0.378
     6.322      18     0.379
    -7.433      12     0.379
   -25.571       5     0.379
  -122.738      56     0.379
   -41.480       6     0.380
    12.484      27     0.381
   -20.127      27     0.381
   -48.973      15     0.381
  -108.182      43     0.381
   -11.892      20     0.382
   -51.024      16     0.382
  -120.676      56     0.382
   -32.036      27     0.383
   -33.710       5     0.383
   -35.333       7     0.383
     6.187      18     0.384
    -6.045       5     0.384
   -13.945      25     0.384
   -15.936      25     0.384
   -78.006      43     0.384
   -13.265       6     0.385
   -31.792       5     0.385
  -122.279      49     0.385
     0.581       5     0.386
   -23.329       6     0.387
   -25.727       6     0.387
   -40.239      16     0.387
   -90.212      44     0.387
    -9.817      18     0.388
   -25.835      25     0.388
   -42.426      18     0.388
  -110.143      44     0.388
   -40.239      18     0.389
    -7.788      18     0.390
   -72.174      43     0.390
     6.213      18     0.391
     4.106       6     0.392
    18.584       5     0.392
   -27.887      26     0.392
   -22.066      25     0.393
   -45.047      15     0.393
   -47.010      15     0.393
   -52.937      16     0.393
  -120.779      57     0.393
    -1.692      18     0.394
    -1.966       5     0.394
   -13.833      20     0.394
   -23.870      26     0.394
   -41.375       7     0.394
   -42.426      15     0.394
   -44.850      19     0.394
   -50.887      16     0.394
   -15.936      27     0.395
   -51.024      15     0.395
     4.516      12     0.396
   -15.911      27     0.396
   -25.835      26     0.396
   -46.789      16     0.396
   -92.119      43     0.396
    -9.817      21     0.397
    -5.467      12     0.398
    10.700       6     0.398
   -13.589      12     0.398
   -15.886       5     0.398
   -48.315      27     0.398
    14.452       7     0.399
   -23.699       6     0.399
   -37.595       6     0.399
   -40.349      18     0.399
   -50.974      18     0.400
     2.549       5     0.402
     2.549      12     0.402
    -7.763      18     0.402
   -17.608       7     0.402
   -25.594       7     0.402
   -52.962      16     0.402
   -86.104      42     0.402
   -90.073      43     0.402
  -102.054      44     0.402
     2.524      12     0.403
   -13.945       5     0.403
   -29.828       5     0.403
   -31.553      28     0.403
   -80.134      42     0.403
  -104.099      44     0.403
  -122.738      57     0.403
   -21.734       6     0.404
   -98.268      43     0.404
    -5.822      18     0.405
    -3.500      12     0.406
    -3.995       5     0.406
    16.170       5     0.406
   -27.887      25     0.406
   -56.297      27     0.406
   -70.128      43     0.406
   -42.287      18     0.407
   -44.225      16     0.407
   -86.085      43     0.407
   -88.048      43     0.407
    -5.709      18     0.408
   -15.798       6     0.408
   -29.588       5     0.408
     6.099      17     0.409
     8.732       6     0.409
    -3.659      18     0.409
   -36.136      26     0.409
   -43.445       7     0.409
   -48.923      18     0.409
   -78.025      42     0.409
   -86.206      42     0.409
   -96.307      44     0.409
    18.311       5     0.410
   -11.299       6     0.410
   -11.917       6     0.410
   -18.048      27     0.410
   -40.349      16     0.410
     0.581      12     0.411
   -27.800       5     0.411
    -1.386      12     0.412
    -5.822      20     0.412
    12.147       5     0.412
    -1.717      18     0.413
   -28.020      27     0.413
   -84.060      43     0.413
     6.764       6     0.414
     8.128       6     0.414
    14.452      27     0.414
    16.532       5     0.414
   -90.294      43     0.414
   -98.268      44     0.414
   -13.265       7     0.415
   -17.851      25     0.415
  -116.155      49     0.415
    14.203       6     0.416
    20.528       5     0.416
   -42.426      16     0.417
   -74.240      43     0.417
   -94.199      44     0.417
    -3.547      12     0.418
   -49.061      15     0.418
   -50.974      16     0.418
  -120.676      57     0.418
     4.733       6     0.419
   -11.453      12     0.419
   -13.858       6     0.419
   -19.768       6     0.419
   -25.859      26     0.419
   -31.769       5     0.419
  -106.158      43     0.419
  -108.165      43     0.419
     4.516       5     0.420
   -25.835       5     0.420
   -44.390      15     0.420
    -1.826      18     0.421
    -9.951      26     0.421
    16.752       7     0.421
   -44.390      18     0.421
   -76.266      42     0.421
   -80.357      43     0.421
  -108.182      44     0.422
     6.546       5     0.423
    -3.855      18     0.423
   -18.074      27     0.423
   -50.342      27     0.423
     0.557      12     0.424
   -21.363       6     0.424
   -48.923      16     0.424
  -122.635      56     0.424
    -5.797      18     0.425
    14.564       5     0.425
   -11.623      12     0.425
   -23.870       5     0.425
   -72.092      42     0.425
  -116.155      44     0.425
   -54.270      27     0.426
   -23.628      28     0.427
   -92.237      44     0.427
   -51.024      18     0.428
     2.055       6     0.429
    -9.248       6     0.429
    14.783       7     0.429
   -15.886      26     0.429
   -39.347       7     0.430
     8.598       5     0.431
    -3.768      18     0.431
    -9.926      20     0.431
   -11.299       7     0.431
   -34.063      26     0.431
   -39.537       7     0.431
   -52.306      27     0.431
   -82.097      43     0.431
   -86.206      44     0.431
    12.533       5     0.432
   -13.833       6     0.432
   -50.999      16     0.432
   -94.162      44     0.432
     2.766       6     0.433
   -15.911      25     0.433
     6.073       5     0.434
    -7.788      20     0.434
    18.337       6     0.434
    20.393       6     0.434
   -17.740       6     0.434
    10.566       5     0.435
   -20.039      25     0.435
   -22.092      27     0.435
   -29.588      28     0.435
   -39.537       6     0.435
  -116.234      48     0.435
   -21.758       5     0.436
   -88.269      43     0.436
  -122.635      57     0.436
   -74.221      42     0.437
    16.196       6     0.438
   -15.642       7     0.438
   -31.683       6     0.438
   -42.400      18     0.438
    -9.486      12     0.439
    12.752       7     0.439
   -29.876      26     0.439
   -31.660       5     0.439
     0.714       6     0.440
   -23.628       7     0.440
   -33.687       6     0.440
  -118.212      48     0.440
    -9.951       6     0.441
   -34.197      26     0.441
   -35.417       6     0.441
     4.733       7     0.442
    -7.218       6     0.442
   -24.031      25     0.442
   -49.061      16     0.442
   -35.630       6     0.443
   -44.850      16     0.443
  -104.197      43     0.443
     6.764       7     0.444
    -5.577      12     0.444
    10.700       7     0.444
   -11.867      20     0.444
   -30.185      27     0.444
     2.766       7     0.445
   -23.894      26     0.445
   -42.312      18     0.445
     8.732       7     0.446
    -1.556      12     0.446
    20.393       5     0.446
   -12.141      26     0.446
   -20.013      27     0.446
   -25.594      28     0.446
   -33.367       7     0.446
   -42.400      16     0.446
   -44.250      18     0.446
   -46.876      16     0.446
     0.714       7     0.447
    -9.248       7     0.447
   -15.774       6     0.447
   -27.911      25     0.447
    -5.251       6     0.449
   -17.851      26     0.449
   -18.188      26     0.449
   -74.099      43     0.449
  -118.195      49     0.449
    -1.253       6     0.450
   -19.313       6     0.450
   -84.141      42     0.450
   -88.231      44     0.450
   -90.193      44     0.450
     0.026       6     0.451
   -32.012      26     0.451
   -41.480       7     0.451
    -3.284       6     0.452
   -25.971      27     0.452
   -31.683       5     0.452
    -9.510      12     0.453
    12.484       7     0.453
   -92.218      44     0.453
    -7.218       7     0.454
    -7.520      12     0.454
    -7.544      12     0.454
   -27.560      28     0.454
   -42.312      16     0.454
   -45.072      16     0.454
    -9.817      20     0.455
   -29.741       5     0.455
   -47.035      16     0.455
   -80.134      43     0.456
    -1.253       7     0.457
    -5.935       6     0.458
   -42.287      16     0.458
    -3.284       7     0.459
    -5.251       7     0.459
    18.337       5     0.459
   -31.318       7     0.459
    -3.523      12     0.460
   -82.320      43     0.460
   -94.180      44     0.460
    -5.490      12     0.461
   -11.867       6     0.461
   -19.792       5     0.461
   -19.817      26     0.461
   -21.929      26     0.461
   -50.999      18     0.461
   -49.061      18     0.463
    -1.940       6     0.464
    -3.907       6     0.465
   -13.724       6     0.465
   -18.048      25     0.465
   -45.072      15     0.465
    -3.881      20     0.466
   -23.459       5     0.466
   -44.390      16     0.466
   -94.162      43     0.467
     6.099       6     0.468
     8.377       7     0.468
   -74.118      42     0.468
   -37.572       7     0.469
   -46.876      18     0.469
   -76.184      42     0.469
   -11.758       6     0.470
   -24.006      27     0.470
  -122.279      48     0.470
  -106.158      44     0.471
  -118.178      49     0.471
   -25.859      25     0.472
  -114.110      44     0.473
   -21.363       7     0.475
   -47.035      15     0.475
   -48.973      16     0.475
   -27.324       7     0.476
   -29.289       7     0.476
   -32.124      27     0.476
   -84.345      43     0.477
   -11.892       6     0.478
   -19.313       7     0.478
   -25.971      25     0.478
   -48.948      16     0.478
   -21.979      27     0.479
   -37.572       6     0.480
   -78.209      42     0.480
    20.419       5     0.481
   -15.666       6     0.481
   -17.284       6     0.481
   -44.250      16     0.481
   -44.364      16     0.481
   -84.263      42     0.481
    -8.011      26     0.482
   -13.700       6     0.482
   -13.858       5     0.482
   -17.827       5     0.482
   -29.718       6     0.482
   -11.671       6     0.483
   -23.329       7     0.483
   -27.776       5     0.483
   -32.233      26     0.483
   -45.072      18     0.483
   -76.062      43     0.483
   -92.137      43     0.483
    -9.817       6     0.484
   -35.461       7     0.484
   -47.035      18     0.484
   -86.307      43     0.484
    -9.705       6     0.486
    -9.729       6     0.486
    14.203       5     0.486
   -44.850      18     0.486
   -82.116      42     0.486
    -7.738       6     0.487
   -17.876      25     0.487
   -78.229      42     0.487
  -118.195      48     0.487
   -25.358       7     0.488
   -33.389       6     0.488
   -46.985      16     0.488
   -72.092      43     0.488
   -29.718       5     0.490
   -34.088      26     0.490
   -44.938      16     0.490
   -78.025      43     0.490
   -44.338      16     0.491
   -96.142      44     0.491
  -120.235      48     0.491
    -5.847      20     0.492
    -7.876      20     0.492
   -15.798       5     0.492
   -96.307      43     0.492
   -20.153      26     0.493
   -44.364      18     0.493
   -74.221      43     0.493
    -5.709       6     0.494
    -7.985       6     0.494
   -10.065      26     0.494
  -122.162      49     0.494
    -7.763       6     0.495
   -39.432       6     0.495
   -44.338      18     0.495
   -47.010      16     0.495
   -96.124      43     0.495
  -112.087      44     0.495
   -21.493       5     0.496
   -48.948      18     0.496
  -120.138      49     0.497
    10.095       5     0.498
   -25.946      25     0.498
   -27.911      26     0.498
   -30.072      27     0.498
   -45.047      16     0.498
    20.665       6     0.499
   -11.917       5     0.499
   -21.929      25     0.499
   -33.496       7     0.499
   -17.716       6     0.500
   -23.894      25     0.500
    -3.659       6     0.501
    12.235       6     0.501
    18.696       6     0.501
   -80.192      42     0.501
    16.196       5     0.503
   -17.284       7     0.503
  -104.197      44     0.503
   -21.516       7     0.506
   -25.727       5     0.506
   -27.669       6     0.506
   -15.317       6     0.507
    16.369       6     0.508
    18.476       5     0.508
   -17.498       5     0.508
   -11.917      26     0.509
   -76.266      43     0.509
    -1.692       6     0.510
    -5.797       6     0.510
    18.362       6     0.510
   -19.527       5     0.510
   -48.973      18     0.510
   -11.453       5     0.511
   -13.566       5     0.511
   -31.660       6     0.511
    -9.486       5     0.512
   -19.681       6     0.513
   -19.817      25     0.514
    -7.520       5     0.515
   -15.532       5     0.515
    -3.768       6     0.516
   -96.124      44     0.516
   -27.669       5     0.517
   -37.382       7     0.517
   -15.317       7     0.518
  -120.218      48     0.518
  -120.218      49     0.518
   -14.169      26     0.519
   -76.164      42     0.520
   -84.160      42     0.520
   -13.613       7     0.522
     0.337       6     0.523
   -25.641       6     0.523
   -30.185      26     0.523
     4.106       5     0.524
    -5.490       5     0.524
   -21.710       6     0.524
   -32.036      26     0.524
   -23.699       5     0.525
   -24.006      25     0.525
   -29.611       5     0.525
   -13.350       6     0.526
   -80.172      42     0.526
   -90.175      43     0.526
    16.728       6     0.527
    18.362       5     0.527
   -82.217      42     0.527
   -88.150      43     0.527
    20.665       7     0.528
   -23.675       6     0.528
   -46.985      18     0.528
  -122.178      48     0.529
    -1.717       6     0.531
     2.304       6     0.532
   -13.350       7     0.532
   -47.010      18     0.532
   -13.945      26     0.533
   -30.047      26     0.533
   -39.432       7     0.534
   -20.039      27     0.535
   -80.153      42     0.535
     0.250       6     0.536
    -3.523       5     0.537
   -27.560       5     0.537
     6.410       7     0.538
    14.697       6     0.538
   -25.641       5     0.538
   -45.047      18     0.538
  -122.178      49     0.538
   -28.107      27     0.539
   -28.158      26     0.539
   -31.423       6     0.539
   -33.518       6     0.539
    -7.788       6     0.540
   -86.104      43     0.540
     4.132       6     0.541
   -78.190      42     0.541
     4.271       6     0.542
   -21.734       5     0.542
    -9.681       5     0.543
    -9.926       6     0.543
    18.696       7     0.543
   -24.141      27     0.543
    -9.977      26     0.544
   -44.938      18     0.544
    -9.951       5     0.545
    12.644       6     0.545
   -31.530       7     0.545
   -26.194      26     0.546
    14.229       6     0.547
    16.507       5     0.547
   -84.141      43     0.547
  -106.141      43     0.547
  -110.126      44     0.547
    10.205       6     0.549
    10.676       6     0.550
   -11.321       6     0.550
   -15.666       5     0.550
    -1.556       5     0.551
   -80.153      43     0.552
   -11.321       7     0.553
     8.708       6     0.554
   -19.768       5     0.554
   -22.066      27     0.554
   -23.675       5     0.554
   -82.116      43     0.554
     6.678       6     0.555
    16.728       7     0.555
   -35.461       6     0.555
   -32.124      26     0.556
   -25.946      26     0.557
  -102.236      43     0.557
   -21.710       5     0.558
   -98.086      44     0.558
    16.369       5     0.559
    16.394       6     0.559
   -15.911      26     0.559
   -17.716       5     0.559
   -23.919      25     0.559
   -98.086      43     0.559
    14.697       7     0.560
   -29.611       6     0.560
   -82.198      42     0.560
     4.710       6     0.561
    14.477       5     0.561
   -11.647       7     0.561
     6.678       7     0.562
    10.432       7     0.562
   -13.833       5     0.562
   -74.118      43     0.562
   -27.583       5     0.563
  -102.236      44     0.563
     4.710       7     0.564
    10.676       7     0.564
    12.644       7     0.564
   -78.229      43     0.564
     2.659       6     0.565
     2.659       7     0.565
     8.708       7     0.565
    -5.822       6     0.565
    -7.651       5     0.565
    -9.354       6     0.565
   -37.404       6     0.565
    -9.354       7     0.566
   -13.700       5     0.566
   -19.550       7     0.567
     2.279       6     0.568
    12.235       5     0.568
    14.255       6     0.568
   -19.681       5     0.568
   -98.250      44     0.570
     0.557       5     0.571
     0.628       7     0.571
   -17.740       5     0.571
     0.628       6     0.572
   -37.404       7     0.573
     2.055       5     0.574
     8.128       5     0.574
    -1.339       7     0.574
    -7.303       7     0.574
    12.287       6     0.574
   -11.647       5     0.574
    -7.303       6     0.575
    18.450       5     0.575
  -100.212      44     0.575
   -26.080      27     0.576
  -108.165      44     0.576
    -1.339       6     0.577
    -5.601       5     0.578
    -7.985       5     0.578
   -78.190      43     0.578
  -100.110      43     0.578
  -104.179      43     0.578
    -5.274       7     0.579
    -3.306       7     0.580
    -5.274       6     0.580
    20.419       6     0.580
  -100.110      44     0.580
    -3.306       6     0.581
   -25.594       5     0.581
     4.380       7     0.582
   -11.892       5     0.582
  -100.212      43     0.582
  -102.155      43     0.582
    12.261       6     0.584
     2.524       5     0.585
   -76.164      43     0.585
   -22.202      26     0.586
     6.322       6     0.587
    -9.681       7     0.587
    14.229       5     0.587
   -15.774       5     0.587
     8.154       6     0.589
     4.246       6     0.590
    -7.876       6     0.590
  -102.155      44     0.590
  -106.141      44     0.590
    14.427       6     0.591
   -25.617       5     0.591
   -94.199      43     0.591
    10.319       6     0.592
    16.394       5     0.592
   -12.005      26     0.592
   -27.583       6     0.592
   -98.250      43     0.592
     8.352       6     0.593
    12.509       5     0.593
  -104.179      44     0.593
   -13.613       5     0.594
   -31.553       6     0.594
   -11.671       5     0.595
    -3.634       5     0.596
   -96.142      43     0.596
   -17.876      26     0.597
   -19.988      25     0.597
   -23.919      26     0.597
     4.492       5     0.599
   -29.502       7     0.599
   -29.374       6     0.600
     0.026       5     0.601
    -5.935       5     0.603
    10.541       5     0.603
     2.165       6     0.604
    -1.605       5     0.604
   -21.953      25     0.604
   -24.229      26     0.605
     8.490       5     0.606
     2.329       7     0.607
   -23.652       5     0.607
     6.459       5     0.608
   -20.013      25     0.608
   -23.628       5     0.609
    12.312       6     0.610
   -28.020      26     0.610
    -7.651       7     0.611
    10.294       6     0.611
   -13.724       5     0.611
   -30.072      26     0.612
    -3.907       5     0.613
   -15.642       5     0.613
   -24.031      27     0.613
   -33.496       6     0.613
    -1.940       5     0.614
    -5.847       6     0.616
   -25.617       6     0.616
   -21.623       5     0.617
   -21.979      25     0.617
   -76.184      43     0.618
     8.377       6     0.619
    -9.705       5     0.619
    10.345       6     0.619
    14.255       5     0.620
   -17.608       5     0.620
   -35.417       7     0.620
   -94.180      43     0.620
     6.187       6     0.621
   -11.647       6     0.621
   -27.537       7     0.621
     0.362       7     0.622
    16.420       5     0.622
   -19.988      26     0.622
     0.362       5     0.623
   -21.516       5     0.623
   -11.867       5     0.624
   -12.031      26     0.624
   -19.658       5     0.624
   -27.346       6     0.624
    -7.544       5     0.625
   -30.097      27     0.625
     8.264       6     0.626
    -9.510       5     0.626
    10.205       5     0.626
   -13.613       6     0.626
     0.115       6     0.627
    20.528       7     0.627
    -5.577       5     0.628
   -17.584       7     0.628
    -5.601       7     0.629
    -9.681       6     0.629
    14.427       5     0.629
   -11.623       5     0.629
     6.099       5     0.630
    12.261       5     0.630
   -21.953      26     0.630
     2.329       5     0.631
   -29.588       6     0.631
    -1.914       6     0.632
    -3.881       6     0.632
   -23.652       6     0.632
   -80.192      43     0.632
    -3.634       7     0.633
   -11.758       5     0.633
   -19.550       5     0.633
    -1.605       7     0.634
     6.410       6     0.635
    -9.926       5     0.635
   -13.589       5     0.635
    -3.547       5     0.636
    -3.855       6     0.636
   -15.642       6     0.636
   -17.584       5     0.636
   -92.237      43     0.636
    18.450       6     0.637
   -15.556       5     0.637
   -25.380       6     0.638
   -21.623       6     0.641
     6.213       6     0.642
   -16.134      26     0.642
   -25.571       7     0.642
     4.158       6     0.643
    -7.651       6     0.643
    -7.738       5     0.643
   -17.608       6     0.643
    18.476       7     0.646
     8.402       7     0.647
    12.287       5     0.647
   -19.658       6     0.647
   -23.414       6     0.647
   -31.530       6     0.647
    -1.581       5     0.648
     4.380       5     0.649
    12.312       5     0.652
   -33.389       7     0.652
    -1.826       6     0.653
     2.191       6     0.655
     4.380       6     0.655
     6.410       5     0.655
   -28.133      27     0.657
   -92.218      43     0.657
    -5.601       6     0.658
   -21.385       6     0.659
   -78.209      43     0.659
     0.224       6     0.661
   -35.439       6     0.661
    10.345       5     0.662
   -26.168      27     0.663
     0.386       5     0.665
    -5.709       5     0.665
   -27.560       6     0.665
    -3.634       6     0.666
     8.377       5     0.667
    14.452       5     0.667
   -13.971      26     0.667
   -30.097      26     0.667
     2.329       6     0.668
    -9.729       5     0.668
   -31.423       7     0.668
   -35.439       7     0.668
     8.154       5     0.669
   -23.459       7     0.669
     0.362       6     0.670
    -9.817       5     0.670
    16.507       7     0.670
     4.132       5     0.671
    10.294       5     0.671
   -90.212      43     0.671
    -1.605       6     0.672
   -15.556       7     0.672
    10.319       5     0.673
   -82.217      43     0.673
   -19.419       6     0.674
   -29.502       6     0.674
    -3.659       5     0.676
    -7.876       5     0.677
     2.437       5     0.679
   -25.971      26     0.680
    16.420       6     0.681
   -17.369       6     0.681
   -29.374       7     0.681
     8.352       5     0.682
    -1.692       5     0.683
   -90.193      43     0.683
   -25.594       6     0.685
    12.484       5     0.686
     6.322       5     0.688
   -21.385       7     0.688
   -28.107      26     0.688
    20.528       6     0.689
   -80.172      43     0.689
   -23.414       7     0.691
   -84.263      43     0.691
    14.477       7     0.692
   -17.369       7     0.692
   -25.380       7     0.692
   -27.346       7     0.692
     0.337       5     0.693
     4.467       5     0.693
   -19.419       7     0.693
   -27.537       6     0.693
     4.271       5     0.694
   -24.006      26     0.694
     2.304       5     0.695
     8.264       5     0.696
    -7.763       5     0.696
   -15.340       6     0.696
   -88.250      43     0.697
     6.435       5     0.699
    10.432       5     0.699
   -14.080      26     0.700
   -21.493       7     0.700
   -33.473       6     0.700
   -15.340       7     0.701
   -33.473       7     0.701
     2.165       5     0.702
   -23.628       6     0.702
   -86.288      43     0.703
     8.402       5     0.704
     6.187       5     0.705
    -5.847       5     0.705
   -13.373       6     0.705
   -13.373       7     0.706
     6.435       7     0.707
   -25.571       6     0.708
   -88.231      43     0.708
   -13.589       7     0.711
   -21.516       6     0.713
    -7.788       5     0.715
    12.509       7     0.715
    18.476       6     0.715
   -82.198      43     0.715
   -11.407       7     0.716
     6.213       5     0.718
   -11.407       6     0.718
   -86.206      43     0.718
     0.115       5     0.720
    -3.881       5     0.720
   -19.550       6     0.720
   -31.445       6     0.721
   -31.445       7     0.721
   -23.459       6     0.722
    -5.797       5     0.723
   -21.979      26     0.723
   -84.160      43     0.723
    -1.914       5     0.726
    -9.377       7     0.726
     0.605       7     0.728
    14.452       6     0.728
   -17.584       6     0.728
    -3.330       7     0.729
    -9.377       6     0.729
   -19.527       7     0.729
    -1.362       7     0.730
     2.572       7     0.731
    -5.359       7     0.731
    20.640       6     0.731
     4.603       7     0.732
    -7.410       7     0.732
     4.246       5     0.733
     4.603       6     0.733
   -28.133      26     0.733
     2.572       6     0.734
     4.158       5     0.734
    20.640       7     0.734
   -29.480       7     0.734
     0.605       6     0.735
   -29.480       6     0.735
     6.654       6     0.736
     6.654       7     0.737
     8.622       6     0.737
    18.672       6     0.737
    -3.768       5     0.738
    -7.410       6     0.738
   -21.493       6     0.738
    -1.362       6     0.739
    -3.330       6     0.739
    16.641       6     0.739
   -15.556       6     0.739
     8.622       7     0.740
    -5.359       6     0.740
   -15.936      26     0.740
    -5.822       5     0.742
    10.541       7     0.742
    10.652       6     0.743
    12.620       6     0.743
    14.589       6     0.743
    16.507       6     0.744
    18.672       7     0.744
     2.279       5     0.745
    16.641       7     0.746
   -27.514       7     0.746
   -11.623       7     0.747
   -27.514       6     0.747
    -1.717       5     0.749
    10.652       7     0.749
    12.620       7     0.749
     0.250       5     0.750
     4.467       7     0.750
    14.589       7     0.750
   -18.048      26     0.752
   -20.013      26     0.753
     2.191       5     0.755
   -19.527       6     0.756
   -25.402       7     0.757
   -25.402       6     0.758
    12.484       6     0.760
   -13.589       6     0.760
    -3.855       5     0.762
   -17.498       7     0.763
     0.224       5     0.766
   -23.436       7     0.767
    -1.826       5     0.768
   -23.436       6     0.768
    14.477       6     0.772
     8.490       7     0.775
   -16.108      26     0.778
   -21.470       7     0.778
   -21.470       6     0.779
   -17.498       6     0.780
   -18.099      26     0.780
    20.553       7     0.784
    -9.510       7     0.785
   -11.623       6     0.785
    10.432       6     0.786
     2.437       7     0.787
   -19.442       7     0.792
   -19.442       6     0.793
    20.553       6     0.797
    18.584       7     0.798
   -15.532       7     0.798
    12.509       6     0.800
   -26.168      26     0.805
     6.459       7     0.807
    -7.544       7     0.807
    18.584       6     0.807
   -17.475       7     0.808
     0.386       7     0.809
    16.532       7     0.809
   -17.475       6     0.809
     8.402       6     0.812
   -15.532       6     0.812
    -9.510       6     0.815
    14.564       7     0.815
    12.533       7     0.819
    16.532       6     0.819
   -15.509       7     0.821
   -26.080      26     0.821
    -5.577       7     0.823
    14.564       6     0.824
   -15.509       6     0.824
    -1.581       7     0.826
    -3.547       7     0.827
    10.541       6     0.827
    10.566       7     0.827
   -13.566       7     0.828
     6.435       6     0.830
    12.533       6     0.832
   -18.074      26     0.832
     8.598       7     0.834
   -20.127      26     0.837
    -7.544       6     0.838
   -24.141      26     0.838
   -13.396       7     0.839
    10.566       6     0.840
   -13.566       6     0.840
     6.546       7     0.841
   -13.396       6     0.842
   -22.092      26     0.843
     4.492       7     0.844
     4.467       6     0.845
   -24.031      26     0.847
     8.598       6     0.849
     4.516       7     0.851
     8.490       6     0.852
   -11.430       7     0.854
    -5.577       6     0.855
     2.437       6     0.858
     2.549       7     0.859
     6.546       6     0.860
   -11.430       6     0.861
   -11.453       7     0.861
    -3.547       6     0.864
     0.386       6     0.865
    -9.463       7     0.868
    -1.581       6     0.869
     0.581       7     0.871
     4.516       6     0.874
     2.524       7     0.875
   -11.453       6     0.875
     6.459       6     0.877
    -9.463       6     0.878
    -1.386       7     0.879
    -7.433       7     0.879
     2.549       6     0.883
    -5.467       7     0.884
    -3.500       7     0.885
    -9.486       7     0.887
   -20.039      26     0.888
    -7.433       6     0.892
   -22.066      26     0.893
     0.581       6     0.895
     0.557       7     0.899
     4.492       6     0.900
    -1.386       6     0.901
    -5.467       6     0.901
    -9.486       6     0.902
    -3.500       6     0.905
    -7.520       7     0.906
    -1.556       7     0.916
     2.524       6     0.920
    -5.490       7     0.920
    -7.520       6     0.923
    -3.523       7     0.924
     0.557       6     0.935
    -5.490       6     0.939
    -1.556       6     0.944
    -3.523       6     0.946
