   0.00000000      0.322238088      0.296999991      0.495000005    
   2.00000000      0.308666676      0.291000009      0.458000004    
   4.00000000      0.297761887      0.294999987      0.533999979    
   6.00000000      0.310238123      0.298999995      0.573000014    
   8.00000000      0.345428556      0.305000007      0.667999983    
   10.0000000      0.399952352      0.354000002      0.700999975    
   12.0000000      0.434095234      0.451000005      0.721000016    
   14.0000000      0.466190428      0.476000011      0.735000014    
   16.0000000      0.487285703      0.497999996      0.746999979    
   18.0000000      0.510142922      0.537999988      0.820999980    
   20.0000000      0.518619061      0.554000020      0.847000003    
   22.0000000      0.522857189      0.558000028      0.893000007    
   24.0000000      0.524380922      0.554000020      0.888000011    
   26.0000000      0.515000045      0.559000015      0.832000017    
   28.0000000      0.500857174      0.550000012      0.824000001    
   30.0000000      0.488666683      0.532999992      0.842000008    
   32.0000000      0.485761911      0.582000017      0.875000000    
   34.0000000      0.482190490      0.545000017      0.902000010    
   36.0000000      0.485095263      0.574999988      0.922999978    
   38.0000000      0.490190417      0.579999983      0.939000010    
   40.0000000      0.503333390      0.580999970      0.945999980    
   42.0000000      0.505761921      0.577000022      0.944000006    
   44.0000000      0.506904721      0.572000027      0.935000002    
   46.0000000      0.504476190      0.564999998      0.920000017    
   48.0000000      0.498619080      0.523999989      0.899999976    
   50.0000000      0.489095241      0.444000006      0.876999974    
   52.0000000      0.482571363      0.446000010      0.851999998    
   54.0000000      0.473857164      0.444000006      0.839999974    
   56.0000000      0.460285693      0.412000000      0.832000017    
   58.0000000      0.439999998      0.358000010      0.824000001    
   60.0000000      0.408761889      0.330000013      0.819000006    
   62.0000000      0.366380960      0.303999990      0.806999981    
   64.0000000      0.331380963      0.238999993      0.796999991    
