    10.032       7     0.806
    12.017       6     0.809
    11.999       6     0.811
     8.043       7     0.817
   -15.957       7     0.817
   -15.957       6     0.820
   -30.036      26     0.823
   -16.005      26     0.829
    -7.969       7     0.832
    10.032       6     0.832
   -11.985       6     0.832
   -13.991       7     0.832
    10.028       6     0.835
     5.992       7     0.836
   -13.991       6     0.836
   -30.036      27     0.841
   -22.022      26     0.845
   -24.037      27     0.845
     8.043       6     0.846
   -26.019      27     0.848
   -24.054      27     0.852
   -12.003       7     0.853
     0.003       7     0.854
    -6.002       7     0.855
   -28.067      26     0.855
     4.024       7     0.860
   -10.019       6     0.860
   -12.003       6     0.860
     8.060       6     0.861
     5.992       6     0.865
    -4.014       7     0.867
   -17.987      26     0.870
    -1.964       7     0.871
   -20.036      26     0.872
   -20.023      26     0.875
     2.036       7     0.876
    -9.953       7     0.876
   -27.988      27     0.879
    -9.953       6     0.884
   -26.086      27     0.885
     6.009       6     0.886
     4.024       6     0.888
     0.069       7     0.890
    -7.969       6     0.890
    -7.987       7     0.892
   -27.988      26     0.896
     2.036       6     0.901
    -1.982       7     0.902
    -5.936       7     0.902
     3.958       6     0.903
    -7.987       6     0.903
    -4.032       7     0.906
    -6.002       6     0.909
     0.069       6     0.913
    -5.936       6     0.915
   -26.019      26     0.917
     2.054       6     0.919
    -1.982       6     0.922
    -4.014       6     0.922
    -4.032       6     0.922
   -21.988      26     0.923
     0.003       6     0.928
   -26.086      26     0.928
    -1.964       6     0.933
   -24.037      26     0.942
   -18.054      26     0.950
   -24.054      26     0.973
   -22.005      26     0.994
   -19.956      26     1.000
