   0.00000000       9.85714346E-02   8.39999989E-02  0.221000001    
   2.00000000      0.101571426       9.39999968E-02  0.213000000    
   4.00000000      0.101999998       8.60000029E-02  0.213000000    
   6.00000000      0.106095247       7.99999982E-02  0.228000000    
   8.00000000      0.115047626       8.50000009E-02  0.275000006    
   10.0000000      0.123285726       7.80000016E-02  0.303000003    
   12.0000000      0.123571433       9.39999968E-02  0.316000015    
   14.0000000      0.119666666       8.60000029E-02  0.317999989    
   16.0000000      0.114000015       7.59999976E-02  0.303999990    
   18.0000000      0.102285713       7.80000016E-02  0.270000011    
   20.0000000       9.63809341E-02   7.50000030E-02  0.250999987    
   22.0000000       8.93809572E-02   6.49999976E-02  0.236000001    
   24.0000000       9.06666666E-02   7.29999989E-02  0.202999994    
   26.0000000       8.72857124E-02   7.99999982E-02  0.179000005    
   28.0000000       9.11428481E-02   8.90000015E-02  0.195999995    
   30.0000000       9.93809476E-02   9.00000036E-02  0.239999995    
   32.0000000      0.106952384      0.105999999      0.254000008    
   34.0000000      0.110666662      0.100000001      0.261999995    
   36.0000000      0.116999999      0.108999997      0.261000007    
   38.0000000      0.119952373      0.114000000      0.256000012    
   40.0000000      0.122285709      0.116999999      0.240999997    
   42.0000000      0.120142855      0.114000000      0.217999995    
   44.0000000      0.114095233       9.79999974E-02  0.221000001    
   46.0000000      0.109904766       7.80000016E-02  0.247999996    
   48.0000000      0.107952379       7.00000003E-02  0.259000003    
   50.0000000      0.102666661       7.90000036E-02  0.254999995    
   52.0000000      0.101857141       8.29999968E-02  0.244000003    
   54.0000000      0.100142866       7.80000016E-02  0.238000005    
   56.0000000      0.100238100       6.59999996E-02  0.250999987    
   58.0000000      0.108047634       9.49999988E-02  0.254000008    
   60.0000000      0.119428568       9.89999995E-02  0.277999997    
   62.0000000      0.127333328      0.101999998      0.298000008    
   64.0000000      0.134999990      0.108000003      0.340999991    
