    12.509       6     0.800
   -26.168      26     0.805
     6.459       7     0.807
    -7.544       7     0.807
    18.584       6     0.807
   -17.475       7     0.808
     0.386       7     0.809
    16.532       7     0.809
   -17.475       6     0.809
     8.402       6     0.812
   -15.532       6     0.812
    -9.510       6     0.815
    14.564       7     0.815
    12.533       7     0.819
    16.532       6     0.819
   -15.509       7     0.821
   -26.080      26     0.821
    -5.577       7     0.823
    14.564       6     0.824
   -15.509       6     0.824
    -1.581       7     0.826
    -3.547       7     0.827
    10.541       6     0.827
    10.566       7     0.827
   -13.566       7     0.828
     6.435       6     0.830
    12.533       6     0.832
   -18.074      26     0.832
     8.598       7     0.834
   -20.127      26     0.837
    -7.544       6     0.838
   -24.141      26     0.838
   -13.396       7     0.839
    10.566       6     0.840
   -13.566       6     0.840
     6.546       7     0.841
   -13.396       6     0.842
   -22.092      26     0.843
     4.492       7     0.844
     4.467       6     0.845
   -24.031      26     0.847
     8.598       6     0.849
     4.516       7     0.851
     8.490       6     0.852
   -11.430       7     0.854
    -5.577       6     0.855
     2.437       6     0.858
     2.549       7     0.859
     6.546       6     0.860
   -11.430       6     0.861
   -11.453       7     0.861
    -3.547       6     0.864
     0.386       6     0.865
    -9.463       7     0.868
    -1.581       6     0.869
     0.581       7     0.871
     4.516       6     0.874
     2.524       7     0.875
   -11.453       6     0.875
     6.459       6     0.877
    -9.463       6     0.878
    -1.386       7     0.879
    -7.433       7     0.879
     2.549       6     0.883
    -5.467       7     0.884
    -3.500       7     0.885
    -9.486       7     0.887
   -20.039      26     0.888
    -7.433       6     0.892
   -22.066      26     0.893
     0.581       6     0.895
     0.557       7     0.899
     4.492       6     0.900
    -1.386       6     0.901
    -5.467       6     0.901
    -9.486       6     0.902
    -3.500       6     0.905
    -7.520       7     0.906
    -1.556       7     0.916
     2.524       6     0.920
    -5.490       7     0.920
    -7.520       6     0.923
    -3.523       7     0.924
     0.557       6     0.935
    -5.490       6     0.939
    -1.556       6     0.944
    -3.523       6     0.946
