     4.005      17     0.300
   -22.005       5     0.300
   -36.008       9     0.300
   -45.999      10     0.300
   -52.059      19     0.300
   -54.031      26     0.300
   -14.023      27     0.301
   -14.063      18     0.301
   -38.047      16     0.301
   -52.059      20     0.301
   -54.024      28     0.301
     6.022      18     0.302
   -48.086      17     0.302
  -106.060      49     0.302
     2.036      20     0.303
     4.007      19     0.303
     6.009      27     0.303
    20.038       6     0.303
   -12.069      17     0.303
   -31.984       5     0.303
   -32.037      28     0.303
   -35.969       4     0.303
   -35.988      10     0.303
   -77.976      28     0.303
  -100.016      50     0.303
  -190.608      59     0.303
     9.944       6     0.304
   -16.052      19     0.304
   -18.022      27     0.304
   -34.032      19     0.304
   -38.037      10     0.304
   -39.998      16     0.304
  -112.941      49     0.304
  -184.616      59     0.304
    -0.046      19     0.305
    -6.016      27     0.305
    12.021       7     0.305
   -12.069      18     0.305
   -35.969       3     0.305
   -44.057      17     0.305
   -54.012      15     0.305
     4.033      17     0.306
     4.072       8     0.306
     8.039      17     0.306
   -18.061      27     0.306
   -34.017      25     0.306
   -86.075      27     0.306
     0.051      21     0.307
     8.028      18     0.307
    -5.937      27     0.307
    14.010       7     0.307
   -11.971      25     0.307
   -14.048      17     0.307
   -20.047      27     0.307
   -21.941       4     0.307
   -27.970       6     0.307
   -28.055      19     0.307
   -34.032      26     0.307
   -78.018      24     0.307
    15.977       7     0.308
   -10.003      27     0.308
   -14.032      17     0.308
   -36.034      18     0.308
   -96.090      50     0.308
   -98.051      49     0.308
  -102.056      50     0.308
    -5.936       5     0.309
    -6.016      26     0.309
    14.033      19     0.309
   -24.050      16     0.309
   -32.021      19     0.309
   -35.982      26     0.309
   -40.028      27     0.309
   -52.015      16     0.309
   -52.050      18     0.309
   -77.976      27     0.309
  -115.085      44     0.309
    -8.004      27     0.310
    14.033      20     0.310
    18.057       8     0.310
    19.993      26     0.310
   -18.036      17     0.310
   -40.001      10     0.310
   -40.031      19     0.310
  -124.955      49     0.310
    -5.937      20     0.311
   -11.988      18     0.311
   -14.039       5     0.311
   -15.973       8     0.311
   -20.038      28     0.311
   -44.059      17     0.311
   -48.085      17     0.311
   -56.010      16     0.311
  -100.054      49     0.311
  -112.960      49     0.311
  -121.092      49     0.311
     6.058      19     0.312
   -12.037      25     0.312
   -22.019       6     0.312
   -27.958      10     0.312
   -33.986      19     0.312
   -40.021       8     0.312
   -52.067      26     0.312
  -105.981      55     0.312
   -18.042      22     0.313
   -22.022       5     0.313
   -24.037      26     0.313
   -47.987      19     0.313
  -100.095      50     0.313
    -5.987      17     0.314
   -20.023      26     0.314
  -119.716      48     0.314
   -14.101      17     0.315
   -20.085      16     0.315
   -30.053       5     0.315
   -37.972       6     0.315
   -37.982      19     0.315
   -42.005      20     0.315
   -42.062      15     0.315
   -51.995      20     0.315
   -52.039      27     0.315
   -58.015      27     0.315
   -98.051      50     0.315
  -100.074      50     0.315
  -102.118      50     0.315
     6.040       8     0.316
   -26.083      17     0.316
   -34.004       4     0.316
   -40.078      26     0.316
   -40.095      19     0.316
   -48.086      18     0.316
   -52.046      15     0.316
  -188.590      59     0.316
    -4.032       5     0.317
   -20.036      25     0.317
   -21.988      26     0.317
   -23.987       6     0.317
   -30.027      19     0.317
   -34.004       3     0.317
   -36.026       8     0.317
  -124.992      55     0.317
     8.025      19     0.318
    16.071       6     0.318
   -31.956      28     0.318
   -36.018      19     0.318
   -37.999      18     0.318
   -94.045      50     0.318
  -186.634      59     0.318
     0.069      20     0.319
     8.043      19     0.319
    12.066      19     0.319
   -22.006       3     0.319
   -29.972       3     0.319
  -102.035      49     0.319
  -117.757      48     0.319
  -123.133      49     0.319
     4.005      18     0.320
     6.039      18     0.320
   -21.988      22     0.320
   -26.086      22     0.320
   -39.998      15     0.320
  -117.108      55     0.320
  -119.696      58     0.320
   -14.003      26     0.321
   -27.989      25     0.321
   -33.977       7     0.321
   -42.009      16     0.321
   -42.062      26     0.321
   -52.050      16     0.321
     1.955      18     0.322
     2.050      18     0.322
     4.055      18     0.322
    -8.021       8     0.322
    10.014      19     0.322
  -110.999      49     0.322
  -123.115      55     0.322
   -18.007      28     0.323
   -18.042      27     0.323
   -23.972       3     0.323
   -31.956       4     0.323
   -88.015      24     0.323
  -129.416      57     0.323
    -4.014      19     0.324
    -6.004      20     0.324
   -11.985      20     0.324
   -18.022       6     0.324
   -18.077      17     0.324
   -30.053       4     0.324
   -34.035      19     0.324
   -42.050      10     0.324
     8.060      27     0.325
   -25.970      27     0.325
   -34.032      25     0.325
   -49.992      19     0.325
    -7.921      20     0.326
   -14.020      25     0.326
   -15.972      18     0.326
   -16.044      18     0.326
   -31.956       3     0.326
  -110.980      49     0.326
  -123.115      54     0.326
     3.954      17     0.327
   -16.012      18     0.327
   -46.009      24     0.327
   -51.957      27     0.327
     5.989      17     0.328
    -9.925       8     0.328
   -13.989      18     0.328
   -30.019      19     0.328
   -38.047      19     0.328
   -44.024      24     0.328
   -88.037      28     0.328
  -125.719      58     0.328
  -129.037      55     0.328
   -21.976      19     0.329
   -24.037      19     0.329
   -44.076      15     0.329
   -50.052      16     0.329
   -80.022      28     0.329
     2.021      20     0.330
    -1.982       5     0.330
    -1.982      20     0.330
   -24.037      22     0.330
   -26.002      19     0.330
   -29.954      19     0.330
   -32.021       5     0.330
   -80.022      27     0.330
    -5.987      26     0.331
   -10.020      18     0.331
   -18.042      20     0.331
   -19.979      17     0.331
   -20.074      18     0.331
   -30.053       3     0.331
   -46.039      15     0.331
   -82.088      24     0.331
  -131.701      58     0.331
  -136.321      55     0.331
    17.986       6     0.332
   -23.990       4     0.332
   -32.002      19     0.332
   -36.000      26     0.332
   -44.034      10     0.332
    -8.004      26     0.333
   -21.988      19     0.333
   -28.004       4     0.333
   -28.070       3     0.333
   -34.051      19     0.333
   -39.984      18     0.333
   -42.046      16     0.333
   -42.096      17     0.333
   -44.026      15     0.333
  -117.108      54     0.333
     2.005      18     0.334
     4.024      19     0.334
     5.992      19     0.334
     8.029       8     0.334
    -4.033      26     0.334
   -10.001      19     0.334
   -16.012      17     0.334
   -24.020      18     0.334
   -29.972      19     0.334
   -30.007      10     0.334
   -48.036      15     0.334
   -50.020      18     0.334
  -119.716      58     0.334
   -26.039       4     0.335
   -27.989      19     0.335
   -36.034      19     0.335
   -37.972       8     0.335
  -122.995      49     0.335
   -10.001      18     0.336
   -21.941       3     0.336
   -37.992       8     0.336
   -48.008      18     0.336
   -82.067      27     0.336
    -3.954      20     0.337
    -6.016      20     0.337
   -20.007      22     0.337
   -26.021       3     0.337
   -40.021      10     0.337
   -52.002      18     0.337
   -80.063      24     0.337
   -11.988      19     0.338
   -20.023      19     0.338
   -20.053       6     0.338
   -26.005       6     0.338
   -41.968       6     0.338
     0.069       5     0.339
     3.988      18     0.339
    -6.002      19     0.339
    18.039       8     0.339
   -34.051      18     0.339
   -36.008       6     0.339
   -36.022      17     0.339
   -54.044      16     0.339
   -82.067      28     0.339
   -96.069      50     0.339
   -96.090      49     0.339
    12.066      20     0.340
   -16.004      19     0.340
   -18.054       7     0.340
   -35.999      19     0.340
   -37.992       7     0.340
   -41.968       7     0.340
   -86.075      28     0.340
    -4.032      20     0.341
    -9.970      26     0.341
   -18.054      19     0.341
   -21.987      17     0.341
   -23.990       3     0.341
   -24.035      17     0.341
   -28.004       3     0.341
   -50.083      15     0.341
   -96.048      49     0.341
  -121.092      54     0.341
  -127.014      55     0.341
  -136.219      55     0.341
     2.034      17     0.342
    -2.030      18     0.342
   -14.069      26     0.342
   -16.072      27     0.342
   -22.028      17     0.342
   -29.988      28     0.342
   -37.928      20     0.342
   -46.104      17     0.342
   -50.056      19     0.342
   -84.029      27     0.342
  -108.025      55     0.342
    16.005       8     0.343
   -11.971       7     0.343
   -19.957      19     0.343
   -26.039       3     0.343
   -30.019      22     0.343
   -49.974      19     0.343
   -83.988      24     0.343
  -119.069      54     0.343
   -11.990      27     0.344
   -41.985      10     0.344
   -50.052      17     0.344
   -52.050      15     0.344
    10.045       7     0.345
   -40.066      20     0.345
   -99.991      49     0.345
  -123.760      58     0.345
    -0.046      18     0.346
    -8.035      18     0.346
    -8.035      19     0.346
    -9.970      27     0.346
   -11.975       8     0.346
   -24.076      17     0.346
   -37.999      19     0.346
   -43.951      10     0.346
   -44.034       7     0.346
     2.036       5     0.347
     9.944       5     0.347
   -37.972      10     0.347
   -42.032      18     0.347
    -5.936      19     0.348
   -27.978      19     0.348
   -42.060      18     0.348
   -84.029      28     0.348
     2.036      19     0.349
    -3.954      26     0.349
    -7.969      19     0.349
    -7.987      17     0.349
    18.008       5     0.349
   -18.061      18     0.349
   -32.002       5     0.349
   -40.066       7     0.349
   -44.016       7     0.349
   -54.110      16     0.349
    -4.033      20     0.350
   -32.067      19     0.350
   -36.030      27     0.350
   -47.987      18     0.350
   -54.030      16     0.350
   -87.994      24     0.350
  -121.092      55     0.350
     6.005       6     0.351
     8.029      20     0.351
   -24.025      19     0.351
   -56.051      27     0.351
    -2.030      19     0.352
   -13.972      20     0.352
   -15.972      27     0.352
   -16.028      18     0.352
   -18.004       6     0.352
   -30.053      28     0.352
   -33.986       6     0.352
  -113.062      44     0.352
  -121.738      58     0.352
     9.996       8     0.353
    -6.017      20     0.353
    20.060       5     0.353
    20.089       5     0.353
   -18.009      18     0.353
   -28.070      19     0.353
   -36.008      10     0.353
   -86.033      24     0.353
    -5.970       8     0.354
   -14.069      25     0.354
   -22.041       8     0.354
   -26.040      17     0.354
   -42.058      26     0.354
   -45.980       7     0.354
   -48.005      17     0.354
   -48.056      18     0.354
   -50.031      20     0.354
  -104.016      49     0.354
    -7.970      18     0.355
   -32.002      18     0.355
     0.069      19     0.356
     2.034      18     0.356
    10.028      27     0.356
    14.100       8     0.356
    16.019       6     0.356
   -17.960       8     0.356
   -22.039      26     0.356
   -32.056      10     0.356
   -44.057      16     0.356
     2.022      18     0.357
    -7.987      27     0.357
   -14.003      19     0.357
   -19.972      28     0.357
   -42.050       6     0.357
   -44.024      18     0.357
     4.072      20     0.358
    14.019       6     0.358
  -109.077      44     0.358
   -15.973      20     0.359
   -22.055      22     0.359
   -98.030      49     0.359
     3.954       6     0.360
   -13.954      19     0.360
   -14.069      18     0.360
   -18.036      19     0.360
   -20.036       5     0.360
   -29.954      18     0.360
   -30.019      18     0.360
   -48.073      19     0.360
   -82.026      24     0.360
   -13.988      19     0.361
   -18.042      26     0.361
   -20.085      17     0.361
   -26.006      18     0.361
   -28.055      18     0.361
   -54.004      27     0.361
    -4.032      19     0.362
    -7.970      27     0.362
   -13.942       8     0.362
   -14.069      27     0.362
   -26.021      19     0.362
   -38.018       7     0.362
   -46.073      15     0.362
   -48.005      16     0.362
     6.040      20     0.363
    -1.982      19     0.363
    -5.936      20     0.363
    12.029       7     0.363
   -12.037      19     0.363
   -15.992       6     0.363
   -22.022       6     0.363
   -28.089      17     0.363
   -30.019      18     0.363
   -50.011      20     0.363
    -9.972      20     0.364
   -19.945      20     0.364
   -26.002      25     0.364
   -36.015      18     0.364
   -90.039      24     0.364
  -108.975      49     0.364
   -15.972       5     0.365
   -18.004      25     0.365
   -25.928      19     0.365
   -28.004       5     0.365
   -39.957      20     0.365
   -45.999       7     0.365
   -46.009      18     0.365
   -46.039      18     0.365
   -50.011      19     0.365
   -52.081      16     0.365
     1.983      17     0.366
   -32.002       6     0.366
   -34.032      18     0.366
   -50.066      15     0.366
   -84.071      24     0.366
    -6.004      18     0.367
    12.048       8     0.367
   -16.022      20     0.367
   -23.972      19     0.367
   -24.005      27     0.367
   -26.005      18     0.367
   -27.970      18     0.367
   -46.024      19     0.367
   -50.066      16     0.367
    -5.937      17     0.368
    12.017      27     0.368
   -10.019      19     0.368
   -31.984      18     0.368
   -33.952      25     0.368
   -36.006       8     0.368
   -40.028      26     0.368
   -40.078      16     0.368
     6.005       5     0.369
   -98.113      50     0.369
    -3.920       8     0.370
   -12.019      27     0.370
   -16.003      17     0.370
   -24.019      18     0.370
   -32.067      18     0.370
   -39.984      19     0.370
   -22.006      19     0.371
   -22.039      27     0.371
  -111.101      44     0.371
   -10.005       7     0.372
   -22.054      18     0.372
   -28.023      28     0.372
   -28.055      22     0.372
   -29.990      17     0.372
   -52.046      18     0.372
   -10.020      27     0.373
   -20.005      18     0.373
   -20.047      18     0.373
   -40.028      16     0.373
   -48.028      19     0.373
    -6.033      19     0.374
   -24.020      22     0.374
   -26.006      22     0.374
   -27.989      18     0.374
   -30.019       5     0.375
   -30.049      27     0.375
   -37.972      19     0.375
  -108.957      49     0.375
    14.030       6     0.376
    18.054       5     0.376
    19.993      27     0.376
   -15.955       5     0.376
   -18.077      18     0.376
   -22.022      28     0.376
   -36.015      19     0.376
   -36.050      17     0.376
  -119.069      55     0.376
    -5.937      26     0.377
    16.103       5     0.377
   -12.019      26     0.377
   -31.984      26     0.377
   -46.104      16     0.377
    12.030       6     0.378
    18.025      27     0.378
   -10.020      17     0.378
   -34.021      10     0.378
   -46.039      17     0.378
    -3.954      18     0.379
    16.071       8     0.379
   -21.941      28     0.379
   -34.000      26     0.379
   -38.001      19     0.379
   -20.058      18     0.380
   -26.002      18     0.380
   -44.009      17     0.380
   -44.076      18     0.380
   -46.044      18     0.380
     0.000      18     0.381
   -14.003      25     0.381
   -38.018      20     0.381
     2.050       6     0.382
     8.039       6     0.382
    -0.029      18     0.382
    -9.987      19     0.382
   -12.002      18     0.382
   -31.956       7     0.382
    -4.033      17     0.383
   -15.992       8     0.383
   -40.095      16     0.383
   -48.008      19     0.383
   -52.063      16     0.383
   -10.036      27     0.384
   -24.037      18     0.384
   -34.059      17     0.384
   -86.033      24     0.384
     2.050      17     0.385
    -1.950      19     0.385
   -16.081      17     0.385
   -17.987       5     0.385
   -38.001      18     0.385
   -40.066       6     0.385
   -40.095      27     0.385
  -102.118      49     0.385
   -17.955      18     0.386
   -34.004       7     0.386
   -36.008       8     0.386
  -121.718      58     0.386
    -0.017      17     0.387
   -11.985      19     0.387
   -34.031      19     0.387
    -1.953       8     0.388
    -8.000      19     0.388
   -19.979      18     0.388
   -52.046      16     0.388
    -1.983      17     0.389
    10.062       6     0.389
   -18.036      18     0.389
   -20.007      27     0.389
   -21.988      18     0.389
   -24.019       6     0.389
   -47.983      20     0.389
  -129.742      58     0.389
    -5.985      18     0.390
   -12.069      27     0.390
   -18.061      17     0.390
   -20.023      18     0.390
   -15.986      25     0.391
   -18.042       8     0.391
   -22.044      18     0.391
   -24.037      25     0.391
   -44.009      16     0.391
    20.092       7     0.392
   -15.986      19     0.392
   -22.039      18     0.392
   -35.969       7     0.392
     0.016      17     0.393
    -3.934      19     0.393
   -20.036       6     0.393
   -94.025      49     0.393
    14.030       5     0.394
   -17.988      20     0.394
   -32.032      25     0.394
   -38.097      17     0.394
  -100.074      49     0.394
    -3.934      18     0.395
   -45.980      19     0.395
   -48.047      20     0.395
   -49.974      18     0.395
     5.992       5     0.396
    -8.017       7     0.396
   -12.019      18     0.396
   -17.960      20     0.396
   -22.028      18     0.396
   -34.031      18     0.397
   -36.026      20     0.397
    -3.967      20     0.398
    14.019       8     0.398
   -11.973      26     0.398
   -12.022      20     0.398
   -16.022       5     0.398
   -24.076      18     0.398
   -37.998      27     0.398
   -39.965      19     0.398
   -41.968      19     0.398
   -50.016      18     0.398
   -50.034      16     0.398
     0.000       6     0.399
    14.051       5     0.399
    20.022       6     0.399
   -24.008      18     0.399
   -28.089      18     0.399
   -33.977       8     0.399
   -34.021       8     0.399
    11.999       5     0.400
   -26.040      18     0.400
   -29.990      18     0.400
   -48.047      19     0.400
   -12.002      27     0.401
   -40.095      26     0.401
   -46.056      16     0.401
   -48.103      16     0.401
     8.043       5     0.402
    -5.985      19     0.402
   -16.052      18     0.402
   -19.945       8     0.402
   -15.972       6     0.403
     0.051      18     0.404
   -36.018      18     0.404
   -42.075      16     0.404
    -2.050       6     0.405
    -6.004      26     0.405
    20.089       6     0.405
   -20.010       8     0.405
   -21.988      25     0.405
   -22.019      27     0.405
   -26.057      18     0.405
   -38.018       6     0.406
   -44.061      19     0.406
   -13.989      27     0.407
   -16.004       7     0.407
   -21.976       6     0.407
   -44.039      19     0.407
     4.024       5     0.408
   -32.056       8     0.408
   -42.032      19     0.408
   -42.046      15     0.408
   -32.038      17     0.409
   -43.951       7     0.409
   -50.039      18     0.409
    -4.021      17     0.410
   -34.086      17     0.410
   -42.013      19     0.410
   -46.025      19     0.410
   -14.020      18     0.411
   -20.023      25     0.411
   -20.038      20     0.411
   -50.083      16     0.411
     3.954       5     0.412
    -4.001      19     0.412
   -40.049      17     0.412
   -43.997      18     0.412
    -5.967       7     0.413
   -15.986      18     0.413
   -21.995       8     0.413
   -28.021      18     0.413
   -35.969      20     0.413
    -8.037      26     0.414
   -18.036      25     0.414
     0.051      20     0.415
    -3.954       6     0.415
   -24.025      18     0.415
   -36.017      19     0.415
    -0.017      18     0.416
   -23.961       8     0.416
   -30.086      18     0.416
    10.014      20     0.417
   -21.995      20     0.417
   -25.974      28     0.417
   -33.952      26     0.417
   -37.982      18     0.417
   -15.972      25     0.418
   -30.053       7     0.418
    -6.004       6     0.419
    10.062       7     0.419
   -25.989      18     0.419
   -32.012       7     0.419
   -34.017      26     0.419
  -123.740      58     0.419
   -15.975      19     0.420
  -127.721      58     0.420
   -10.020       6     0.421
   -20.007      26     0.421
   -21.941      20     0.421
    -5.937      18     0.422
   -13.972      19     0.422
   -28.038      18     0.422
   -39.965      18     0.422
   -14.003      18     0.423
   -20.047      17     0.423
   -23.990      20     0.423
   -28.004      28     0.423
    -2.000      20     0.424
    -7.970       6     0.424
    12.030       8     0.424
   -31.984      25     0.424
   -32.074      17     0.424
    -7.987      19     0.425
   -13.988      20     0.425
   -27.970       5     0.425
   -34.004      20     0.425
   -42.058      16     0.425
   -50.066      18     0.425
  -125.699      58     0.425
    -1.983      18     0.426
    -8.004      18     0.426
    -8.017      19     0.426
    18.025       7     0.426
   -38.064      19     0.426
   -43.997      19     0.426
    -7.987      20     0.427
   -20.038      19     0.427
   -20.053      27     0.427
    -5.967      19     0.428
   -17.987       6     0.428
   -46.044      19     0.428
     0.036       8     0.429
   -13.942       6     0.429
   -24.009      28     0.429
   -26.010       8     0.429
   -30.069      18     0.429
   -32.012       8     0.429
   -36.050      18     0.429
   -38.018      18     0.429
   -40.066      19     0.429
   -96.069      49     0.429
    -1.950      18     0.430
    -4.033      18     0.430
    19.993       7     0.430
   -10.005      18     0.430
   -15.955       6     0.430
   -44.009      15     0.430
   -16.022      19     0.431
   -22.054       6     0.431
   -44.039      16     0.431
   -32.038      18     0.432
   -36.006       7     0.432
   -40.001       6     0.432
   -42.062      16     0.432
   -48.103      15     0.432
    -2.034      17     0.433
   -22.012      18     0.434
   -29.962       7     0.434
   -36.117      18     0.434
   -37.992      20     0.434
   -38.047      27     0.434
   -47.987      16     0.434
   -50.016      16     0.434
   -23.990      28     0.435
   -26.039      20     0.435
   -31.956      20     0.435
   -44.076      17     0.435
   -46.019      20     0.435
     2.003       8     0.436
   -16.022       6     0.436
   -17.988      19     0.436
   -21.976       8     0.436
   -24.025      26     0.436
   -28.004      20     0.436
    -7.970      17     0.437
    -9.953      20     0.437
   -41.985       7     0.437
   -42.046      17     0.437
   -12.069       6     0.438
   -13.972       6     0.438
   -44.016      19     0.438
   -46.056      15     0.438
   -47.991      18     0.438
     2.050       5     0.439
     7.994       7     0.439
    18.039       7     0.439
   -10.036      18     0.439
   -14.020      19     0.439
   -29.954       6     0.439
   -32.022      18     0.439
   -34.070      18     0.439
   -36.030      26     0.439
   -13.972       5     0.440
   -30.058      18     0.440
   -42.050       7     0.440
   -98.113      49     0.440
     8.011       8     0.441
    16.036       7     0.441
   -20.053      25     0.441
   -42.013      18     0.441
   -44.061      18     0.441
    10.062       8     0.442
   -11.971      18     0.442
   -22.012      17     0.442
   -24.060      18     0.442
   -29.962       8     0.442
   -34.041       8     0.442
   -34.086      18     0.442
   -45.999      19     0.442
   -46.024      18     0.442
    20.025       6     0.443
   -14.069       5     0.443
   -28.010      18     0.443
   -34.021       6     0.443
   -37.998      26     0.443
   -42.029      18     0.443
     8.011       6     0.444
     8.039       5     0.444
    11.979       6     0.444
   -14.069       6     0.444
   -27.997       8     0.444
   -30.007       8     0.444
    -2.050      18     0.445
    -8.017      18     0.445
    10.032       5     0.445
   -14.039      27     0.445
   -18.052      17     0.445
   -24.006       8     0.445
   -26.108      18     0.445
   -28.001      27     0.445
   -36.017      18     0.445
   -44.043      16     0.445
    -9.970      18     0.446
   -38.047      26     0.446
    -2.000      18     0.447
   -18.004      27     0.447
   -24.025       8     0.447
   -30.053      20     0.447
   -30.067      25     0.447
   -38.097      18     0.447
   -40.065      18     0.447
    -9.953      19     0.448
   -16.052      26     0.448
   -20.005       6     0.448
   -26.039       7     0.448
   -28.004       7     0.448
     4.054       8     0.449
     6.106       8     0.449
    -6.016      18     0.449
   -23.961      20     0.449
   -24.060      17     0.449
   -33.977      20     0.449
    -1.933      18     0.450
    16.036      27     0.450
   -16.022      27     0.450
   -23.990       7     0.450
   -26.039      28     0.450
     8.011       7     0.451
     8.025      20     0.451
   -12.069       5     0.451
   -24.025      27     0.451
   -32.050      18     0.451
    18.057       6     0.452
   -26.005       5     0.452
   -27.997       7     0.452
    14.068      27     0.453
   -38.064      26     0.453
   -39.998      17     0.453
   -48.073      18     0.453
     6.058      20     0.454
   -30.019      26     0.454
    -4.001      18     0.455
    18.054       6     0.455
   -15.975      20     0.455
   -17.983      17     0.455
   -20.010       6     0.455
   -32.055      18     0.455
   -34.035      26     0.455
   -36.117      17     0.455
   -46.024      16     0.455
     0.000       5     0.456
     2.039      20     0.456
    11.979       5     0.456
   -46.006      16     0.456
     6.106       6     0.457
    -3.966      18     0.458
   -32.035      26     0.458
   -15.955      27     0.459
   -17.974      27     0.459
   -34.066      27     0.459
   -36.008      19     0.459
   -42.075      19     0.459
   -17.987      27     0.461
   -35.999      26     0.461
   -38.002      17     0.461
   -40.028      19     0.461
     0.000      17     0.462
    -6.004      17     0.462
    -8.000      18     0.462
   -10.020       5     0.462
   -31.956      19     0.462
   -35.969       6     0.462
   -44.026      16     0.462
     4.007      20     0.463
    14.068       7     0.463
   -11.975       6     0.463
   -25.993       8     0.463
   -36.006      20     0.463
   -38.018      19     0.463
   -26.010       7     0.464
    -6.004       5     0.465
    16.005       6     0.465
   -13.972      27     0.465
   -13.989       5     0.465
   -17.941      19     0.465
   -27.958       8     0.465
   -35.999      27     0.465
   -42.029      17     0.465
   -48.103      18     0.465
    -7.987      26     0.466
   -32.050      26     0.466
   -46.025      18     0.466
   -10.005      19     0.467
   -20.010      20     0.467
   -25.928       8     0.467
   -38.064      27     0.467
    -2.050       5     0.468
    -4.001       7     0.468
    -5.967      18     0.468
    -7.970       5     0.468
   -13.954       7     0.468
   -17.955       6     0.468
   -40.031      18     0.468
    -3.954       5     0.469
   -12.003      20     0.470
   -21.941      19     0.470
   -45.999      20     0.470
   -48.053      16     0.470
   -46.073      16     0.471
   -48.036      16     0.471
     6.022       7     0.472
   -17.955      26     0.472
   -50.083      18     0.472
     4.054       6     0.473
    -7.987      18     0.474
   -11.971      19     0.474
   -13.989       6     0.474
    -3.954      17     0.476
   -29.954       5     0.476
   -31.992       8     0.476
    -3.983      18     0.477
   -32.012      20     0.477
   -38.064      18     0.477
   -40.065      17     0.477
   -42.046      18     0.477
     5.989       6     0.478
    -2.050      17     0.478
   -23.990      19     0.478
   -26.010      20     0.478
   -30.019      25     0.478
    -1.950       7     0.479
   -12.019       6     0.479
   -24.019       5     0.479
   -30.027       8     0.479
   -39.998      18     0.480
   -10.036      26     0.481
   -12.019       5     0.481
   -20.036      27     0.481
   -21.941       7     0.481
   -27.978       8     0.481
   -34.019      18     0.481
   -16.052      25     0.482
   -23.961       7     0.482
   -28.004      19     0.482
   -32.050      25     0.482
   -34.070      17     0.482
    -6.033      18     0.483
   -12.003      19     0.483
   -34.035      18     0.483
   -46.056      18     0.483
    16.002       5     0.484
   -16.052       6     0.484
    16.071       7     0.485
   -29.962      20     0.485
   -44.009      18     0.485
     4.055       7     0.486
    -9.925       6     0.486
   -26.108      17     0.486
   -38.018      17     0.486
     2.003       6     0.487
   -30.026      17     0.487
   -34.041       7     0.487
   -27.997      20     0.488
   -30.053      19     0.488
   -35.969      19     0.488
   -44.042      18     0.488
    -0.046       7     0.489
   -40.021       7     0.489
   -13.991      20     0.490
   -32.021       6     0.490
     2.005       7     0.491
   -26.039      19     0.491
   -25.989      26     0.492
   -29.972       5     0.492
   -26.036      27     0.493
   -46.090      18     0.493
    16.002       6     0.494
   -19.991      19     0.494
   -40.028      18     0.494
    14.100       6     0.495
   -34.021      19     0.495
   -42.075      18     0.495
    12.017       7     0.496
   -12.037      18     0.496
   -34.041      20     0.496
   -44.034      20     0.496
    10.011       6     0.497
   -34.035      27     0.497
   -25.989      27     0.498
   -28.062      17     0.498
   -15.957      20     0.499
   -17.960       6     0.499
     0.036       6     0.500
   -21.995       7     0.500
   -32.022      17     0.500
   -48.053      18     0.500
   -13.991      19     0.501
   -22.054       5     0.501
   -28.010      17     0.501
   -34.004      19     0.501
   -41.995      18     0.501
   -43.951      19     0.501
    -8.021       6     0.502
   -32.032      26     0.502
   -36.066      18     0.502
   -14.003       6     0.505
   -27.970      26     0.505
   -28.038      26     0.505
   -43.951      20     0.505
    -1.953       6     0.506
   -15.972      26     0.506
   -35.999      18     0.506
   -20.005       5     0.507
   -30.058      17     0.507
   -32.050      26     0.507
    -5.970       6     0.508
   -21.976      20     0.508
   -26.039       5     0.508
    14.019       7     0.509
   -12.002       5     0.509
   -12.037       6     0.509
   -19.945       7     0.509
   -44.039      18     0.509
     5.989       5     0.510
   -12.002       6     0.510
   -42.062      18     0.510
   -28.038      27     0.511
    -3.920       6     0.512
   -15.957      19     0.512
   -20.038       7     0.512
    -9.987      18     0.513
    10.011       5     0.513
   -30.086      26     0.514
   -32.050      27     0.515
    -9.970       5     0.516
   -22.041      19     0.516
   -14.023      26     0.517
   -20.016      17     0.517
   -48.036      18     0.517
    18.037       5     0.518
   -20.032      17     0.518
   -22.022      27     0.518
   -27.989       6     0.518
   -38.030      18     0.518
     4.022       6     0.519
   -17.941      20     0.519
   -20.005      26     0.519
    20.025       7     0.520
   -18.004      26     0.520
   -22.019      25     0.520
   -40.078      18     0.520
   -18.042       7     0.521
   -27.989       5     0.521
   -31.992       7     0.521
   -40.001       7     0.521
   -42.050      19     0.521
   -36.096      27     0.522
    18.037       6     0.524
   -11.988       7     0.524
   -23.987      27     0.524
   -24.006      19     0.524
   -30.086      27     0.524
   -12.002      26     0.525
   -17.955       5     0.525
   -38.047      18     0.525
   -41.985      20     0.525
   -22.055      27     0.526
   -26.005      26     0.526
   -32.056      19     0.526
   -46.006      18     0.526
   -25.993      19     0.527
    12.030       7     0.528
   -24.025      20     0.528
   -18.007      20     0.529
   -20.053      26     0.529
   -31.992      20     0.529
   -34.066      26     0.529
    14.013       5     0.530
    14.013       6     0.530
    20.010       5     0.530
   -15.973       6     0.531
   -34.004       6     0.531
   -15.992       7     0.532
   -26.014      17     0.532
   -36.017      26     0.532
   -28.019      25     0.533
    10.028       7     0.534
   -22.019      26     0.534
   -22.064      17     0.534
     8.023       6     0.535
   -46.073      18     0.535
   -24.050      17     0.536
   -18.007      19     0.537
   -30.027       7     0.537
   -40.095      18     0.537
   -44.026      18     0.537
    -9.970       6     0.538
   -30.027      20     0.538
   -36.038      17     0.538
   -16.052       5     0.539
   -19.972      20     0.539
    10.062       7     0.540
    12.048       6     0.540
   -36.096      26     0.540
   -30.067      26     0.541
   -40.021      20     0.541
   -13.942       7     0.542
   -22.054      26     0.542
     6.027       7     0.543
    20.010       6     0.543
     0.036       7     0.544
     2.003       7     0.544
   -42.050      20     0.544
    -7.970      26     0.545
   -10.036       6     0.545
   -24.005      25     0.545
   -24.019      26     0.545
    -1.953       7     0.546
   -19.991      20     0.546
   -25.928      20     0.546
    18.057       7     0.547
   -10.036       5     0.547
   -19.972      19     0.547
   -30.007      19     0.547
     8.011       7     0.548
   -16.005      27     0.548
   -27.978      20     0.548
   -38.037       7     0.548
   -30.001      26     0.549
     4.054       7     0.550
     6.106       7     0.550
   -10.003      26     0.550
   -32.018      27     0.550
     4.022       5     0.551
   -25.970      25     0.551
     9.996       6     0.552
   -11.975       7     0.552
    -3.920       7     0.553
    19.993       5     0.553
   -22.080      17     0.553
   -27.958      19     0.553
   -28.070       5     0.553
     8.023       5     0.554
   -27.970      25     0.554
     2.034       6     0.555
   -24.005      26     0.555
   -27.978       7     0.555
    -5.970       7     0.557
    -9.987       6     0.557
    -8.021       7     0.559
    -9.925       7     0.559
   -17.988       7     0.559
   -10.001       7     0.560
   -29.972       6     0.560
   -32.056       6     0.560
   -40.001      19     0.560
   -23.990       5     0.561
   -26.002       6     0.561
     8.029       6     0.562
    12.046       6     0.562
   -14.007       6     0.562
   -44.043      18     0.562
   -14.003       5     0.563
   -25.928       7     0.563
   -26.002       5     0.563
   -37.972      20     0.563
   -13.989      26     0.564
   -18.022      25     0.564
   -42.058      18     0.564
    16.005       7     0.565
   -22.022      19     0.565
    12.046       5     0.566
   -24.044      17     0.566
   -17.955      25     0.567
   -24.025       7     0.567
   -36.008      20     0.567
    -7.987       6     0.571
   -28.019      26     0.571
     6.040       6     0.572
     6.056       6     0.572
   -21.976       7     0.572
   -26.030      17     0.572
   -28.078      17     0.573
    -8.000       6     0.574
   -18.022      26     0.574
   -20.010       7     0.575
   -37.972       7     0.575
    -7.987       5     0.576
   -12.037       5     0.576
   -16.072      26     0.576
    -0.017       6     0.577
   -15.955      26     0.577
   -25.970      26     0.577
   -31.956       6     0.579
     2.034       5     0.580
   -38.037       6     0.580
    15.986       5     0.581
   -34.031      26     0.581
   -34.053      17     0.581
    14.100       7     0.582
    -8.004       5     0.583
    -8.004       6     0.583
    15.986       6     0.583
   -17.960       7     0.583
    -8.035       7     0.584
   -35.988      19     0.584
     4.072       6     0.585
   -30.049      26     0.585
   -11.957       6     0.588
   -30.001      25     0.588
   -24.037       6     0.589
     9.995       6     0.590
    -5.937       6     0.590
   -15.973       7     0.590
   -24.037       5     0.590
     6.056       5     0.591
     8.060       7     0.591
   -21.941       5     0.591
   -28.036      26     0.591
   -32.090      17     0.591
    12.048       7     0.592
    -1.983       6     0.593
   -26.005      25     0.594
   -22.022      20     0.595
   -30.042      17     0.595
   -34.021      20     0.595
     2.021       6     0.596
     6.040       7     0.597
     9.995       5     0.597
     9.996       7     0.597
    -4.033       6     0.597
    18.021       5     0.597
     8.029       7     0.598
    -6.033       6     0.598
     4.005       6     0.599
    -5.937       5     0.599
   -22.041      20     0.599
     4.072       7     0.600
    -0.017       5     0.600
   -36.017      27     0.600
   -14.007       7     0.601
   -28.070       6     0.602
   -33.940      19     0.602
     2.021       7     0.603
   -26.021       5     0.603
    -9.990       6     0.604
   -18.054      27     0.604
   -20.038       5     0.604
   -34.048      27     0.604
     8.028       6     0.605
    18.025       5     0.605
    -9.987       5     0.606
   -32.018      26     0.606
   -34.048      26     0.606
    -7.969       5     0.607
   -10.019       5     0.607
    -0.030       6     0.608
   -21.988       6     0.608
   -30.007       6     0.608
     4.038       7     0.609
    -4.033       5     0.609
    -1.983       5     0.610
    -6.002       5     0.610
    14.018       5     0.610
   -21.988       5     0.610
   -32.056      20     0.610
    -8.017       6     0.611
    14.018       6     0.611
   -16.022       5     0.611
   -17.988       5     0.612
    -0.030       7     0.613
   -11.957       7     0.613
   -11.985       5     0.613
   -13.972       5     0.613
   -20.005      25     0.613
   -32.067      26     0.613
    -6.016       6     0.614
    -3.983       6     0.615
    18.021       6     0.615
   -10.005       6     0.615
   -30.053       6     0.615
    -1.934       6     0.616
    -4.014       5     0.616
    -5.967       6     0.616
   -30.007      20     0.616
     8.028       5     0.617
    -8.002       6     0.617
   -24.006      20     0.617
    -5.985       7     0.618
   -32.037      19     0.618
     4.005       5     0.619
    -6.016       5     0.619
     6.039       6     0.620
   -32.037      20     0.620
    -1.934       7     0.621
    -3.985       6     0.621
    -4.001       6     0.621
    -5.952       6     0.621
    -9.990       7     0.621
   -16.022       7     0.621
   -20.023       6     0.621
     1.955       6     0.622
   -11.971       6     0.622
   -40.001      20     0.622
   -24.020      27     0.623
    -8.000       5     0.624
   -20.023       5     0.624
    19.993       6     0.625
   -19.987      25     0.625
   -19.987      26     0.625
    -3.985       7     0.626
   -14.020       6     0.627
   -24.019      25     0.627
    -1.950       6     0.628
    -8.002       7     0.628
   -25.993      20     0.628
    -1.933       6     0.629
    -5.952       7     0.629
   -18.036       6     0.629
     3.988       6     0.630
    12.029       5     0.630
    12.029       6     0.630
   -20.023      27     0.630
   -22.054      25     0.630
    -1.964       5     0.631
    -3.966       6     0.631
   -15.986       6     0.631
   -23.972       5     0.631
   -27.958      20     0.632
     0.051       6     0.633
    -0.029       6     0.633
   -29.969      27     0.633
     2.022       6     0.634
     6.039       5     0.634
   -18.036       5     0.635
    -0.046       6     0.636
   -27.958       6     0.636
   -11.990      26     0.637
   -29.988      19     0.637
     0.003       5     0.639
    -2.000       6     0.639
    -6.033       5     0.639
   -10.020      26     0.639
   -15.986       5     0.640
   -14.020       5     0.641
     1.955       5     0.642
    16.036       5     0.642
   -28.036      25     0.642
    -3.966       5     0.643
   -11.971       5     0.643
   -25.974      20     0.643
   -26.021       6     0.643
     2.005       6     0.644
    -5.985       5     0.644
   -29.988      20     0.644
   -35.988       6     0.644
   -10.005       5     0.645
   -25.974      19     0.645
   -28.023      19     0.645
   -35.988       7     0.645
    -3.934       5     0.646
    10.062       6     0.646
    16.053       5     0.646
   -24.009      19     0.646
   -28.023      20     0.646
    -8.035       5     0.647
   -38.037      19     0.647
     3.988       5     0.648
    -8.017       5     0.648
    10.062       5     0.648
   -24.009      20     0.648
     6.009       7     0.649
   -36.008       7     0.650
     0.051       5     0.651
     8.011       6     0.652
    -3.983       5     0.652
   -22.036      25     0.652
   -22.036      26     0.652
     4.055       6     0.653
    -2.030       5     0.653
     6.022       6     0.654
    -2.000       5     0.654
   -10.001       5     0.654
   -25.993       6     0.654
     8.011       5     0.655
   -22.006       5     0.655
   -28.004       6     0.655
   -33.940      20     0.655
     2.022       5     0.656
   -38.037      20     0.656
     1.987       7     0.657
     2.054       5     0.657
    -5.967       5     0.657
   -25.988      26     0.657
     6.022       5     0.659
    -0.029       5     0.659
   -28.001      26     0.659
   -35.988      20     0.659
    -4.001       5     0.660
    -0.046       5     0.662
    -1.933       5     0.662
   -25.988      25     0.662
     2.005       5     0.663
     4.055       5     0.663
    -1.950       5     0.663
    14.068       5     0.663
   -11.988       5     0.663
   -13.972       7     0.663
    16.053       6     0.664
   -23.972       6     0.664
   -24.001      26     0.664
   -24.001      25     0.665
     0.020       5     0.666
   -19.957       5     0.667
     3.958       5     0.668
   -13.954       5     0.670
   -24.006       6     0.671
   -32.000      26     0.671
   -33.940       6     0.671
   -33.940       7     0.672
    14.001       5     0.675
   -16.004       5     0.675
   -22.055      26     0.675
     1.987       5     0.676
   -18.054       5     0.676
    -3.934       7     0.679
   -26.039       6     0.679
   -10.001       6     0.680
   -11.988       6     0.680
     6.009       5     0.681
    18.025       6     0.682
   -22.006       6     0.682
    12.017       5     0.684
    10.028       5     0.686
     8.060       5     0.687
   -13.954       6     0.687
     4.038       5     0.688
    -2.030       7     0.689
   -22.041       6     0.690
     0.020       7     0.692
    12.096       5     0.692
   -19.957       6     0.692
   -16.004       6     0.693
   -34.021       7     0.693
    -8.035       6     0.694
   -18.054       6     0.695
     3.958       7     0.696
    14.001       6     0.698
   -32.037       7     0.698
   -34.031      27     0.698
   -12.069      26     0.700
   -32.037       6     0.700
     6.027       5     0.701
   -19.991       6     0.701
   -23.990       6     0.701
    10.045       5     0.703
   -21.988      27     0.703
     7.994       5     0.704
   -11.985       7     0.705
   -19.956      27     0.709
    -5.985       6     0.714
   -29.988       7     0.715
   -17.974      26     0.716
   -29.988       6     0.716
   -17.941       6     0.717
    12.096       6     0.719
   -32.056       7     0.720
   -21.941       6     0.721
   -28.023       7     0.722
   -28.023       6     0.724
    20.043       6     0.725
    -3.934       6     0.728
   -15.975       6     0.729
   -26.006      27     0.730
    16.036       6     0.731
    17.991       6     0.732
   -32.067      27     0.732
    20.060       7     0.733
   -20.038       6     0.734
   -25.974       7     0.734
   -30.007       7     0.734
    10.045       6     0.735
   -10.019       7     0.735
   -22.005      27     0.737
   -25.974       6     0.737
    -2.030       6     0.738
    20.043       7     0.738
   -13.972      26     0.738
   -26.036      26     0.740
    16.023       6     0.741
     7.994       6     0.743
   -24.009       7     0.743
   -13.988       6     0.744
    14.033       6     0.746
   -24.009       6     0.746
   -24.020      26     0.746
   -29.969      26     0.746
     2.054       7     0.747
    12.066       6     0.748
   -17.988       6     0.748
     1.987       6     0.749
     6.027       6     0.749
   -27.958       7     0.749
     0.020       6     0.750
     4.038       6     0.750
    10.014       6     0.750
    20.060       6     0.751
     8.025       6     0.753
    17.991       7     0.754
    18.008       7     0.754
   -15.975       7     0.754
   -28.067      27     0.754
     6.058       6     0.757
   -12.022       6     0.757
   -13.988       7     0.757
   -17.941       7     0.757
   -19.991       7     0.758
     4.007       6     0.759
   -25.993       7     0.760
   -16.022      26     0.761
     4.007       7     0.762
   -22.022       7     0.762
   -24.006       7     0.762
   -22.041       7     0.763
   -12.022       7     0.764
   -14.039      26     0.764
   -22.022       6     0.764
     6.058       7     0.765
    16.103       7     0.765
     2.039       6     0.766
     2.039       7     0.766
     8.025       7     0.766
    16.023       7     0.766
    14.068       6     0.767
    18.008       6     0.767
   -16.022       6     0.767
   -30.019      26     0.767
    -9.972       6     0.768
   -28.055      27     0.769
     0.051       7     0.770
    -9.972       7     0.770
    10.014       7     0.770
    12.066       7     0.770
    14.033       7     0.770
     0.051       6     0.771
   -19.972       7     0.773
   -32.000      27     0.773
    -2.000       7     0.774
   -26.006      26     0.775
    -2.000       6     0.776
   -19.972       6     0.776
    14.051       7     0.777
    -7.921       6     0.778
    -7.921       7     0.778
   -30.019      27     0.778
    -3.967       7     0.780
   -28.055      26     0.780
    -6.017       7     0.781
    -3.967       6     0.782
    -6.017       6     0.782
    16.103       6     0.782
    11.999       7     0.787
   -18.007       7     0.791
   -18.007       6     0.794
    14.051       6     0.796
   -13.972       6     0.797
   -23.987      26     0.798
    10.032       7     0.806
    12.017       6     0.809
    11.999       6     0.811
     8.043       7     0.817
   -15.957       7     0.817
   -15.957       6     0.820
   -30.036      26     0.823
   -16.005      26     0.829
    -7.969       7     0.832
    10.032       6     0.832
   -11.985       6     0.832
   -13.991       7     0.832
    10.028       6     0.835
     5.992       7     0.836
   -13.991       6     0.836
   -30.036      27     0.841
   -22.022      26     0.845
   -24.037      27     0.845
     8.043       6     0.846
   -26.019      27     0.848
   -24.054      27     0.852
   -12.003       7     0.853
     0.003       7     0.854
    -6.002       7     0.855
   -28.067      26     0.855
     4.024       7     0.860
   -10.019       6     0.860
   -12.003       6     0.860
     8.060       6     0.861
     5.992       6     0.865
    -4.014       7     0.867
   -17.987      26     0.870
    -1.964       7     0.871
   -20.036      26     0.872
   -20.023      26     0.875
     2.036       7     0.876
    -9.953       7     0.876
   -27.988      27     0.879
    -9.953       6     0.884
   -26.086      27     0.885
     6.009       6     0.886
     4.024       6     0.888
     0.069       7     0.890
    -7.969       6     0.890
    -7.987       7     0.892
   -27.988      26     0.896
     2.036       6     0.901
    -1.982       7     0.902
    -5.936       7     0.902
     3.958       6     0.903
    -7.987       6     0.903
    -4.032       7     0.906
    -6.002       6     0.909
     0.069       6     0.913
    -5.936       6     0.915
   -26.019      26     0.917
     2.054       6     0.919
    -1.982       6     0.922
    -4.014       6     0.922
    -4.032       6     0.922
   -21.988      26     0.923
     0.003       6     0.928
   -26.086      26     0.928
    -1.964       6     0.933
   -24.037      26     0.942
   -18.054      26     0.950
   -24.054      26     0.973
   -22.005      26     0.994
   -19.956      26     1.000
