     0.036       6     0.500
   -21.995       7     0.500
   -32.022      17     0.500
   -48.053      18     0.500
   -13.991      19     0.501
   -22.054       5     0.501
   -28.010      17     0.501
   -34.004      19     0.501
   -41.995      18     0.501
   -43.951      19     0.501
    -8.021       6     0.502
   -32.032      26     0.502
   -36.066      18     0.502
   -14.003       6     0.505
   -27.970      26     0.505
   -28.038      26     0.505
   -43.951      20     0.505
    -1.953       6     0.506
   -15.972      26     0.506
   -35.999      18     0.506
   -20.005       5     0.507
   -30.058      17     0.507
   -32.050      26     0.507
    -5.970       6     0.508
   -21.976      20     0.508
   -26.039       5     0.508
    14.019       7     0.509
   -12.002       5     0.509
   -12.037       6     0.509
   -19.945       7     0.509
   -44.039      18     0.509
     5.989       5     0.510
   -12.002       6     0.510
   -42.062      18     0.510
   -28.038      27     0.511
    -3.920       6     0.512
   -15.957      19     0.512
   -20.038       7     0.512
    -9.987      18     0.513
    10.011       5     0.513
   -30.086      26     0.514
   -32.050      27     0.515
    -9.970       5     0.516
   -22.041      19     0.516
   -14.023      26     0.517
   -20.016      17     0.517
   -48.036      18     0.517
    18.037       5     0.518
   -20.032      17     0.518
   -22.022      27     0.518
   -27.989       6     0.518
   -38.030      18     0.518
     4.022       6     0.519
   -17.941      20     0.519
   -20.005      26     0.519
    20.025       7     0.520
   -18.004      26     0.520
   -22.019      25     0.520
   -40.078      18     0.520
   -18.042       7     0.521
   -27.989       5     0.521
   -31.992       7     0.521
   -40.001       7     0.521
   -42.050      19     0.521
   -36.096      27     0.522
    18.037       6     0.524
   -11.988       7     0.524
   -23.987      27     0.524
   -24.006      19     0.524
   -30.086      27     0.524
   -12.002      26     0.525
   -17.955       5     0.525
   -38.047      18     0.525
   -41.985      20     0.525
   -22.055      27     0.526
   -26.005      26     0.526
   -32.056      19     0.526
   -46.006      18     0.526
   -25.993      19     0.527
    12.030       7     0.528
   -24.025      20     0.528
   -18.007      20     0.529
   -20.053      26     0.529
   -31.992      20     0.529
   -34.066      26     0.529
    14.013       5     0.530
    14.013       6     0.530
    20.010       5     0.530
   -15.973       6     0.531
   -34.004       6     0.531
   -15.992       7     0.532
   -26.014      17     0.532
   -36.017      26     0.532
   -28.019      25     0.533
    10.028       7     0.534
   -22.019      26     0.534
   -22.064      17     0.534
     8.023       6     0.535
   -46.073      18     0.535
   -24.050      17     0.536
   -18.007      19     0.537
   -30.027       7     0.537
   -40.095      18     0.537
   -44.026      18     0.537
    -9.970       6     0.538
   -30.027      20     0.538
   -36.038      17     0.538
   -16.052       5     0.539
   -19.972      20     0.539
    10.062       7     0.540
    12.048       6     0.540
   -36.096      26     0.540
   -30.067      26     0.541
   -40.021      20     0.541
   -13.942       7     0.542
   -22.054      26     0.542
     6.027       7     0.543
    20.010       6     0.543
     0.036       7     0.544
     2.003       7     0.544
   -42.050      20     0.544
    -7.970      26     0.545
   -10.036       6     0.545
   -24.005      25     0.545
   -24.019      26     0.545
    -1.953       7     0.546
   -19.991      20     0.546
   -25.928      20     0.546
    18.057       7     0.547
   -10.036       5     0.547
   -19.972      19     0.547
   -30.007      19     0.547
     8.011       7     0.548
   -16.005      27     0.548
   -27.978      20     0.548
   -38.037       7     0.548
   -30.001      26     0.549
     4.054       7     0.550
     6.106       7     0.550
   -10.003      26     0.550
   -32.018      27     0.550
     4.022       5     0.551
   -25.970      25     0.551
     9.996       6     0.552
   -11.975       7     0.552
    -3.920       7     0.553
    19.993       5     0.553
   -22.080      17     0.553
   -27.958      19     0.553
   -28.070       5     0.553
     8.023       5     0.554
   -27.970      25     0.554
     2.034       6     0.555
   -24.005      26     0.555
   -27.978       7     0.555
    -5.970       7     0.557
    -9.987       6     0.557
    -8.021       7     0.559
    -9.925       7     0.559
   -17.988       7     0.559
   -10.001       7     0.560
   -29.972       6     0.560
   -32.056       6     0.560
   -40.001      19     0.560
   -23.990       5     0.561
   -26.002       6     0.561
     8.029       6     0.562
    12.046       6     0.562
   -14.007       6     0.562
   -44.043      18     0.562
   -14.003       5     0.563
   -25.928       7     0.563
   -26.002       5     0.563
   -37.972      20     0.563
   -13.989      26     0.564
   -18.022      25     0.564
   -42.058      18     0.564
    16.005       7     0.565
   -22.022      19     0.565
    12.046       5     0.566
   -24.044      17     0.566
   -17.955      25     0.567
   -24.025       7     0.567
   -36.008      20     0.567
    -7.987       6     0.571
   -28.019      26     0.571
     6.040       6     0.572
     6.056       6     0.572
   -21.976       7     0.572
   -26.030      17     0.572
   -28.078      17     0.573
    -8.000       6     0.574
   -18.022      26     0.574
   -20.010       7     0.575
   -37.972       7     0.575
    -7.987       5     0.576
   -12.037       5     0.576
   -16.072      26     0.576
    -0.017       6     0.577
   -15.955      26     0.577
   -25.970      26     0.577
   -31.956       6     0.579
     2.034       5     0.580
   -38.037       6     0.580
    15.986       5     0.581
   -34.031      26     0.581
   -34.053      17     0.581
    14.100       7     0.582
    -8.004       5     0.583
    -8.004       6     0.583
    15.986       6     0.583
   -17.960       7     0.583
    -8.035       7     0.584
   -35.988      19     0.584
     4.072       6     0.585
   -30.049      26     0.585
   -11.957       6     0.588
   -30.001      25     0.588
   -24.037       6     0.589
     9.995       6     0.590
    -5.937       6     0.590
   -15.973       7     0.590
   -24.037       5     0.590
     6.056       5     0.591
     8.060       7     0.591
   -21.941       5     0.591
   -28.036      26     0.591
   -32.090      17     0.591
    12.048       7     0.592
    -1.983       6     0.593
   -26.005      25     0.594
   -22.022      20     0.595
   -30.042      17     0.595
   -34.021      20     0.595
     2.021       6     0.596
     6.040       7     0.597
     9.995       5     0.597
     9.996       7     0.597
    -4.033       6     0.597
    18.021       5     0.597
     8.029       7     0.598
    -6.033       6     0.598
     4.005       6     0.599
    -5.937       5     0.599
   -22.041      20     0.599
     4.072       7     0.600
    -0.017       5     0.600
   -36.017      27     0.600
   -14.007       7     0.601
   -28.070       6     0.602
   -33.940      19     0.602
     2.021       7     0.603
   -26.021       5     0.603
    -9.990       6     0.604
   -18.054      27     0.604
   -20.038       5     0.604
   -34.048      27     0.604
     8.028       6     0.605
    18.025       5     0.605
    -9.987       5     0.606
   -32.018      26     0.606
   -34.048      26     0.606
    -7.969       5     0.607
   -10.019       5     0.607
    -0.030       6     0.608
   -21.988       6     0.608
   -30.007       6     0.608
     4.038       7     0.609
    -4.033       5     0.609
    -1.983       5     0.610
    -6.002       5     0.610
    14.018       5     0.610
   -21.988       5     0.610
   -32.056      20     0.610
    -8.017       6     0.611
    14.018       6     0.611
   -16.022       5     0.611
   -17.988       5     0.612
    -0.030       7     0.613
   -11.957       7     0.613
   -11.985       5     0.613
   -13.972       5     0.613
   -20.005      25     0.613
   -32.067      26     0.613
    -6.016       6     0.614
    -3.983       6     0.615
    18.021       6     0.615
   -10.005       6     0.615
   -30.053       6     0.615
    -1.934       6     0.616
    -4.014       5     0.616
    -5.967       6     0.616
   -30.007      20     0.616
     8.028       5     0.617
    -8.002       6     0.617
   -24.006      20     0.617
    -5.985       7     0.618
   -32.037      19     0.618
     4.005       5     0.619
    -6.016       5     0.619
     6.039       6     0.620
   -32.037      20     0.620
    -1.934       7     0.621
    -3.985       6     0.621
    -4.001       6     0.621
    -5.952       6     0.621
    -9.990       7     0.621
   -16.022       7     0.621
   -20.023       6     0.621
     1.955       6     0.622
   -11.971       6     0.622
   -40.001      20     0.622
   -24.020      27     0.623
    -8.000       5     0.624
   -20.023       5     0.624
    19.993       6     0.625
   -19.987      25     0.625
   -19.987      26     0.625
    -3.985       7     0.626
   -14.020       6     0.627
   -24.019      25     0.627
    -1.950       6     0.628
    -8.002       7     0.628
   -25.993      20     0.628
    -1.933       6     0.629
    -5.952       7     0.629
   -18.036       6     0.629
     3.988       6     0.630
    12.029       5     0.630
    12.029       6     0.630
   -20.023      27     0.630
   -22.054      25     0.630
    -1.964       5     0.631
    -3.966       6     0.631
   -15.986       6     0.631
   -23.972       5     0.631
   -27.958      20     0.632
     0.051       6     0.633
    -0.029       6     0.633
   -29.969      27     0.633
     2.022       6     0.634
     6.039       5     0.634
   -18.036       5     0.635
    -0.046       6     0.636
   -27.958       6     0.636
   -11.990      26     0.637
   -29.988      19     0.637
     0.003       5     0.639
    -2.000       6     0.639
    -6.033       5     0.639
   -10.020      26     0.639
   -15.986       5     0.640
   -14.020       5     0.641
     1.955       5     0.642
    16.036       5     0.642
   -28.036      25     0.642
    -3.966       5     0.643
   -11.971       5     0.643
   -25.974      20     0.643
   -26.021       6     0.643
     2.005       6     0.644
    -5.985       5     0.644
   -29.988      20     0.644
   -35.988       6     0.644
   -10.005       5     0.645
   -25.974      19     0.645
   -28.023      19     0.645
   -35.988       7     0.645
    -3.934       5     0.646
    10.062       6     0.646
    16.053       5     0.646
   -24.009      19     0.646
   -28.023      20     0.646
    -8.035       5     0.647
   -38.037      19     0.647
     3.988       5     0.648
    -8.017       5     0.648
    10.062       5     0.648
   -24.009      20     0.648
     6.009       7     0.649
   -36.008       7     0.650
     0.051       5     0.651
     8.011       6     0.652
    -3.983       5     0.652
   -22.036      25     0.652
   -22.036      26     0.652
     4.055       6     0.653
    -2.030       5     0.653
     6.022       6     0.654
    -2.000       5     0.654
   -10.001       5     0.654
   -25.993       6     0.654
     8.011       5     0.655
   -22.006       5     0.655
   -28.004       6     0.655
   -33.940      20     0.655
     2.022       5     0.656
   -38.037      20     0.656
     1.987       7     0.657
     2.054       5     0.657
    -5.967       5     0.657
   -25.988      26     0.657
     6.022       5     0.659
    -0.029       5     0.659
   -28.001      26     0.659
   -35.988      20     0.659
    -4.001       5     0.660
    -0.046       5     0.662
    -1.933       5     0.662
   -25.988      25     0.662
     2.005       5     0.663
     4.055       5     0.663
    -1.950       5     0.663
    14.068       5     0.663
   -11.988       5     0.663
   -13.972       7     0.663
    16.053       6     0.664
   -23.972       6     0.664
   -24.001      26     0.664
   -24.001      25     0.665
     0.020       5     0.666
   -19.957       5     0.667
     3.958       5     0.668
   -13.954       5     0.670
   -24.006       6     0.671
   -32.000      26     0.671
   -33.940       6     0.671
   -33.940       7     0.672
    14.001       5     0.675
   -16.004       5     0.675
   -22.055      26     0.675
     1.987       5     0.676
   -18.054       5     0.676
    -3.934       7     0.679
   -26.039       6     0.679
   -10.001       6     0.680
   -11.988       6     0.680
     6.009       5     0.681
    18.025       6     0.682
   -22.006       6     0.682
    12.017       5     0.684
    10.028       5     0.686
     8.060       5     0.687
   -13.954       6     0.687
     4.038       5     0.688
    -2.030       7     0.689
   -22.041       6     0.690
     0.020       7     0.692
    12.096       5     0.692
   -19.957       6     0.692
   -16.004       6     0.693
   -34.021       7     0.693
    -8.035       6     0.694
   -18.054       6     0.695
     3.958       7     0.696
    14.001       6     0.698
   -32.037       7     0.698
   -34.031      27     0.698
   -12.069      26     0.700
   -32.037       6     0.700
     6.027       5     0.701
   -19.991       6     0.701
   -23.990       6     0.701
    10.045       5     0.703
   -21.988      27     0.703
     7.994       5     0.704
   -11.985       7     0.705
   -19.956      27     0.709
    -5.985       6     0.714
   -29.988       7     0.715
   -17.974      26     0.716
   -29.988       6     0.716
   -17.941       6     0.717
    12.096       6     0.719
   -32.056       7     0.720
   -21.941       6     0.721
   -28.023       7     0.722
   -28.023       6     0.724
    20.043       6     0.725
    -3.934       6     0.728
   -15.975       6     0.729
   -26.006      27     0.730
    16.036       6     0.731
    17.991       6     0.732
   -32.067      27     0.732
    20.060       7     0.733
   -20.038       6     0.734
   -25.974       7     0.734
   -30.007       7     0.734
    10.045       6     0.735
   -10.019       7     0.735
   -22.005      27     0.737
   -25.974       6     0.737
    -2.030       6     0.738
    20.043       7     0.738
   -13.972      26     0.738
   -26.036      26     0.740
    16.023       6     0.741
     7.994       6     0.743
   -24.009       7     0.743
   -13.988       6     0.744
    14.033       6     0.746
   -24.009       6     0.746
   -24.020      26     0.746
   -29.969      26     0.746
     2.054       7     0.747
    12.066       6     0.748
   -17.988       6     0.748
     1.987       6     0.749
     6.027       6     0.749
   -27.958       7     0.749
     0.020       6     0.750
     4.038       6     0.750
    10.014       6     0.750
    20.060       6     0.751
     8.025       6     0.753
    17.991       7     0.754
    18.008       7     0.754
   -15.975       7     0.754
   -28.067      27     0.754
     6.058       6     0.757
   -12.022       6     0.757
   -13.988       7     0.757
   -17.941       7     0.757
   -19.991       7     0.758
     4.007       6     0.759
   -25.993       7     0.760
   -16.022      26     0.761
     4.007       7     0.762
   -22.022       7     0.762
   -24.006       7     0.762
   -22.041       7     0.763
   -12.022       7     0.764
   -14.039      26     0.764
   -22.022       6     0.764
     6.058       7     0.765
    16.103       7     0.765
     2.039       6     0.766
     2.039       7     0.766
     8.025       7     0.766
    16.023       7     0.766
    14.068       6     0.767
    18.008       6     0.767
   -16.022       6     0.767
   -30.019      26     0.767
    -9.972       6     0.768
   -28.055      27     0.769
     0.051       7     0.770
    -9.972       7     0.770
    10.014       7     0.770
    12.066       7     0.770
    14.033       7     0.770
     0.051       6     0.771
   -19.972       7     0.773
   -32.000      27     0.773
    -2.000       7     0.774
   -26.006      26     0.775
    -2.000       6     0.776
   -19.972       6     0.776
    14.051       7     0.777
    -7.921       6     0.778
    -7.921       7     0.778
   -30.019      27     0.778
    -3.967       7     0.780
   -28.055      26     0.780
    -6.017       7     0.781
    -3.967       6     0.782
    -6.017       6     0.782
    16.103       6     0.782
    11.999       7     0.787
   -18.007       7     0.791
   -18.007       6     0.794
    14.051       6     0.796
   -13.972       6     0.797
   -23.987      26     0.798
    10.032       7     0.806
    12.017       6     0.809
    11.999       6     0.811
     8.043       7     0.817
   -15.957       7     0.817
   -15.957       6     0.820
   -30.036      26     0.823
   -16.005      26     0.829
    -7.969       7     0.832
    10.032       6     0.832
   -11.985       6     0.832
   -13.991       7     0.832
    10.028       6     0.835
     5.992       7     0.836
   -13.991       6     0.836
   -30.036      27     0.841
   -22.022      26     0.845
   -24.037      27     0.845
     8.043       6     0.846
   -26.019      27     0.848
   -24.054      27     0.852
   -12.003       7     0.853
     0.003       7     0.854
    -6.002       7     0.855
   -28.067      26     0.855
     4.024       7     0.860
   -10.019       6     0.860
   -12.003       6     0.860
     8.060       6     0.861
     5.992       6     0.865
    -4.014       7     0.867
   -17.987      26     0.870
    -1.964       7     0.871
   -20.036      26     0.872
   -20.023      26     0.875
     2.036       7     0.876
    -9.953       7     0.876
   -27.988      27     0.879
    -9.953       6     0.884
   -26.086      27     0.885
     6.009       6     0.886
     4.024       6     0.888
     0.069       7     0.890
    -7.969       6     0.890
    -7.987       7     0.892
   -27.988      26     0.896
     2.036       6     0.901
    -1.982       7     0.902
    -5.936       7     0.902
     3.958       6     0.903
    -7.987       6     0.903
    -4.032       7     0.906
    -6.002       6     0.909
     0.069       6     0.913
    -5.936       6     0.915
   -26.019      26     0.917
     2.054       6     0.919
    -1.982       6     0.922
    -4.014       6     0.922
    -4.032       6     0.922
   -21.988      26     0.923
     0.003       6     0.928
   -26.086      26     0.928
    -1.964       6     0.933
   -24.037      26     0.942
   -18.054      26     0.950
   -24.054      26     0.973
   -22.005      26     0.994
   -19.956      26     1.000
