   0.00000000      0.252619028      0.221000001      0.537999988    
   2.00000000      0.256904751      0.219999999      0.518000007    
   4.00000000      0.250857145      0.229000002      0.486999989    
   6.00000000      0.239333332      0.236000001      0.435000002    
   8.00000000      0.224190488      0.216000006      0.472999990    
   10.0000000      0.207904771      0.200000003      0.495000005    
   12.0000000      0.204380944      0.187000006      0.546999991    
   14.0000000      0.209142849      0.202999994      0.575999975    
   16.0000000      0.215666652      0.165000007      0.589999974    
   18.0000000      0.224571452      0.149000004      0.592999995    
   20.0000000      0.221809521      0.160999998      0.589999974    
   22.0000000      0.217285722      0.157000005      0.582000017    
   24.0000000      0.216190472      0.144999996      0.592000008    
   26.0000000      0.221000016      0.187999994      0.596000016    
   28.0000000      0.236095265      0.250999987      0.620000005    
   30.0000000      0.250761896      0.252999991      0.657000005    
   32.0000000      0.268333346      0.275000006      0.683000028    
   34.0000000      0.274000019      0.252000004      0.708000004    
   36.0000000      0.274047613      0.232999995      0.717999995    
   38.0000000      0.270190477      0.246999994      0.722999990    
   40.0000000      0.261142850      0.230000004      0.714999974    
   42.0000000      0.247761905      0.199000001      0.689000010    
   44.0000000      0.237952366      0.177000001      0.658999979    
   46.0000000      0.217571437      0.147000000      0.617999971    
   48.0000000      0.191619053      0.112000003      0.561999977    
   50.0000000      0.168190464      0.100000001      0.488000005    
   52.0000000      0.156809524       9.70000029E-02  0.405999988    
   54.0000000      0.162380949      0.127000004      0.365000010    
   56.0000000      0.167999998      0.137999997      0.361000001    
   58.0000000      0.179333329      0.149000004      0.337000012    
   60.0000000      0.183333337      0.160999998      0.349999994    
   62.0000000      0.188809514      0.159999996      0.360000014    
   64.0000000      0.193523809      0.174999997      0.368000001    
   66.0000000      0.218095228      0.202000007      0.405999988    
   68.0000000      0.240619063      0.216000006      0.425999999    
   70.0000000      0.261761904      0.216999993      0.430999994    
   72.0000000      0.279142827      0.240999997      0.460999995    
   74.0000000      0.294285715      0.261999995      0.509999990    
   76.0000000      0.299666673      0.275999993      0.532000005    
   78.0000000      0.299809545      0.291000009      0.544000030    
