   0.00000000      0.140380964      0.115999997      0.342000008    
   2.00000000      0.144619033      0.118000001      0.312000006    
   4.00000000      0.158428565      0.127000004      0.354000002    
   6.00000000      0.169428557      0.128000006      0.384999990    
   8.00000000      0.172857150      0.128999993      0.393999994    
   10.0000000      0.170285702      0.123000003      0.439999998    
   12.0000000      0.159999996      0.112000003      0.428999990    
   14.0000000      0.148666680      0.127000004      0.393000007    
   16.0000000      0.140142873      0.122000001      0.280999988    
   18.0000000      0.139809534       8.90000015E-02  0.363999993    
   20.0000000      0.142380983       8.29999968E-02  0.349999994    
   22.0000000      0.145285726       8.79999995E-02  0.384000003    
   24.0000000      0.143761903       7.19999969E-02  0.365999997    
   26.0000000      0.138809532       7.40000010E-02  0.360000014    
   28.0000000      0.131904766       6.70000017E-02  0.337000012    
   30.0000000      0.124857143       8.10000002E-02  0.308999985    
   32.0000000      0.116904773       8.50000009E-02  0.284000009    
   34.0000000      0.115999997      0.108000003      0.263999999    
   36.0000000      0.113857143      0.107000001      0.238999993    
   38.0000000      0.115619048      0.112999998      0.228000000    
   40.0000000      0.116714299      0.119000003      0.195999995    
   42.0000000      0.116428569      0.107000001      0.177000001    
   44.0000000      0.126190469      0.128000006      0.209999993    
   46.0000000      0.136285707      0.141000003      0.240999997    
   48.0000000      0.157142848      0.150000006      0.284999996    
   50.0000000      0.182095259      0.178000003      0.314999998    
   52.0000000      0.219904765      0.192000002      0.351000011    
   54.0000000      0.255333334      0.239999995      0.361000001    
   56.0000000      0.284571469      0.300999999      0.388000011    
   58.0000000      0.326238096      0.333999991      0.472000003    
   60.0000000      0.354571432      0.361999989      0.517000020    
   62.0000000      0.373142809      0.377999991      0.535000026    
   64.0000000      0.382666677      0.425999999      0.561999977    
   66.0000000      0.378380984      0.398000002      0.564000010    
   68.0000000      0.378095210      0.412000000      0.621999979    
   70.0000000      0.397714287      0.433999985      0.656000018    
   72.0000000      0.437999994      0.439000010      0.658999979    
   74.0000000      0.476714313      0.481000006      0.698000014    
   76.0000000      0.523333311      0.501999974      0.773000002    
   78.0000000      0.565380931      0.541000009      0.841000021    
   80.0000000      0.591857135      0.570999980      0.896000028    
   82.0000000      0.610714257      0.577000022      0.927999973    
   84.0000000      0.617047668      0.589999974      0.972999990    
   86.0000000      0.614952385      0.610000014      0.994000018    
   88.0000000      0.596238077      0.574999988       1.00000000    
   90.0000000      0.566999972      0.566999972      0.949999988    
   92.0000000      0.530047596      0.538999975      0.828999996    
   94.0000000      0.505523801      0.541999996      0.836000025    
   96.0000000      0.476047605      0.524999976      0.860000014    
   98.0000000      0.457142889      0.546999991      0.884000003    
   100.000000      0.448285729      0.545000017      0.902999997    
   102.000000      0.448000014      0.465000004      0.915000021    
   104.000000      0.456523806      0.476000011      0.921999991    
   106.000000      0.458142877      0.477999985      0.933000028    
   108.000000      0.452238083      0.462000012      0.927999973    
   110.000000      0.442618996      0.439000010      0.919000030    
   112.000000      0.430666655      0.412000000      0.902999997    
   114.000000      0.421571404      0.368999988      0.885999978    
   116.000000      0.410333365      0.289999992      0.861000001    
   118.000000      0.403571486      0.293000013      0.834999979    
   120.000000      0.391476184      0.263000011      0.810999990    
   122.000000      0.382476211      0.256000012      0.796000004    
   124.000000      0.371809512      0.250000000      0.782000005    
   126.000000      0.357857168      0.247999996      0.767000020    
   128.000000      0.334523797      0.244000003      0.750999987    
