   104.262    31.926    33.161    54.000     0.003       6      12     0.0    40.0
   104.247    31.913    33.161    54.000     0.001       6      10     2.0    40.0
   104.233    31.900    33.161    54.000     0.001      14      37     4.0    40.0
   104.218    31.887    33.161    54.000     0.001      15      37     6.0    40.0
   104.203    31.874    33.161    54.000     0.001      10      37     8.0    40.0
   104.189    31.861    33.161    54.000     0.001      11      37    10.0    40.0
   104.174    31.848    33.161    54.000     0.000      11      37    12.0    40.0
   104.159    31.835    33.161    54.000     0.000       1       1    14.0    40.0
   104.145    31.822    33.161    54.000     0.000       1       1    16.0    40.0
   104.130    31.809    33.161    54.000     0.001      20      30    18.0    40.0
   104.115    31.796    33.161    54.000     0.001      20      28    20.0    40.0
   104.101    31.783    33.161    54.000     0.001      20      23    22.0    40.0
   104.086    31.770    33.161    54.000     0.004      13       1    24.0    40.0
   104.071    31.757    33.161    54.000     0.010      14       1    26.0    40.0
   104.271    31.919    31.543    54.000     0.004      10      37     0.0    38.0
   104.256    31.906    31.543    54.000     0.004       8      35     2.0    38.0
   104.242    31.893    31.543    54.000     0.005       6      35     4.0    38.0
   104.227    31.880    31.543    54.000     0.005       5      35     6.0    38.0
   104.212    31.867    31.543    54.000     0.003       5      35     8.0    38.0
   104.198    31.854    31.543    54.000     0.001      20       8    10.0    38.0
   104.183    31.841    31.543    54.000     0.001      19       8    12.0    38.0
   104.168    31.828    31.543    54.000     0.002      20       8    14.0    38.0
   104.154    31.815    31.543    54.000     0.002      20       8    16.0    38.0
   104.139    31.802    31.543    54.000     0.003      19      17    18.0    38.0
   104.124    31.789    31.543    54.000     0.004      19      15    20.0    38.0
   104.110    31.776    31.543    54.000     0.006       5       1    22.0    38.0
   104.095    31.763    31.543    54.000     0.008       5       1    24.0    38.0
   104.080    31.750    31.543    54.000     0.010       3       1    26.0    38.0
   104.280    31.911    29.925    54.000     0.013       9      34     0.0    36.0
   104.265    31.898    29.925    54.000     0.011       5      35     2.0    36.0
   104.251    31.885    29.925    54.000     0.011       4      34     4.0    36.0
   104.236    31.872    29.925    54.000     0.010       3      34     6.0    36.0
   104.221    31.859    29.925    54.000     0.009      17      21     8.0    36.0
   104.207    31.846    29.925    54.000     0.012      17      21    10.0    36.0
   104.192    31.833    29.925    54.000     0.010      18       8    12.0    36.0
   104.177    31.820    29.925    54.000     0.016      20       8    14.0    36.0
   104.163    31.807    29.925    54.000     0.017      13      11    16.0    36.0
   104.148    31.794    29.925    54.000     0.021      10      10    18.0    36.0
   104.133    31.781    29.925    54.000     0.024      10      10    20.0    36.0
   104.119    31.768    29.925    54.000     0.028       9       7    22.0    36.0
   104.104    31.755    29.925    54.000     0.032       7       5    24.0    36.0
   104.089    31.742    29.925    54.000     0.039       8       5    26.0    36.0
   104.289    31.904    28.307    54.000     0.012       7      35     0.0    34.0
   104.274    31.891    28.307    54.000     0.016      20      10     2.0    34.0
   104.260    31.878    28.307    54.000     0.024      20      10     4.0    34.0
   104.245    31.865    28.307    54.000     0.025      14      15     6.0    34.0
   104.230    31.852    28.307    54.000     0.037      19      11     8.0    34.0
   104.216    31.839    28.307    54.000     0.053      19      13    10.0    34.0
   104.201    31.826    28.307    54.000     0.067      17      13    12.0    34.0
   104.186    31.813    28.307    54.000     0.072      18      14    14.0    34.0
   104.172    31.800    28.307    54.000     0.080      19      13    16.0    34.0
   104.157    31.787    28.307    54.000     0.083      13      11    18.0    34.0
   104.142    31.774    28.307    54.000     0.097      14      11    20.0    34.0
   104.128    31.761    28.307    54.000     0.099      13      10    22.0    34.0
   104.113    31.748    28.307    54.000     0.097      12      10    24.0    34.0
   104.098    31.735    28.307    54.000     0.096      11       6    26.0    34.0
   104.298    31.896    26.689    54.000     0.071      13       9     0.0    32.0
   104.283    31.884    26.689    54.000     0.072      20       9     2.0    32.0
   104.269    31.871    26.689    54.000     0.099      17      10     4.0    32.0
   104.254    31.858    26.689    54.000     0.120      18       7     6.0    32.0
   104.239    31.845    26.689    54.000     0.147      16       7     8.0    32.0
   104.224    31.832    26.689    54.000     0.162      15       8    10.0    32.0
   104.210    31.819    26.689    54.000     0.166      16       8    12.0    32.0
   104.195    31.806    26.689    54.000     0.178      12       8    14.0    32.0
   104.180    31.793    26.689    54.000     0.187       7       7    16.0    32.0
   104.166    31.780    26.689    54.000     0.200       9       7    18.0    32.0
   104.151    31.767    26.689    54.000     0.208       8       9    20.0    32.0
   104.137    31.754    26.689    54.000     0.202       9       9    22.0    32.0
   104.122    31.741    26.689    54.000     0.188      10       9    24.0    32.0
   104.107    31.728    26.689    54.000     0.146      12       9    26.0    32.0
   104.307    31.889    25.071    54.000     0.159      16       8     0.0    30.0
   104.292    31.876    25.071    54.000     0.190      13       7     2.0    30.0
   104.277    31.863    25.071    54.000     0.212      11       8     4.0    30.0
   104.263    31.850    25.071    54.000     0.250      10       8     6.0    30.0
   104.248    31.837    25.071    54.000     0.299      10      12     8.0    30.0
   104.233    31.824    25.071    54.000     0.328       8      14    10.0    30.0
   104.219    31.811    25.071    54.000     0.345       7      14    12.0    30.0
   104.204    31.798    25.071    54.000     0.352       6      14    14.0    30.0
   104.189    31.785    25.071    54.000     0.334       4      13    16.0    30.0
   104.175    31.772    25.071    54.000     0.294       5      14    18.0    30.0
   104.160    31.759    25.071    54.000     0.277       8      17    20.0    30.0
   104.145    31.746    25.071    54.000     0.228       9      14    22.0    30.0
   104.131    31.733    25.071    54.000     0.154       7      19    24.0    30.0
   104.116    31.720    25.071    54.000     0.123       4      20    26.0    30.0
   104.316    31.882    23.452    54.000     0.225      12       8     0.0    28.0
   104.301    31.869    23.452    54.000     0.268      11      11     2.0    28.0
   104.286    31.856    23.452    54.000     0.331       9      11     4.0    28.0
   104.272    31.843    23.452    54.000     0.389      10      11     6.0    28.0
   104.257    31.830    23.452    54.000     0.420       9      11     8.0    28.0
   104.242    31.817    23.452    54.000     0.425       8      12    10.0    28.0
   104.228    31.804    23.452    54.000     0.419       7      12    12.0    28.0
   104.213    31.791    23.452    54.000     0.386       8      13    14.0    28.0
   104.198    31.778    23.452    54.000     0.320       5      18    16.0    28.0
   104.184    31.765    23.452    54.000     0.296       5      17    18.0    28.0
   104.169    31.752    23.452    54.000     0.258       3      20    20.0    28.0
   104.154    31.739    23.452    54.000     0.180       1      18    22.0    28.0
   104.140    31.726    23.452    54.000     0.150       1      22    24.0    28.0
   104.125    31.713    23.452    54.000     0.112       1      22    26.0    28.0
   104.325    31.874    21.834    54.000     0.142       8      13     0.0    26.0
   104.310    31.861    21.834    54.000     0.177      10       9     2.0    26.0
   104.295    31.848    21.834    54.000     0.235       7      11     4.0    26.0
   104.281    31.835    21.834    54.000     0.266       7      11     6.0    26.0
   104.266    31.823    21.834    54.000     0.267       7      11     8.0    26.0
   104.251    31.810    21.834    54.000     0.249       8       9    10.0    26.0
   104.237    31.797    21.834    54.000     0.220       7      12    12.0    26.0
   104.222    31.784    21.834    54.000     0.215       2      15    14.0    26.0
   104.207    31.771    21.834    54.000     0.207       2      14    16.0    26.0
   104.193    31.758    21.834    54.000     0.175       1      18    18.0    26.0
   104.178    31.745    21.834    54.000     0.141       1      18    20.0    26.0
   104.163    31.732    21.834    54.000     0.126       1      21    22.0    26.0
   104.149    31.719    21.834    54.000     0.108       1      24    24.0    26.0
   104.134    31.706    21.834    54.000     0.074       1      24    26.0    26.0
   104.334    31.867    20.216    54.000     0.072       3      14     0.0    24.0
   104.319    31.854    20.216    54.000     0.114       4      14     2.0    24.0
   104.304    31.841    20.216    54.000     0.145       1      20     4.0    24.0
   104.290    31.828    20.216    54.000     0.181       1      17     6.0    24.0
   104.275    31.815    20.216    54.000     0.193       2      18     8.0    24.0
   104.260    31.802    20.216    54.000     0.190       1      15    10.0    24.0
   104.246    31.789    20.216    54.000     0.189       1      14    12.0    24.0
   104.231    31.776    20.216    54.000     0.162       1      15    14.0    24.0
   104.216    31.763    20.216    54.000     0.136       1      15    16.0    24.0
   104.202    31.750    20.216    54.000     0.123       1      14    18.0    24.0
   104.187    31.737    20.216    54.000     0.098       1      11    20.0    24.0
   104.172    31.724    20.216    54.000     0.074       1      17    22.0    24.0
   104.158    31.711    20.216    54.000     0.069       1      16    24.0    24.0
   104.143    31.698    20.216    54.000     0.063       1      14    26.0    24.0
   104.343    31.860    18.598    54.000     0.038       1       9     0.0    22.0
   104.328    31.847    18.598    54.000     0.051       1      21     2.0    22.0
   104.313    31.834    18.598    54.000     0.095       1      20     4.0    22.0
   104.298    31.821    18.598    54.000     0.117       1      21     6.0    22.0
   104.284    31.808    18.598    54.000     0.088       1      15     8.0    22.0
   104.269    31.795    18.598    54.000     0.095       1      18    10.0    22.0
   104.254    31.782    18.598    54.000     0.100       1      16    12.0    22.0
   104.240    31.769    18.598    54.000     0.083       1      15    14.0    22.0
   104.225    31.756    18.598    54.000     0.069       1      14    16.0    22.0
   104.210    31.743    18.598    54.000     0.049       1      18    18.0    22.0
   104.196    31.730    18.598    54.000     0.031       1      20    20.0    22.0
   104.181    31.717    18.598    54.000     0.025       7      37    22.0    22.0
   104.167    31.704    18.598    54.000     0.026       5      37    24.0    22.0
   104.152    31.691    18.598    54.000     0.026       8      37    26.0    22.0
   104.351    31.852    16.980    54.000     0.034       1      18     0.0    20.0
   104.337    31.839    16.980    54.000     0.035       1      20     2.0    20.0
   104.322    31.826    16.980    54.000     0.039       1      14     4.0    20.0
   104.307    31.813    16.980    54.000     0.041       1      20     6.0    20.0
   104.293    31.800    16.980    54.000     0.045       1      17     8.0    20.0
   104.278    31.787    16.980    54.000     0.046       1      14    10.0    20.0
   104.263    31.774    16.980    54.000     0.030       1      13    12.0    20.0
   104.249    31.761    16.980    54.000     0.017       1      14    14.0    20.0
   104.234    31.749    16.980    54.000     0.010       1      35    16.0    20.0
   104.219    31.736    16.980    54.000     0.013       5      37    18.0    20.0
   104.205    31.723    16.980    54.000     0.021       6      36    20.0    20.0
   104.190    31.710    16.980    54.000     0.024       3      37    22.0    20.0
   104.175    31.697    16.980    54.000     0.041       2      37    24.0    20.0
   104.161    31.684    16.980    54.000     0.053       4      36    26.0    20.0
   104.360    31.845    15.362    54.000     0.016       1       8     0.0    18.0
   104.346    31.832    15.362    54.000     0.015       1      12     2.0    18.0
   104.331    31.819    15.362    54.000     0.020       1      13     4.0    18.0
   104.316    31.806    15.362    54.000     0.013       1      19     6.0    18.0
   104.302    31.793    15.362    54.000     0.012       1      23     8.0    18.0
   104.287    31.780    15.362    54.000     0.011       1      27    10.0    18.0
   104.272    31.767    15.362    54.000     0.005       1      24    12.0    18.0
   104.258    31.754    15.362    54.000     0.006       1      36    14.0    18.0
   104.243    31.741    15.362    54.000     0.010       1      36    16.0    18.0
   104.228    31.728    15.362    54.000     0.017       2      36    18.0    18.0
   104.214    31.715    15.362    54.000     0.015       1      36    20.0    18.0
   104.199    31.702    15.362    54.000     0.022       1      36    22.0    18.0
   104.184    31.689    15.362    54.000     0.034       2      36    24.0    18.0
   104.170    31.676    15.362    54.000     0.040       1      36    26.0    18.0
   104.369    31.838    13.744    54.000     0.002      17      37     0.0    16.0
   104.355    31.825    13.744    54.000     0.003      16      37     2.0    16.0
   104.340    31.812    13.744    54.000     0.003      20      37     4.0    16.0
   104.325    31.799    13.744    54.000     0.003      18      37     6.0    16.0
   104.311    31.786    13.744    54.000     0.002      18      37     8.0    16.0
   104.296    31.773    13.744    54.000     0.002       7      37    10.0    16.0
   104.281    31.760    13.744    54.000     0.002      11      37    12.0    16.0
   104.267    31.747    13.744    54.000     0.002      10      37    14.0    16.0
   104.252    31.734    13.744    54.000     0.003       1      37    16.0    16.0
   104.237    31.721    13.744    54.000     0.007       2      37    18.0    16.0
   104.223    31.708    13.744    54.000     0.013       4      36    20.0    16.0
   104.208    31.695    13.744    54.000     0.014       3      37    22.0    16.0
   104.193    31.682    13.744    54.000     0.014       1      37    24.0    16.0
   104.179    31.669    13.744    54.000     0.015       1      37    26.0    16.0
   104.378    31.830    12.126    54.000     0.002      18      36     0.0    14.0
   104.364    31.817    12.126    54.000     0.001      16      36     2.0    14.0
   104.349    31.804    12.126    54.000     0.001      20      36     4.0    14.0
   104.334    31.791    12.126    54.000     0.001      18      36     6.0    14.0
   104.320    31.778    12.126    54.000     0.001      11      37     8.0    14.0
   104.305    31.765    12.126    54.000     0.001      13      37    10.0    14.0
   104.290    31.752    12.126    54.000     0.001      11      37    12.0    14.0
   104.275    31.739    12.126    54.000     0.000      10      37    14.0    14.0
   104.261    31.726    12.126    54.000     0.001       1      37    16.0    14.0
   104.246    31.713    12.126    54.000     0.003       1      37    18.0    14.0
   104.232    31.700    12.126    54.000     0.004       1      37    20.0    14.0
   104.217    31.688    12.126    54.000     0.008       1      37    22.0    14.0
   104.202    31.675    12.126    54.000     0.010       1      37    24.0    14.0
   104.188    31.662    12.126    54.000     0.011       1      37    26.0    14.0
   104.387    31.823    10.508    54.000     0.006      20      36     0.0    12.0
   104.372    31.810    10.508    54.000     0.002      19      36     2.0    12.0
   104.358    31.797    10.508    54.000     0.001      17      36     4.0    12.0
   104.343    31.784    10.508    54.000     0.000      17      36     6.0    12.0
   104.328    31.771    10.508    54.000     0.000      20       5     8.0    12.0
   104.314    31.758    10.508    54.000     0.001      19       6    10.0    12.0
   104.299    31.745    10.508    54.000     0.001      20       6    12.0    12.0
   104.284    31.732    10.508    54.000     0.001      20       5    14.0    12.0
   104.270    31.719    10.508    54.000     0.002      20       7    16.0    12.0
   104.255    31.706    10.508    54.000     0.003      20       7    18.0    12.0
   104.240    31.693    10.508    54.000     0.007      20       4    20.0    12.0
   104.226    31.680    10.508    54.000     0.011      20       5    22.0    12.0
   104.211    31.667    10.508    54.000     0.020      20       4    24.0    12.0
   104.197    31.654    10.508    54.000     0.018      20       4    26.0    12.0
   104.396    31.815     8.890    54.000     0.021      20      33     0.0    10.0
   104.381    31.802     8.890    54.000     0.019      20      33     2.0    10.0
   104.367    31.789     8.890    54.000     0.009      20      32     4.0    10.0
   104.352    31.777     8.890    54.000     0.005      20       3     6.0    10.0
   104.337    31.764     8.890    54.000     0.009      20       6     8.0    10.0
   104.323    31.751     8.890    54.000     0.009      20       5    10.0    10.0
   104.308    31.738     8.890    54.000     0.013      20       5    12.0    10.0
   104.293    31.725     8.890    54.000     0.014      19       3    14.0    10.0
   104.279    31.712     8.890    54.000     0.020      20       3    16.0    10.0
   104.264    31.699     8.890    54.000     0.028      20       3    18.0    10.0
   104.249    31.686     8.890    54.000     0.026      20       3    20.0    10.0
   104.235    31.673     8.890    54.000     0.021      19       3    22.0    10.0
   104.220    31.660     8.890    54.000     0.023      18       3    24.0    10.0
   104.205    31.647     8.890    54.000     0.018      20       3    26.0    10.0
   104.405    31.808     7.272    54.000     0.063      20      29     0.0     8.0
   104.390    31.795     7.272    54.000     0.053      20      30     2.0     8.0
   104.376    31.782     7.272    54.000     0.036      20      31     4.0     8.0
   104.361    31.769     7.272    54.000     0.027      20      28     6.0     8.0
   104.346    31.756     7.272    54.000     0.021      20      11     8.0     8.0
   104.332    31.743     7.272    54.000     0.018      20       8    10.0     8.0
   104.317    31.730     7.272    54.000     0.021      20       9    12.0     8.0
   104.302    31.717     7.272    54.000     0.024      20       7    14.0     8.0
   104.288    31.704     7.272    54.000     0.020      20       3    16.0     8.0
   104.273    31.691     7.272    54.000     0.015      20       3    18.0     8.0
   104.258    31.678     7.272    54.000     0.014      20       2    20.0     8.0
   104.244    31.665     7.272    54.000     0.011      20       2    22.0     8.0
   104.229    31.652     7.272    54.000     0.013      20       2    24.0     8.0
   104.214    31.639     7.272    54.000     0.013      20       2    26.0     8.0
   104.414    31.801     5.654    54.000     0.131      20      26     0.0     6.0
   104.399    31.788     5.654    54.000     0.091      20      26     2.0     6.0
   104.385    31.775     5.654    54.000     0.076      20      23     4.0     6.0
   104.370    31.762     5.654    54.000     0.058      20      25     6.0     6.0
   104.355    31.749     5.654    54.000     0.044      20      28     8.0     6.0
   104.341    31.736     5.654    54.000     0.026      20       7    10.0     6.0
   104.326    31.723     5.654    54.000     0.023      20       7    12.0     6.0
   104.311    31.710     5.654    54.000     0.014      19       7    14.0     6.0
   104.297    31.697     5.654    54.000     0.010      20       4    16.0     6.0
   104.282    31.684     5.654    54.000     0.007      18       4    18.0     6.0
   104.267    31.671     5.654    54.000     0.007      15       2    20.0     6.0
   104.253    31.658     5.654    54.000     0.007      14       2    22.0     6.0
   104.238    31.645     5.654    54.000     0.003      16       2    24.0     6.0
   104.223    31.632     5.654    54.000     0.003      19       2    26.0     6.0
   104.423    31.793     4.036    54.000     0.054      20      21     0.0     4.0
   104.408    31.780     4.036    54.000     0.065      20      29     2.0     4.0
   104.393    31.767     4.036    54.000     0.061      20      29     4.0     4.0
   104.379    31.754     4.036    54.000     0.044      20      29     6.0     4.0
   104.364    31.741     4.036    54.000     0.029      20      31     8.0     4.0
   104.349    31.728     4.036    54.000     0.016      20      33    10.0     4.0
   104.335    31.716     4.036    54.000     0.012      20      31    12.0     4.0
   104.320    31.703     4.036    54.000     0.013       5       1    14.0     4.0
   104.305    31.690     4.036    54.000     0.020       6       1    16.0     4.0
   104.291    31.677     4.036    54.000     0.027       3       1    18.0     4.0
   104.276    31.664     4.036    54.000     0.040       4       1    20.0     4.0
   104.261    31.651     4.036    54.000     0.041       4       1    22.0     4.0
   104.247    31.638     4.036    54.000     0.043       4       1    24.0     4.0
   104.232    31.625     4.036    54.000     0.050       7       1    26.0     4.0
   104.432    31.786     2.418    54.000     0.010      20      20     0.0     2.0
   104.417    31.773     2.418    54.000     0.012      20      25     2.0     2.0
   104.402    31.760     2.418    54.000     0.012      20      27     4.0     2.0
   104.388    31.747     2.418    54.000     0.012      20      28     6.0     2.0
   104.373    31.734     2.418    54.000     0.009      20      30     8.0     2.0
   104.358    31.721     2.418    54.000     0.007      10       1    10.0     2.0
   104.344    31.708     2.418    54.000     0.008       7       1    12.0     2.0
   104.329    31.695     2.418    54.000     0.011       9       1    14.0     2.0
   104.314    31.682     2.418    54.000     0.013      10       1    16.0     2.0
   104.300    31.669     2.418    54.000     0.015      10       1    18.0     2.0
   104.285    31.656     2.418    54.000     0.021       9       1    20.0     2.0
   104.270    31.643     2.418    54.000     0.024      11       1    22.0     2.0
   104.256    31.630     2.418    54.000     0.025      10       1    24.0     2.0
   104.241    31.617     2.418    54.000     0.025      16       1    26.0     2.0
   104.441    31.779     0.800    54.000     0.000       5       1     0.0     0.0
   104.426    31.766     0.800    54.000     0.001       5       1     2.0     0.0
   104.411    31.753     0.800    54.000     0.004       4       1     4.0     0.0
   104.397    31.740     0.800    54.000     0.008       3       1     6.0     0.0
   104.382    31.727     0.800    54.000     0.017       4       1     8.0     0.0
   104.367    31.714     0.800    54.000     0.022       4       1    10.0     0.0
   104.353    31.701     0.800    54.000     0.025       3       1    12.0     0.0
   104.338    31.688     0.800    54.000     0.034       5       1    14.0     0.0
   104.323    31.675     0.800    54.000     0.036       4       1    16.0     0.0
   104.309    31.662     0.800    54.000     0.037       5       1    18.0     0.0
   104.294    31.649     0.800    54.000     0.039       4       1    20.0     0.0
   104.279    31.636     0.800    54.000     0.038       3       1    22.0     0.0
   104.265    31.623     0.800    54.000     0.028       2       1    24.0     0.0
   104.250    31.610     0.800    54.000     0.021       1       1    26.0     0.0
