   0.00000000      0.180095226      0.175999999      0.266999990    
   2.00000000      0.188190490      0.187000006      0.268000007    
   4.00000000      0.208190486      0.207000002      0.331000000    
   6.00000000      0.225999996      0.200000003      0.388999999    
   8.00000000      0.230952382      0.207000002      0.419999987    
   10.0000000      0.230095223      0.218999997      0.425000012    
   12.0000000      0.231666684      0.210999995      0.419000000    
   14.0000000      0.222761929      0.208000004      0.386000007    
   16.0000000      0.210857138      0.206000000      0.375999987    
   18.0000000      0.197380945      0.191000000      0.333000004    
   20.0000000      0.183857143      0.172000006      0.308999985    
   22.0000000      0.182238102      0.164000005      0.351999998    
   24.0000000      0.173047617      0.158000007      0.370999992    
   26.0000000      0.175285727      0.137999997      0.375000000    
