   -41.968      11     0.300
   -56.059      19     0.300
   -78.062      24     0.300
   -86.033      24     0.300
   -96.048      30     0.300
  -158.145      52     0.300
  -192.100      76     0.300
   -34.053      19     0.301
   -38.030      16     0.301
   -40.066      11     0.301
   -42.027      14     0.301
   -98.009      30     0.301
   -65.972      24     0.302
   -94.111      30     0.302
  -258.007      87     0.302
    -8.004       1     0.303
   -38.018      11     0.303
   -42.025      15     0.303
   -42.029      18     0.303
   -48.047      11     0.303
   -52.081      18     0.303
   -88.018      31     0.303
   -88.062      31     0.303
  -100.086      39     0.303
  -112.057      39     0.303
   -27.989      15     0.304
   -36.022      15     0.304
   -50.067      17     0.304
  -156.127      52     0.304
  -220.069      72     0.304
   -36.048      16     0.305
   -38.002      18     0.305
   -40.060      21     0.305
   -96.069      29     0.305
  -138.115      45     0.305
  -160.096      45     0.305
  -194.076      77     0.305
   -39.979      20     0.306
   -92.023      31     0.306
  -152.041      62     0.306
  -164.091      48     0.306
  -166.109      54     0.306
  -240.043      88     0.306
   -36.090      14     0.307
   -39.979      13     0.307
   -90.082      29     0.307
  -152.103      62     0.307
  -158.056      62     0.307
  -160.056      62     0.307
  -166.069      53     0.307
   -40.101      14     0.308
   -46.044      14     0.308
  -267.987      88     0.308
   -48.085      20     0.309
  -158.099      45     0.309
  -166.108      48     0.309
  -210.134      73     0.309
  -220.128      73     0.309
   -26.021      15     0.310
   -42.045      16     0.310
   -46.038      13     0.310
   -47.987      18     0.310
  -156.060      62     0.310
  -258.007      88     0.310
  -276.061      92     0.310
   -50.049      21     0.311
  -130.115      45     0.311
  -154.103      45     0.311
  -160.117      45     0.311
  -206.130      66     0.311
   -36.026      15     0.312
   -36.096      17     0.312
   -46.056      21     0.312
   -58.053      17     0.312
  -184.139      76     0.312
  -281.995      92     0.312
   -38.001      15     0.313
   -42.062      12     0.313
  -148.087      53     0.313
  -192.122      76     0.313
  -158.099      62     0.314
  -186.093      76     0.314
   -34.043      15     0.315
   -35.988      16     0.315
   -36.096      21     0.315
   -52.039      10     0.315
  -156.060      45     0.315
  -184.139      77     0.315
  -260.041      87     0.315
   -34.086      12     0.316
   -37.928      15     0.316
   -39.976      15     0.316
   -84.094      30     0.316
  -114.100      39     0.316
  -162.114      47     0.316
  -260.020      87     0.316
  -106.067      38     0.317
  -118.072      39     0.317
  -158.056      48     0.317
  -182.102      57     0.317
  -188.109      76     0.317
  -190.146      76     0.317
  -262.054      88     0.317
  -268.015      88     0.317
   -42.027      13     0.318
   -90.062      31     0.318
   -94.087      30     0.318
  -116.058      39     0.318
  -154.081      45     0.318
  -156.079      47     0.318
  -182.102      66     0.318
  -261.991      87     0.318
   -54.079      18     0.319
   -56.025      18     0.319
   -88.037      29     0.319
  -142.092      45     0.319
  -152.125      62     0.319
  -154.060      62     0.319
  -156.100      62     0.319
  -192.122      77     0.319
  -250.002      87     0.319
   -27.958      15     0.320
  -252.016      88     0.320
     8.023       1     0.321
   -38.012      16     0.321
   -44.074      13     0.321
   -44.076      18     0.321
   -49.974      16     0.321
   -78.022      30     0.321
   -88.037      30     0.321
  -108.027      38     0.321
  -166.069      62     0.321
  -182.123      58     0.321
  -194.137      77     0.321
   -47.987      17     0.322
   -78.067      30     0.322
  -166.130      62     0.322
  -266.037      88     0.322
  -285.952      98     0.322
   -38.018      12     0.323
   -40.060      16     0.323
   -60.134      19     0.323
   -94.025      29     0.323
  -110.070      38     0.323
  -126.071      45     0.323
  -184.056      77     0.323
  -284.033      98     0.323
   -46.018      15     0.324
   -50.049      18     0.324
   -38.018      13     0.325
   -38.030      17     0.325
   -42.045      21     0.325
   -44.009      21     0.325
   -44.048      15     0.325
  -186.094      76     0.325
  -190.085      76     0.325
  -250.002      88     0.325
  -272.080      92     0.325
   -46.039      18     0.326
   -52.050      13     0.326
   -60.037      19     0.326
  -241.995      87     0.326
  -260.041      88     0.326
   -38.070      15     0.327
   -88.057      29     0.327
  -212.029      72     0.327
   -38.054      19     0.328
   -40.033      15     0.328
   -54.024      16     0.328
  -188.131      76     0.328
   -44.057      21     0.329
   -52.033      13     0.329
   -92.043      30     0.329
   -31.992      15     0.330
   -48.085      18     0.330
   -64.034      24     0.330
   -96.049      30     0.330
  -136.073      45     0.330
  -239.987      88     0.330
  -274.029      92     0.330
  -287.985      98     0.330
   -33.940      11     0.331
   -90.082      30     0.331
  -264.024      88     0.331
   -36.015      15     0.332
   -50.070      12     0.332
  -102.111      39     0.332
  -162.052      48     0.332
  -186.094      77     0.332
  -190.085      77     0.332
   -29.954      15     0.333
   -33.940      10     0.333
  -104.135      39     0.333
  -182.101      66     0.333
   -40.028      12     0.334
  -132.073      45     0.334
  -162.081      52     0.334
  -261.991      88     0.334
   -36.117      19     0.335
   -90.019      29     0.335
  -166.091      53     0.335
  -188.131      77     0.335
  -218.029      73     0.335
  -266.010      87     0.335
  -296.004      98     0.335
   -42.013      15     0.336
   -46.104      14     0.336
   -50.034      18     0.336
  -156.079      48     0.336
  -160.095      48     0.336
  -182.101      65     0.336
   -30.053      10     0.337
  -192.100      77     0.337
  -242.022      87     0.337
   -92.063      29     0.338
  -158.084      52     0.338
  -168.168      57     0.338
  -178.109      58     0.338
  -241.995      88     0.338
  -134.115      45     0.339
    -6.016       1     0.340
   -34.035      14     0.341
   -83.988      24     0.341
  -182.102      58     0.341
   -40.065      12     0.342
   -42.046      19     0.342
  -146.108      54     0.342
   -40.033      18     0.343
   -40.065      13     0.343
   -44.009      12     0.343
   -53.996      17     0.343
   -54.129      18     0.343
  -156.121      45     0.343
  -186.093      77     0.343
  -282.022      92     0.343
   -58.034      15     0.344
  -158.078      45     0.344
   -56.090      17     0.345
  -164.069      48     0.345
   -31.956      14     0.346
  -152.084      54     0.346
  -266.010      88     0.346
   -50.070      13     0.347
   -80.044      24     0.347
  -122.036      39     0.347
  -244.063      88     0.347
   -38.054      14     0.348
   -72.051      24     0.348
  -120.095      38     0.348
   -34.051      15     0.349
   -56.007      15     0.349
   -86.037      31     0.349
  -258.007      87     0.349
   -28.089      13     0.350
   -37.998      21     0.350
   -38.064      12     0.350
   -45.991      17     0.350
   -63.989      24     0.350
  -126.092      45     0.350
  -160.074      47     0.350
  -188.109      77     0.350
  -190.146      77     0.350
   -42.027      20     0.351
   -45.999      11     0.351
  -283.977      98     0.351
  -178.109      57     0.352
  -218.116      72     0.352
   -49.992      10     0.353
   -68.018      24     0.353
  -212.053      73     0.353
     6.056       1     0.354
   -36.090      15     0.354
   -44.074      16     0.354
   -48.086      12     0.355
   -50.034      17     0.355
   -92.067      30     0.355
  -208.122      73     0.355
  -214.065      72     0.355
  -293.974      98     0.355
   -42.029      12     0.356
  -102.127      39     0.356
   -32.021      16     0.357
  -162.155      57     0.357
   -42.029      13     0.358
   -86.055      30     0.358
   -92.087      31     0.358
  -166.130      54     0.358
  -268.012      92     0.358
   -42.009      21     0.359
  -204.132      66     0.360
  -212.088      73     0.360
   -39.965      16     0.361
   -44.053      15     0.361
  -216.018      72     0.361
  -244.029      87     0.361
  -265.982      87     0.361
   -44.027      17     0.362
   -48.086      13     0.362
  -100.086      38     0.362
   -46.038      20     0.363
    -3.966       1     0.364
   -44.076      12     0.364
  -252.036      87     0.364
  -260.020      88     0.364
  -290.016      98     0.364
   -38.078      16     0.365
   -46.039      12     0.365
   -80.050      30     0.365
   -82.088      24     0.365
  -160.116      58     0.365
   -44.076      13     0.366
   -45.999      10     0.366
  -160.137      57     0.366
  -164.091      62     0.366
  -252.036      88     0.366
     8.039       1     0.367
   -32.002      15     0.367
   -43.951      14     0.367
  -244.029      88     0.367
   -35.988      11     0.368
  -122.117      39     0.368
  -164.113      62     0.368
  -277.985      92     0.368
  -292.026      98     0.368
   -40.078      17     0.369
   -46.039      13     0.369
   -37.998      17     0.370
   -34.000      17     0.371
   -66.080      24     0.371
  -164.174      58     0.371
  -246.015      88     0.371
    -7.987       1     0.372
   -31.956      10     0.372
   -42.042      17     0.372
   -48.086      18     0.372
  -266.030      92     0.372
  -178.152      57     0.373
  -250.064      88     0.373
     4.005       1     0.374
   -48.028      14     0.374
   -48.047      16     0.374
   -48.085      17     0.374
   -54.012      19     0.374
   -96.092      30     0.374
  -265.982      88     0.375
   -26.039      15     0.376
   -35.999      12     0.377
   -43.997      14     0.377
   -48.085      21     0.377
   -90.043      31     0.377
  -160.124      52     0.377
  -162.114      48     0.377
  -242.022      88     0.377
  -244.036      87     0.377
     4.033       1     0.378
   -34.048      14     0.378
   -52.033      17     0.378
   -88.082      31     0.378
   -94.004      30     0.378
  -154.081      62     0.379
  -176.154      57     0.379
  -247.967      88     0.379
   -34.004      16     0.380
    -2.000       1     0.381
   -50.049      17     0.381
   -52.081      17     0.381
  -154.125      54     0.381
  -158.118      47     0.381
   -40.045      21     0.382
   -48.028      10     0.382
   -52.021      15     0.382
   -60.054      19     0.382
   -34.031      14     0.383
   -70.089      24     0.383
  -216.077      73     0.383
   -44.061      15     0.385
   -88.100      30     0.385
     1.955       1     0.386
   -54.044      17     0.386
  -154.081      62     0.386
  -166.091      54     0.386
     0.051       1     0.387
   -92.106      30     0.387
  -184.139      65     0.387
   -38.037      11     0.388
   -44.074      20     0.388
   -68.043      24     0.388
   -80.043      24     0.388
   -52.039      16     0.389
   -70.064      24     0.389
  -150.127      53     0.389
   -36.050      12     0.390
   -38.012      17     0.390
   -40.095      12     0.390
   -44.057      17     0.390
   -51.995      15     0.390
   -90.106      30     0.390
   -36.022      19     0.391
   -36.066      14     0.391
  -246.044      87     0.391
   -51.957      16     0.392
  -158.118      48     0.392
   -27.988      13     0.393
  -160.074      58     0.393
  -162.135      62     0.393
  -246.044      88     0.393
   -38.037      16     0.394
   -42.013      16     0.394
   -90.061      30     0.394
  -146.108      53     0.394
  -148.107      54     0.394
   -42.027      16     0.395
   -48.020      17     0.395
   -50.083      13     0.395
   -56.096      19     0.395
  -164.074      54     0.395
  -174.116      57     0.395
  -258.007      88     0.395
   -82.011      30     0.396
  -164.074      53     0.396
  -170.123      57     0.396
  -253.987      87     0.396
   -34.004      10     0.397
   -36.048      17     0.397
   -46.104      18     0.397
   -56.051      15     0.397
  -162.074      62     0.397
  -253.987      88     0.397
  -255.973      87     0.397
   -78.086      30     0.398
  -224.082      73     0.398
  -263.977      87     0.398
  -288.046      98     0.398
   -40.049      18     0.399
   -43.951      11     0.399
  -116.114      39     0.399
  -128.113      45     0.399
  -270.044      92     0.399
   -35.988      10     0.400
   -43.951      10     0.400
  -146.087      53     0.400
  -245.988      87     0.400
   -58.088      19     0.401
   -39.979      16     0.402
  -264.032      87     0.402
   -45.980      10     0.403
   -78.061      24     0.403
  -138.071      45     0.403
  -176.154      58     0.403
  -244.036      88     0.403
  -263.977      88     0.403
  -276.037      92     0.403
  -280.047      92     0.403
   -34.066      17     0.404
   -42.046      12     0.404
   -50.016      13     0.404
  -156.081      54     0.404
  -172.161      57     0.404
  -186.115      65     0.404
  -266.056      92     0.405
   -40.060      17     0.406
   -64.053      24     0.406
  -156.100      62     0.406
   -34.041      15     0.407
   -42.032      14     0.407
   -58.071      17     0.407
   -78.081      24     0.407
  -142.091      45     0.407
  -184.056      65     0.407
  -214.041      73     0.407
   -36.030      21     0.408
   -44.039      14     0.408
  -148.107      53     0.408
   -36.038      19     0.409
   -36.066      12     0.409
   -28.023      15     0.410
   -36.034      14     0.410
   -72.027      24     0.410
   -42.001      15     0.411
  -264.032      88     0.411
   -35.969      10     0.412
   -39.998      12     0.413
   -40.045      17     0.413
   -84.056      30     0.413
  -156.121      62     0.413
  -202.117      65     0.413
  -248.022      87     0.413
   -35.988      14     0.414
   -38.047      12     0.414
   -44.016      10     0.414
   -52.050      19     0.414
   -88.062      30     0.414
   -96.029      30     0.414
  -160.096      62     0.414
  -166.069      54     0.414
   -40.078      12     0.415
   -42.009      17     0.415
   -54.062      18     0.415
  -158.140      62     0.415
  -254.022      87     0.415
   -38.097      12     0.416
   -46.038      21     0.417
   -46.056      17     0.417
   -50.052      13     0.417
  -160.117      62     0.417
  -255.973      88     0.417
    -4.021       1     0.418
   -50.066      13     0.418
   -76.035      24     0.418
   -86.017      30     0.418
  -166.129      58     0.418
  -247.995      87     0.418
   -42.050      11     0.419
   -49.974      15     0.419
  -122.036      38     0.419
  -158.038      54     0.419
  -158.078      62     0.419
  -247.995      88     0.419
  -271.993      92     0.419
   -46.038      17     0.420
  -162.114      57     0.420
   -38.037      10     0.421
   -74.073      24     0.421
  -252.071      87     0.421
   -37.999      14     0.422
   -38.018      10     0.422
   -38.054      15     0.422
   -40.001      11     0.422
   -42.050      10     0.422
   -44.061      16     0.422
  -140.134      45     0.422
  -249.974      87     0.422
  -274.025      92     0.422
   -39.984      14     0.423
   -40.066      10     0.423
   -46.104      17     0.423
  -104.087      39     0.423
  -160.074      48     0.423
  -256.001      87     0.423
   -40.101      19     0.424
   -76.016      24     0.424
  -245.988      88     0.424
  -256.001      88     0.424
   -66.036      24     0.425
   -38.030      14     0.426
   -40.001      10     0.426
   -40.101      15     0.426
   -41.968      10     0.426
  -224.057      73     0.426
   -48.073      16     0.427
   -52.033      18     0.427
  -262.018      87     0.427
   -42.005      15     0.428
   -50.034      13     0.429
   -42.045      17     0.430
   -30.007      15     0.431
   -36.006      15     0.431
   -38.030      12     0.431
   -80.068      30     0.431
  -152.084      53     0.431
   -44.009      19     0.432
   -44.057      14     0.432
   -50.066      19     0.432
  -262.018      88     0.432
  -162.034      54     0.433
  -136.113      45     0.434
  -146.087      54     0.434
  -254.022      88     0.434
  -285.981      98     0.434
  -248.022      88     0.435
  -176.114      57     0.436
   -44.009      17     0.437
   -48.073      15     0.437
  -174.116      58     0.438
  -258.035      87     0.438
  -258.035      88     0.439
  -259.985      87     0.439
  -267.980      92     0.439
   -33.986      16     0.440
   -54.062      18     0.440
  -130.071      45     0.440
  -164.091      53     0.440
  -180.085      57     0.441
  -252.071      88     0.441
  -262.026      87     0.441
   -44.074      21     0.442
   -46.025      16     0.442
  -250.029      87     0.442
  -250.029      88     0.442
  -259.985      88     0.442
   -46.025      15     0.443
  -122.117      38     0.443
   -48.005      18     0.444
  -249.974      88     0.444
  -262.026      88     0.444
   -76.099      24     0.445
  -104.135      38     0.445
  -162.034      53     0.445
   -29.990      13     0.446
   -39.957      15     0.447
  -114.071      39     0.447
  -168.168      58     0.447
  -289.994      98     0.447
   -42.062      14     0.448
   -50.070      18     0.448
  -180.107      58     0.448
  -214.006      73     0.448
   -44.074      17     0.449
     6.005       1     0.450
   -54.050      19     0.451
  -160.078      54     0.451
  -164.091      54     0.451
  -210.075      73     0.451
  -279.990      92     0.452
   -38.078      21     0.454
  -172.161      58     0.454
  -222.046      73     0.455
   -36.096      14     0.457
  -202.140      65     0.457
   -34.004      14     0.458
  -170.123      58     0.458
   -50.056      16     0.459
   -66.016      24     0.459
  -154.125      53     0.459
  -180.085      58     0.459
   -45.999      16     0.460
  -106.067      39     0.460
  -204.154      66     0.460
   -42.027      21     0.461
   -56.025      17     0.461
  -180.169      57     0.461
   -40.001      16     0.462
   -67.998      24     0.462
  -150.063      54     0.462
  -251.981      88     0.462
  -286.008      98     0.462
  -251.981      87     0.463
  -278.015      92     0.463
  -204.094      66     0.464
  -120.095      39     0.465
   -36.030      17     0.466
   -38.018      19     0.466
   -39.979      21     0.466
   -46.056      19     0.467
   -52.015      18     0.467
   -28.070      15     0.468
   -42.001      19     0.468
  -260.013      87     0.468
   -48.005      17     0.470
  -260.013      88     0.470
  -150.063      53     0.471
  -160.078      53     0.471
   -80.048      30     0.473
   -94.068      30     0.473
   -55.987      15     0.474
   -74.033      24     0.474
   -74.053      24     0.475
   -50.052      18     0.476
  -184.078      66     0.476
  -112.112      39     0.477
  -156.081      53     0.477
  -216.105      73     0.477
   -40.078      14     0.479
  -254.077      88     0.479
   -58.075      19     0.480
   -82.029      30     0.480
  -254.077      87     0.480
   -37.992      15     0.481
   -70.044      24     0.481
  -128.072      45     0.481
  -220.094      73     0.481
   -35.969      16     0.482
   -48.103      19     0.482
  -158.038      53     0.482
  -108.027      39     0.483
  -148.066      54     0.483
  -268.006      92     0.483
    -5.937       1     0.484
  -146.087      53     0.484
  -257.979      87     0.484
  -257.979      88     0.484
  -291.942      98     0.484
   -42.050      16     0.485
   -94.048      30     0.485
  -160.137      58     0.485
  -256.028      88     0.485
  -297.930      98     0.485
   -42.080      18     0.486
  -148.044      54     0.486
  -256.028      87     0.486
  -270.012      92     0.486
   -72.007      24     0.487
  -164.069      57     0.487
  -138.031      45     0.489
  -162.114      58     0.489
   -36.034      16     0.491
   -42.050      14     0.491
   -48.103      13     0.491
   -54.022      15     0.491
  -106.094      39     0.491
   -52.067      19     0.492
   -68.062      24     0.492
  -218.058      73     0.492
   -42.027      17     0.493
   -52.083      18     0.493
  -102.111      38     0.493
  -110.070      39     0.493
   -38.078      17     0.495
  -132.113      45     0.495
   -44.048      19     0.496
  -297.958      98     0.496
   -37.998      14     0.497
  -288.012      98     0.497
   -54.062      17     0.498
  -276.004      92     0.498
    -2.034       1     0.499
   -72.071      24     0.499
  -126.092      45     0.499
   -39.979      17     0.500
  -202.118      65     0.500
   -50.031      15     0.501
  -294.035      98     0.501
     5.989       1     0.502
   -28.055      13     0.502
  -295.983      98     0.502
   -42.009      14     0.504
   -43.951      16     0.504
   -50.052      17     0.504
   -70.025      24     0.505
  -134.071      45     0.505
   -28.021      13     0.506
   -42.096      18     0.506
   -50.104      19     0.507
  -222.105      73     0.507
   -54.004      15     0.508
  -140.050      45     0.508
     1.983       1     0.509
    -6.004       1     0.509
   -40.045      14     0.509
  -120.140      39     0.509
  -152.103      54     0.510
  -278.042      92     0.510
  -120.140      38     0.511
  -272.023      92     0.511
   -46.095      19     0.514
   -92.023      30     0.514
  -178.130      57     0.515
  -274.055      92     0.515
   -84.074      30     0.517
  -212.029      73     0.518
   -30.036      13     0.519
  -106.094      38     0.520
  -162.052      53     0.520
   -48.058      19     0.521
   -52.015      17     0.521
   -37.999      16     0.523
   -56.042      19     0.523
  -118.136      38     0.524
  -130.031      45     0.524
   -28.004      15     0.526
   -28.038      13     0.526
  -148.066      53     0.526
    -4.033       1     0.527
   -32.056      15     0.527
  -136.072      45     0.527
  -162.052      54     0.527
   -45.980      14     0.528
  -186.093      65     0.528
  -162.155      58     0.530
   -49.992      16     0.531
   -82.093      30     0.531
   -58.071      19     0.532
  -296.011      98     0.532
   -42.058      14     0.533
  -270.018      92     0.533
   -50.037      18     0.535
   -48.005      13     0.536
   -90.062      30     0.536
  -102.046      38     0.536
  -154.060      54     0.536
   -44.064      18     0.537
  -287.956      98     0.537
   -92.087      30     0.538
     4.022       1     0.539
   -38.018      16     0.539
   -86.119      30     0.539
  -102.046      39     0.539
  -184.056      66     0.539
     0.016       1     0.540
   -29.972      15     0.540
   -35.999      14     0.540
   -46.056      13     0.540
  -290.022      98     0.540
   -38.037      14     0.541
   -38.070      19     0.542
   -88.018      30     0.542
  -164.111      57     0.542
  -166.108      57     0.542
  -158.056      54     0.543
  -162.093      57     0.543
   -40.001      14     0.544
   -44.059      18     0.545
  -132.072      45     0.546
  -156.100      54     0.546
   -48.008      16     0.547
  -134.031      45     0.547
   -39.984      16     0.549
  -174.159      57     0.549
  -220.069      73     0.550
  -276.010      92     0.550
  -152.103      53     0.551
  -294.000      98     0.552
   -36.017      14     0.554
   -46.027      18     0.554
  -200.104      65     0.554
   -38.002      19     0.555
    -1.983       1     0.556
  -214.065      73     0.556
  -291.970      98     0.556
   -47.983      15     0.558
   -48.074      18     0.558
  -180.169      58     0.558
  -178.152      58     0.559
     2.034       1     0.561
   -42.032      16     0.562
  -164.069      58     0.562
  -272.050      92     0.563
   -83.992      30     0.564
   -46.044      16     0.566
  -120.159      38     0.566
   -46.044      18     0.567
    -0.017       1     0.569
   -51.957      15     0.569
  -178.131      57     0.569
  -273.999      92     0.569
   -32.038      13     0.570
   -40.066      16     0.570
   -43.997      16     0.570
   -48.028      16     0.570
   -90.043      30     0.570
  -202.140      66     0.571
   -52.100      18     0.572
  -108.137      39     0.572
  -178.130      58     0.572
  -160.095      53     0.573
  -186.115      66     0.574
  -118.136      39     0.575
  -160.095      54     0.575
  -176.092      57     0.575
  -218.116      73     0.575
  -120.159      39     0.576
  -138.092      45     0.576
   -29.988      15     0.577
  -184.139      66     0.577
  -216.018      73     0.577
  -168.064      57     0.578
  -118.098      38     0.579
  -202.117      66     0.579
  -128.051      45     0.580
  -150.106      54     0.580
  -297.985      98     0.580
   -42.075      14     0.581
  -148.044      53     0.581
  -150.084      54     0.581
  -172.121      57     0.581
  -108.137      38     0.582
  -118.098      39     0.582
  -154.060      53     0.583
   -86.037      30     0.584
  -188.069      65     0.585
   -88.082      30     0.586
  -148.128      54     0.586
   -44.009      13     0.588
   -44.016      14     0.588
  -164.052      53     0.588
   -32.000      13     0.589
  -170.103      57     0.589
  -290.049      98     0.590
   -34.021      15     0.591
   -41.968      16     0.591
  -164.091      53     0.591
   -45.980      16     0.592
  -158.056      53     0.592
   -40.095      14     0.593
   -38.047      14     0.595
   -44.016      16     0.595
   -32.021      15     0.596
  -162.093      58     0.596
     3.954       1     0.597
   -40.065      19     0.597
  -156.100      53     0.597
   -35.969      14     0.598
  -186.094      65     0.599
  -104.070      39     0.600
    -3.954       1     0.601
   -46.019      15     0.601
   -48.036      13     0.601
   -50.056      15     0.601
  -116.094      38     0.603
  -164.052      54     0.605
  -164.111      58     0.605
   -46.104      13     0.607
  -164.091      54     0.607
   -38.064      14     0.609
   -50.053      18     0.610
  -166.150      57     0.611
  -174.137      57     0.611
  -296.038      98     0.612
  -110.096      39     0.614
   -40.028      14     0.615
  -116.139      38     0.617
  -150.106      53     0.617
   -34.086      13     0.618
   -54.024      15     0.619
  -104.070      38     0.619
  -110.096      38     0.619
  -116.139      39     0.619
  -198.151      65     0.619
  -148.128      53     0.620
  -166.108      58     0.620
  -291.997      98     0.621
   -41.968      14     0.622
  -104.089      38     0.623
   -42.046      13     0.624
  -136.051      45     0.624
  -176.114      58     0.626
   -40.033      19     0.628
   -48.007      18     0.628
   -48.008      15     0.628
   -52.059      15     0.628
  -104.089      39     0.628
  -200.081      65     0.628
  -293.945      98     0.628
   -38.018      14     0.629
   -36.008      15     0.630
   -44.034      15     0.631
   -33.986      15     0.633
  -112.139      39     0.633
  -130.093      45     0.633
   -40.066      14     0.634
  -112.139      38     0.635
  -114.097      38     0.636
  -114.097      39     0.636
    -2.050       1     0.637
  -168.105      57     0.637
  -164.132      57     0.638
  -172.099      57     0.638
   -36.050      13     0.642
   -56.029      19     0.643
  -190.107      65     0.643
  -200.104      66     0.643
     2.050       1     0.644
  -116.094      39     0.644
   -39.998      13     0.645
   -41.985      15     0.645
  -164.113      53     0.645
  -176.113      57     0.647
   -34.048      13     0.648
   -37.972      15     0.648
  -170.144      57     0.648
   -30.053      15     0.649
   -38.097      13     0.649
  -188.069      66     0.649
  -176.092      58     0.650
     0.000       1     0.651
   -46.044      15     0.651
  -152.063      54     0.652
  -202.118      66     0.653
  -134.093      45     0.655
   -40.021      15     0.656
   -40.049      19     0.656
  -196.051      65     0.656
   -47.987      13     0.657
  -132.051      45     0.658
  -168.064      58     0.660
   -36.034      15     0.661
   -44.057      13     0.661
   -48.053      13     0.662
  -164.113      54     0.664
  -192.061      65     0.665
  -118.117      38     0.666
  -174.159      58     0.667
   -43.997      15     0.668
  -166.150      58     0.668
  -186.093      66     0.669
  -114.052      38     0.671
   -32.037      15     0.672
   -54.079      19     0.672
  -178.131      58     0.672
  -200.103      65     0.672
   -42.029      19     0.673
  -194.098      65     0.673
   -37.999      15     0.675
  -150.084      53     0.676
  -118.117      39     0.677
  -200.081      66     0.677
   -42.032      15     0.679
  -162.095      53     0.679
  -162.095      54     0.680
  -106.048      38     0.681
  -170.103      58     0.682
   -39.984      15     0.683
  -152.063      53     0.683
   -36.096      13     0.684
   -52.039      15     0.684
  -150.085      54     0.685
  -172.121      58     0.685
   -30.069      13     0.686
  -174.137      58     0.688
  -106.048      39     0.689
   -42.009      13     0.691
   -30.019      13     0.693
  -164.132      58     0.693
  -106.113      39     0.697
  -198.151      66     0.697
  -162.135      53     0.698
  -190.107      66     0.698
  -166.087      57     0.699
   -42.080      19     0.700
   -46.073      13     0.700
  -174.075      57     0.700
   -50.011      15     0.701
  -106.113      38     0.701
  -114.052      39     0.701
  -168.105      58     0.702
   -37.998      13     0.703
   -40.045      13     0.705
  -162.135      54     0.706
  -108.091      38     0.707
  -112.093      38     0.708
  -198.127      65     0.708
  -154.103      54     0.712
  -186.094      66     0.712
  -172.099      58     0.713
  -150.085      53     0.716
  -170.144      58     0.718
  -152.041      54     0.719
  -108.091      39     0.720
  -110.050      38     0.720
  -188.109      65     0.720
   -31.956      15     0.724
   -44.076      19     0.725
  -168.126      57     0.727
  -192.061      66     0.727
  -196.051      66     0.727
   -54.129      19     0.729
  -160.056      54     0.729
  -172.120      57     0.730
  -112.093      39     0.731
  -116.075      38     0.732
  -160.056      53     0.734
  -154.103      53     0.735
   -33.940      15     0.738
  -194.098      66     0.738
  -110.050      39     0.739
   -52.033      19     0.740
  -156.060      54     0.740
  -116.075      39     0.741
  -170.082      57     0.743
  -188.109      66     0.744
   -49.992      15     0.746
   -56.108      19     0.746
  -152.041      53     0.749
  -200.103      66     0.749
  -158.099      54     0.750
  -198.127      66     0.750
   -44.064      19     0.751
  -108.072      39     0.751
  -108.072      38     0.752
  -176.113      58     0.752
   -30.086      13     0.755
   -48.047      15     0.757
  -156.060      53     0.758
  -162.074      53     0.758
  -196.091      65     0.758
  -158.099      53     0.759
  -198.066      65     0.759
   -46.039      19     0.761
  -166.087      58     0.762
  -188.131      65     0.762
  -162.074      54     0.763
   -46.024      13     0.765
  -152.125      54     0.766
   -50.070      19     0.771
  -160.096      53     0.771
  -114.116      38     0.772
  -160.096      54     0.774
  -190.146      65     0.774
   -48.086      19     0.778
  -114.116      39     0.779
   -52.083      19     0.781
   -32.055      13     0.784
   -44.026      13     0.784
   -46.027      19     0.785
  -110.115      38     0.785
   -34.004      15     0.787
   -35.988      15     0.787
  -110.115      39     0.787
  -154.081      54     0.788
  -194.137      65     0.788
   -46.006      13     0.789
  -112.074      38     0.789
  -152.125      53     0.791
  -192.100      65     0.792
  -196.091      66     0.792
  -190.146      66     0.794
   -48.028      15     0.795
  -112.074      39     0.795
  -174.075      58     0.798
   -45.999      15     0.799
  -154.081      53     0.799
  -188.131      66     0.799
  -168.126      58     0.802
   -32.067      13     0.804
  -158.140      54     0.804
   -50.037      19     0.805
  -158.140      53     0.805
   -48.074      19     0.807
  -196.113      65     0.809
  -190.085      65     0.811
  -156.100      54     0.812
  -192.100      66     0.814
   -42.096      19     0.816
  -194.137      66     0.816
   -38.037      15     0.819
  -156.100      53     0.819
  -172.120      58     0.821
  -198.066      66     0.823
   -43.951      15     0.824
  -154.081      54     0.825
  -170.082      58     0.825
   -35.969      15     0.828
  -160.117      54     0.830
  -160.117      53     0.831
   -40.001      15     0.833
   -45.980      15     0.834
  -192.122      65     0.837
   -42.050      15     0.839
  -194.076      65     0.839
   -42.062      13     0.844
  -154.081      53     0.844
   -34.019      13     0.845
   -44.039      13     0.848
  -190.085      66     0.849
  -156.121      54     0.858
   -38.018      15     0.859
   -44.016      15     0.859
  -158.078      54     0.860
  -196.113      66     0.863
  -158.078      53     0.866
   -32.050      13     0.867
  -156.121      53     0.868
   -40.066      15     0.873
   -41.968      15     0.874
   -54.062      19     0.874
   -44.043      13     0.877
   -40.078      13     0.878
   -34.031      13     0.879
  -192.122      66     0.881
   -36.066      13     0.885
   -44.059      19     0.887
  -194.076      66     0.887
   -38.030      13     0.895
   -42.075      13     0.905
   -36.017      13     0.928
   -40.028      13     0.938
   -52.100      19     0.940
   -42.058      13     0.941
   -34.035      13     0.942
   -46.044      19     0.943
   -38.064      13     0.947
   -48.007      19     0.964
   -50.053      19     0.967
   -35.999      13     0.983
   -40.095      13     0.983
   -38.047      13     1.000
