1 103.4828611 31.0613889
2 103.4828611 31.0614167
3 103.4855278 31.0631111
4 103.4855833 31.0630833
5 103.4896667 31.0652778
6 103.4897222 31.0653056
7 103.5654722 31.0832500
8 103.5960556 31.0740556
9 103.6148889 31.0894722
10 103.6149167 31.0892500
11 103.6157778 31.0899444
12 103.6158056 31.0899444
13 103.6222500 31.1047200
14 103.6553056 31.1192500
15 103.6553056 31.1193333
16 103.6618611 31.1231389
17 103.6642778 31.1252500
18 103.6707778 31.1253056
19 103.6918889 31.1452222
20 103.6920000 31.1453611
21 103.8183056 31.2855000
22 103.8183056 31.2855000
23 103.8183056 31.2855000
24 103.8303889 31.2857222
25 103.8484722 31.2941944
26 103.9950600 31.4534600
27 104.0709167 31.5339722
28 104.1290278 31.5850278
29 104.1039167 31.5654722
30 104.1305556 31.5868333
31 104.1312778 31.5873889
32 104.1100000 31.5680278
33 104.1094000 31.5699900
34 104.1132778 31.5724722
35 104.1096667 31.5703333
36 104.1544444 31.6188611
37 104.1545833 31.6188888
38 104.1731700 31.6286400
39 104.1743211 31.6292731
40 104.1744444 31.6292777
41 104.1754722 31.6296666
42 104.1759444 31.6297222
43 104.1767222 31.6298888
44 104.2060833 31.6310000
45 104.2811111 31.6470556
46 104.3820000 31.7248000
47 104.3821600 31.7248600
48 104.3822100 31.7250000
49 104.4084100 31.7446000
50 104.4199722 31.7803611
51 104.4225556 31.7793056
52 104.4201944 31.7803056
53 104.4202100 31.7804300
54 104.4202600 31.7812900
55 104.4202700 31.7805700
56 104.4203000 31.7813300
57 104.4203000 31.7807700
58 104.4203056 31.7805278
59 104.4203100 31.7813300
60 104.4203100 31.7802400
61 104.4203700 31.7798300
62 104.4203800 31.7807200
63 104.4203800 31.7808600
64 104.4203889 31.7806944
65 104.4203900 31.7809100
66 104.4203900 31.7809600
67 104.4204000 31.7801100
68 104.4204100 31.7809400
69 104.4204100 31.7801000
70 104.4204700 31.7816500
71 104.4204722 31.7810833
72 104.4204800 31.7800600
73 104.4205000 31.7810800
74 104.4205300 31.7811900
75 104.4206000 31.7812000
76 104.4206700 31.7813100
77 104.4207000 31.7812700
78 104.4220000 31.7792900
79 104.4220278 31.7792778
80 104.4221300 31.7791400
81 104.4225000 31.7792900
82 104.4225300 31.7793100
83 104.4225556 31.7793056
84 104.4226900 31.7789900
85 104.4262222 31.7689722
86 104.4264600 31.7754100
87 104.4264700 31.7773700
88 104.4271389 31.7988056
89 104.4272000 31.7989000
90 104.4273900 31.7705300
91 104.4275000 31.7994000
92 104.4286000 31.8014000
93 104.4316200 31.8057800
94 104.4317700 31.8060000
95 104.4463000 31.8151000
96 104.4469400 31.8154900
97 104.4475700 31.8152000
98 104.4476300 31.8156100
99 104.4476500 31.8157100
100 104.4476944 31.8157222
101 104.4568900 31.8289400
102 104.4643888 31.8349166
103 104.4681500 31.8383333
104 104.4698055 31.8396944
105 104.4976944 31.8563055
106 104.4989444 31.8568611
107 104.4990000 31.8568055
108 104.4990000 31.8569444
109 104.4990277 31.8570000
110 104.4990277 31.8570277
111 104.5039444 31.8615277
112 104.4568889 31.8289444
113 103.6126944 31.0875833
114 103.6118333 31.0865556
115 103.6161111 31.0902500
116 103.6169722 31.0912222
117 103.6169722 31.0912222
118 103.6169722 31.0912222
119 103.6215833 31.1004167
120 103.6149167 31.0892500
121 103.6553056 31.1192500
122 103.6918889 31.1452222
123 103.4897222 31.0653056
124 103.4855278 31.0631111
125 103.4828611 31.0613889
126 103.6564722 31.1197222
127 104.3822700 31.7249200
128 104.3823400 31.7249200
129 104.4263500 31.7697200
130 104.4265000 31.7698900
131 104.4266600 31.7699400
132 104.4278000 31.7995000
133 104.4281000 31.8000000
134 104.5339167 31.8741389
135 104.5339167 31.8741389
136 104.5339167 31.8741389
137 104.5792778 31.9238333
138 104.5792778 31.9238333
139 104.5792778 31.9238333
140 104.5792778 31.9238333
141 104.6197222 31.9936111
142 104.6201944 31.9943889
143 104.6218333 31.9955556
144 104.6219444 31.9955556
145 104.6220000 31.9954722
146 104.6236111 31.9965278
147 104.6236111 31.9965278
148 104.6456667 32.0160278
149 104.6456667 32.0160278
150 104.6476111 32.0225278
151 104.6476111 32.0225278
152 104.6772500 32.0540278
153 104.6776944 32.0545000
154 104.6773333 32.0540833
155 104.6780000 32.0547500
156 104.6783611 32.0549722
157 104.6785556 32.0552500
158 104.6785833 32.0543889
159 104.6790278 32.0549444
160 104.6791389 32.0557778
161 104.6793889 32.0559444
162 104.6868055 32.0621388
163 104.6875000 32.0619444
164 104.6875000 32.0623889
165 104.6875556 32.0623611
166 104.6886944 32.0636111
167 104.6887778 32.0635556
168 104.6888889 32.0633333
169 104.8406111 32.2035556
170 104.8433611 32.2060833
171 104.8433889 32.2061389
172 104.8438611 32.2064722
173 104.8438889 32.2065278
174 104.8438889 32.2065278
175 104.8490833 32.2100556
176 104.8493333 32.2102222
177 104.8764722 32.2352778
178 104.8778889 32.2369444
179 104.8793055 32.2381111
180 104.8799166 32.2386111
181 104.9451666 32.2856944
182 104.9461944 32.2869722
183 104.9466388 32.2871388
184 104.9468889 32.2873611
185 104.9480556 32.2883056
186 104.9472778 32.2877778
187 104.9733889 32.3116389
188 104.9737222 32.3117778
189 105.0317778 32.3461389
190 105.0339167 32.3471944
#  
1 103.8533889 31.1655278
2 103.8544722 31.1665000
3 103.8550278 31.1668889
4 103.8595556 31.1699722
5 103.8634444 31.1729722
6 103.8649722 31.1740000
7 103.8984167 31.2016389
8 103.8993889 31.2026111
9 103.9011111 31.2038056
10 103.9013611 31.2040000
11 103.9124722 31.2114722
12 103.9132500 31.2117500
13 103.9141944 31.2129722
14 103.9142222 31.2129167
15 103.9155278 31.2137778
16 103.9160278 31.2143611
17 103.9208056 31.2175833
18 103.9313056 31.2238611
19 103.9334167 31.2250278
20 103.9350833 31.2275556
21 103.9883333 31.2927222
22 103.9892778 31.2983056
23 103.9930833 31.2960833
24 104.0444167 31.3451111
25 104.0453889 31.3452500
26 104.0819444 31.3690000
27 104.1182500 31.3995278
28 104.1182778 31.3999167
29 104.1183056 31.3980278
30 104.1183889 31.3981111
31 104.1232500 31.3969722
32 104.1279722 31.4128889
33 104.1529722 31.4370833
34 104.1589167 31.4607778
35 104.1626389 31.4598611
36 104.1632778 31.4601389
37 104.1643611 31.4605833
38 104.1650556 31.4611667
39 104.1655556 31.4615278
40 104.2035000 31.4781944
41 104.2038611 31.4779444
42 104.2321667 31.5123056
43 104.3304700 31.6049000
44 104.3498333 31.6130556
45 104.3718611 31.6284167
46 104.3720000 31.6285000
