1 103.8533889 31.1655278
2 103.8544722 31.1665000
3 103.8550278 31.1668889
4 103.8595556 31.1699722
5 103.8634444 31.1729722
6 103.8649722 31.1740000
7 103.8984167 31.2016389
8 103.8993889 31.2026111
9 103.9011111 31.2038056
10 103.9013611 31.2040000
11 103.9124722 31.2114722
12 103.9132500 31.2117500
13 103.9141944 31.2129722
14 103.9142222 31.2129167
15 103.9155278 31.2137778
16 103.9160278 31.2143611
17 103.9208056 31.2175833
18 103.9313056 31.2238611
19 103.9334167 31.2250278
20 103.9350833 31.2275556
21 103.9883333 31.2927222
22 103.9892778 31.2983056
23 103.9930833 31.2960833
24 104.0444167 31.3451111
25 104.0453889 31.3452500
26 104.0819444 31.3690000
27 104.1182500 31.3995278
28 104.1182778 31.3999167
29 104.1183056 31.3980278
30 104.1183889 31.3981111
31 104.1232500 31.3969722
32 104.1279722 31.4128889
33 104.1529722 31.4370833
34 104.1589167 31.4607778
35 104.1626389 31.4598611
36 104.1632778 31.4601389
37 104.1643611 31.4605833
38 104.1650556 31.4611667
39 104.1655556 31.4615278
40 104.2035000 31.4781944
41 104.2038611 31.4779444
42 104.2321667 31.5123056
43 104.3304700 31.6049000
44 104.3498333 31.6130556
45 104.3718611 31.6284167
46 104.3720000 31.6285000
