1 103.718 31.1085
2 103.7501 31.19933
3 103.7502 31.20056
4 103.7518 31.19683
5 103.7519 31.19669
6 103.7527 31.19575
7 103.7529 31.19536
8 103.7539 31.19494
9 103.7539 31.19497
10 103.7545 31.19419
11 103.7545 31.19417
12 103.7548 31.19406
13 103.7548 31.19406
14 103.7566 31.19247
15 103.7575 31.19261
16 103.7585 31.12567
17 103.7585 31.12511
18 103.7593 31.19075
19 103.7595 31.12606
20 103.7621 31.18889
21 103.7637 31.18828
22 103.7916 31.16069
23 103.7921 31.16267
24 103.7922 31.16411
25 103.7923 31.16111
26 103.7927 31.16447
27 103.7928 31.16519
