   32.39100       104.5720       27.72800              53           2
   32.22100       104.4140       26.31400              65           3
   31.82900       104.0080       26.31400              94           3
   31.42300       103.5910       26.31400             124           3
   32.10600       104.3750       20.65700              71           7
   31.28000       103.5250       20.65700             132           7
   32.87700       105.2070       19.24300              13           8
   32.98900       105.3470       17.82800               4           9
   32.47100       104.8170       16.41400              42          10
   31.89700       104.2370       15.00000              84          11
   31.60000       103.9300       15.00000             106          11
   31.00200       103.3220       15.00000             150          11
   31.45200       103.8390       10.75700             115          14
   32.70700       105.2080       6.515000              20          17
   31.21500       103.6760       5.101000             130          18
   
