   104.132    31.868    23.168    34.000     0.010      17       4     0.0    40.0
   104.117    31.855    23.168    34.000     0.011       5       5     2.0    40.0
   104.103    31.842    23.168    34.000     0.011       8       4     4.0    40.0
   104.088    31.829    23.168    34.000     0.010       6       5     6.0    40.0
   104.074    31.815    23.168    34.000     0.009       6       5     8.0    40.0
   104.060    31.802    23.168    34.000     0.010       1       6    10.0    40.0
   104.045    31.789    23.168    34.000     0.010       1       6    12.0    40.0
   104.031    31.776    23.168    34.000     0.009       3      11    14.0    40.0
   104.016    31.763    23.168    34.000     0.012       1       7    16.0    40.0
   104.002    31.750    23.168    34.000     0.013      26      31    18.0    40.0
   103.987    31.736    23.168    34.000     0.017      29      32    20.0    40.0
   103.973    31.723    23.168    34.000     0.017      29      31    22.0    40.0
   103.959    31.710    23.168    34.000     0.016      33      32    24.0    40.0
   103.944    31.697    23.168    34.000     0.015      35      32    26.0    40.0
   103.930    31.684    23.168    34.000     0.011      34      33    28.0    40.0
   103.915    31.671    23.168    34.000     0.015      18      36    30.0    40.0
   103.901    31.657    23.168    34.000     0.016      16      36    32.0    40.0
   103.887    31.644    23.168    34.000     0.015      17      36    34.0    40.0
   103.872    31.631    23.168    34.000     0.013      18      36    36.0    40.0
   103.858    31.618    23.168    34.000     0.014      10      36    38.0    40.0
   103.844    31.605    23.168    34.000     0.020       9      36    40.0    40.0
   103.829    31.591    23.168    34.000     0.019      10      36    42.0    40.0
   103.815    31.578    23.168    34.000     0.023      10      36    44.0    40.0
   103.800    31.565    23.168    34.000     0.022      13      36    46.0    40.0
   103.786    31.552    23.168    34.000     0.023      13      36    48.0    40.0
   103.772    31.539    23.168    34.000     0.022      14      35    50.0    40.0
   103.757    31.525    23.168    34.000     0.022       6      36    52.0    40.0
   103.743    31.512    23.168    34.000     0.021       6      36    54.0    40.0
   103.729    31.499    23.168    34.000     0.022       5      35    56.0    40.0
   103.714    31.486    23.168    34.000     0.020       4      35    58.0    40.0
   103.700    31.473    23.168    34.000     0.015       7      36    60.0    40.0
   103.686    31.459    23.168    34.000     0.011       8      32    62.0    40.0
   103.671    31.446    23.168    34.000     0.009      11      32    64.0    40.0
   103.657    31.433    23.168    34.000     0.008      12      32    66.0    40.0
   103.643    31.420    23.168    34.000     0.007      13      32    68.0    40.0
   103.628    31.407    23.168    34.000     0.006      17      32    70.0    40.0
   103.614    31.393    23.168    34.000     0.006       8      32    72.0    40.0
   103.600    31.380    23.168    34.000     0.007      10      32    74.0    40.0
   103.585    31.367    23.168    34.000     0.006      67       7    76.0    40.0
   103.571    31.354    23.168    34.000     0.007       7      32    78.0    40.0
   104.145    31.858    22.049    34.000     0.010      18       4     0.0    38.0
   104.130    31.845    22.049    34.000     0.011      12       7     2.0    38.0
   104.116    31.832    22.049    34.000     0.012      11       6     4.0    38.0
   104.101    31.818    22.049    34.000     0.011      15       7     6.0    38.0
   104.087    31.805    22.049    34.000     0.012      12       5     8.0    38.0
   104.072    31.792    22.049    34.000     0.011      10       5    10.0    38.0
   104.058    31.779    22.049    34.000     0.009      10       2    12.0    38.0
   104.044    31.766    22.049    34.000     0.008       3       9    14.0    38.0
   104.029    31.753    22.049    34.000     0.009       4       8    16.0    38.0
   104.015    31.739    22.049    34.000     0.009      30      33    18.0    38.0
   104.000    31.726    22.049    34.000     0.010      30      33    20.0    38.0
   103.986    31.713    22.049    34.000     0.010      30      33    22.0    38.0
   103.971    31.700    22.049    34.000     0.008      29      36    24.0    38.0
   103.957    31.687    22.049    34.000     0.009      24      36    26.0    38.0
   103.943    31.674    22.049    34.000     0.009      23      36    28.0    38.0
   103.928    31.660    22.049    34.000     0.011      44      33    30.0    38.0
   103.914    31.647    22.049    34.000     0.010      15      36    32.0    38.0
   103.899    31.634    22.049    34.000     0.008      19      36    34.0    38.0
   103.885    31.621    22.049    34.000     0.009      21      36    36.0    38.0
   103.871    31.608    22.049    34.000     0.017      10      36    38.0    38.0
   103.856    31.594    22.049    34.000     0.019       7      35    40.0    38.0
   103.842    31.581    22.049    34.000     0.030       5      36    42.0    38.0
   103.828    31.568    22.049    34.000     0.032       4      36    44.0    38.0
   103.813    31.555    22.049    34.000     0.031       8      36    46.0    38.0
   103.799    31.542    22.049    34.000     0.030       4      36    48.0    38.0
   103.784    31.528    22.049    34.000     0.030       8      35    50.0    38.0
   103.770    31.515    22.049    34.000     0.031       8      35    52.0    38.0
   103.756    31.502    22.049    34.000     0.030       7      35    54.0    38.0
   103.741    31.489    22.049    34.000     0.029       7      35    56.0    38.0
   103.727    31.476    22.049    34.000     0.027      12      33    58.0    38.0
   103.713    31.462    22.049    34.000     0.021      13      33    60.0    38.0
   103.698    31.449    22.049    34.000     0.020      14      33    62.0    38.0
   103.684    31.436    22.049    34.000     0.016      15      35    64.0    38.0
   103.670    31.423    22.049    34.000     0.014      18      33    66.0    38.0
   103.655    31.410    22.049    34.000     0.012      21      32    68.0    38.0
   103.641    31.396    22.049    34.000     0.012      11      33    70.0    38.0
   103.627    31.383    22.049    34.000     0.010      11      33    72.0    38.0
   103.612    31.370    22.049    34.000     0.009      11      33    74.0    38.0
   103.598    31.357    22.049    34.000     0.008       8      33    76.0    38.0
   103.584    31.344    22.049    34.000     0.008       9      33    78.0    38.0
   104.157    31.848    20.931    34.000     0.012      11       5     0.0    36.0
   104.143    31.834    20.931    34.000     0.011      14       5     2.0    36.0
   104.128    31.821    20.931    34.000     0.015      15       4     4.0    36.0
   104.114    31.808    20.931    34.000     0.012      15       4     6.0    36.0
   104.100    31.795    20.931    34.000     0.011       9       5     8.0    36.0
   104.085    31.782    20.931    34.000     0.011       9       5    10.0    36.0
   104.071    31.769    20.931    34.000     0.010       8       5    12.0    36.0
   104.056    31.755    20.931    34.000     0.009      29      36    14.0    36.0
   104.042    31.742    20.931    34.000     0.008      31      36    16.0    36.0
   104.027    31.729    20.931    34.000     0.007      32      36    18.0    36.0
   104.013    31.716    20.931    34.000     0.009      29      36    20.0    36.0
   103.999    31.703    20.931    34.000     0.009      29      36    22.0    36.0
   103.984    31.690    20.931    34.000     0.007      31      36    24.0    36.0
   103.970    31.676    20.931    34.000     0.007      27      36    26.0    36.0
   103.955    31.663    20.931    34.000     0.008      25      36    28.0    36.0
   103.941    31.650    20.931    34.000     0.008      23      36    30.0    36.0
   103.927    31.637    20.931    34.000     0.008      19      36    32.0    36.0
   103.912    31.624    20.931    34.000     0.010      19      36    34.0    36.0
   103.898    31.611    20.931    34.000     0.010      16      36    36.0    36.0
   103.883    31.597    20.931    34.000     0.014      12      35    38.0    36.0
   103.869    31.584    20.931    34.000     0.021      10      35    40.0    36.0
   103.855    31.571    20.931    34.000     0.023       8      36    42.0    36.0
   103.840    31.558    20.931    34.000     0.025       7      36    44.0    36.0
   103.826    31.545    20.931    34.000     0.038       5      36    46.0    36.0
   103.812    31.531    20.931    34.000     0.030       1      37    48.0    36.0
   103.797    31.518    20.931    34.000     0.031       6      36    50.0    36.0
   103.783    31.505    20.931    34.000     0.034      10      36    52.0    36.0
   103.769    31.492    20.931    34.000     0.037      10      36    54.0    36.0
   103.754    31.479    20.931    34.000     0.038       8      35    56.0    36.0
   103.740    31.465    20.931    34.000     0.034       7      35    58.0    36.0
   103.726    31.452    20.931    34.000     0.029      14      36    60.0    36.0
   103.711    31.439    20.931    34.000     0.028      15      36    62.0    36.0
   103.697    31.426    20.931    34.000     0.028      20      36    64.0    36.0
   103.683    31.413    20.931    34.000     0.031      17      36    66.0    36.0
   103.668    31.399    20.931    34.000     0.024      17      35    68.0    36.0
   103.654    31.386    20.931    34.000     0.021      17      35    70.0    36.0
   103.640    31.373    20.931    34.000     0.015      14      35    72.0    36.0
   103.625    31.360    20.931    34.000     0.013      19      30    74.0    36.0
   103.611    31.347    20.931    34.000     0.009      18      30    76.0    36.0
   103.597    31.333    20.931    34.000     0.006       8      36    78.0    36.0
   104.170    31.837    19.813    34.000     0.008       8       5     0.0    34.0
   104.156    31.824    19.813    34.000     0.009       9       5     2.0    34.0
   104.141    31.811    19.813    34.000     0.009      11       5     4.0    34.0
   104.127    31.798    19.813    34.000     0.010      10       5     6.0    34.0
   104.112    31.785    19.813    34.000     0.010      12       5     8.0    34.0
   104.098    31.772    19.813    34.000     0.009      15       4    10.0    34.0
   104.083    31.758    19.813    34.000     0.009      16       4    12.0    34.0
   104.069    31.745    19.813    34.000     0.007      37      36    14.0    34.0
   104.055    31.732    19.813    34.000     0.008      36      36    16.0    34.0
   104.040    31.719    19.813    34.000     0.006      38      36    18.0    34.0
   104.026    31.706    19.813    34.000     0.007      31      36    20.0    34.0
   104.011    31.693    19.813    34.000     0.006      31      36    22.0    34.0
   103.997    31.679    19.813    34.000     0.005      29      36    24.0    34.0
   103.983    31.666    19.813    34.000     0.005      27      36    26.0    34.0
   103.968    31.653    19.813    34.000     0.005      25      36    28.0    34.0
   103.954    31.640    19.813    34.000     0.005      22      35    30.0    34.0
   103.939    31.627    19.813    34.000     0.007      19      36    32.0    34.0
   103.925    31.614    19.813    34.000     0.007      21      36    34.0    34.0
   103.911    31.600    19.813    34.000     0.007      16      36    36.0    34.0
   103.896    31.587    19.813    34.000     0.009      15      36    38.0    34.0
   103.882    31.574    19.813    34.000     0.014      11      36    40.0    34.0
   103.867    31.561    19.813    34.000     0.014      13      36    42.0    34.0
   103.853    31.548    19.813    34.000     0.016      15      36    44.0    34.0
   103.839    31.534    19.813    34.000     0.020       9      36    46.0    34.0
   103.824    31.521    19.813    34.000     0.028       9      35    48.0    34.0
   103.810    31.508    19.813    34.000     0.031      11      36    50.0    34.0
   103.796    31.495    19.813    34.000     0.034      11      36    52.0    34.0
   103.781    31.482    19.813    34.000     0.031      10      35    54.0    34.0
   103.767    31.468    19.813    34.000     0.029       7      36    56.0    34.0
   103.753    31.455    19.813    34.000     0.029      18      36    58.0    34.0
   103.738    31.442    19.813    34.000     0.037      23      36    60.0    34.0
   103.724    31.429    19.813    34.000     0.045      23      36    62.0    34.0
   103.710    31.416    19.813    34.000     0.043      23      36    64.0    34.0
   103.695    31.402    19.813    34.000     0.037      20      36    66.0    34.0
   103.681    31.389    19.813    34.000     0.034      21      36    68.0    34.0
   103.667    31.376    19.813    34.000     0.027      18      36    70.0    34.0
   103.652    31.363    19.813    34.000     0.023      18      36    72.0    34.0
   103.638    31.350    19.813    34.000     0.018      23      30    74.0    34.0
   103.624    31.336    19.813    34.000     0.013      24      27    76.0    34.0
   103.609    31.323    19.813    34.000     0.009      25      35    78.0    34.0
   104.183    31.827    18.694    34.000     0.009       8       5     0.0    32.0
   104.168    31.814    18.694    34.000     0.010       9       5     2.0    32.0
   104.154    31.801    18.694    34.000     0.012       1      10     4.0    32.0
   104.140    31.788    18.694    34.000     0.013       7       6     6.0    32.0
   104.125    31.775    18.694    34.000     0.013       4       8     8.0    32.0
   104.111    31.761    18.694    34.000     0.010       2       9    10.0    32.0
   104.096    31.748    18.694    34.000     0.011      16       4    12.0    32.0
   104.082    31.735    18.694    34.000     0.006      17       4    14.0    32.0
   104.067    31.722    18.694    34.000     0.005       7      10    16.0    32.0
   104.053    31.709    18.694    34.000     0.004       8      10    18.0    32.0
   104.039    31.696    18.694    34.000     0.004      65      33    20.0    32.0
   104.024    31.682    18.694    34.000     0.004      62      31    22.0    32.0
   104.010    31.669    18.694    34.000     0.003      30      36    24.0    32.0
   103.995    31.656    18.694    34.000     0.003      27      36    26.0    32.0
   103.981    31.643    18.694    34.000     0.003      25      36    28.0    32.0
   103.967    31.630    18.694    34.000     0.005      23      36    30.0    32.0
   103.952    31.617    18.694    34.000     0.004      21      36    32.0    32.0
   103.938    31.603    18.694    34.000     0.004      24      36    34.0    32.0
   103.923    31.590    18.694    34.000     0.004      23      36    36.0    32.0
   103.909    31.577    18.694    34.000     0.005       5      36    38.0    32.0
   103.895    31.564    18.694    34.000     0.009       9      37    40.0    32.0
   103.880    31.551    18.694    34.000     0.009      14      36    42.0    32.0
   103.866    31.537    18.694    34.000     0.015      12      36    44.0    32.0
   103.851    31.524    18.694    34.000     0.018      14      36    46.0    32.0
   103.837    31.511    18.694    34.000     0.023       8      37    48.0    32.0
   103.823    31.498    18.694    34.000     0.025       8      37    50.0    32.0
   103.808    31.485    18.694    34.000     0.031       9      37    52.0    32.0
   103.794    31.471    18.694    34.000     0.031       8      37    54.0    32.0
   103.780    31.458    18.694    34.000     0.031       7      37    56.0    32.0
   103.765    31.445    18.694    34.000     0.034      21      26    58.0    32.0
   103.751    31.432    18.694    34.000     0.049      22      36    60.0    32.0
   103.737    31.419    18.694    34.000     0.054      22      36    62.0    32.0
   103.722    31.405    18.694    34.000     0.055      22      36    64.0    32.0
   103.708    31.392    18.694    34.000     0.056      23      36    66.0    32.0
   103.694    31.379    18.694    34.000     0.052      23      36    68.0    32.0
   103.679    31.366    18.694    34.000     0.043      22      36    70.0    32.0
   103.665    31.353    18.694    34.000     0.033      22      36    72.0    32.0
   103.651    31.339    18.694    34.000     0.029      22      36    74.0    32.0
   103.636    31.326    18.694    34.000     0.023      21      36    76.0    32.0
   103.622    31.313    18.694    34.000     0.018      28      36    78.0    32.0
   104.196    31.817    17.576    34.000     0.023       2      11     0.0    30.0
   104.181    31.804    17.576    34.000     0.023       1      11     2.0    30.0
   104.167    31.791    17.576    34.000     0.022       2       8     4.0    30.0
   104.152    31.777    17.576    34.000     0.021       4       6     6.0    30.0
   104.138    31.764    17.576    34.000     0.017       3       8     8.0    30.0
   104.123    31.751    17.576    34.000     0.011       3       8    10.0    30.0
   104.109    31.738    17.576    34.000     0.007       5       9    12.0    30.0
   104.095    31.725    17.576    34.000     0.005      10       6    14.0    30.0
   104.080    31.712    17.576    34.000     0.004       9       5    16.0    30.0
   104.066    31.699    17.576    34.000     0.005      68      31    18.0    30.0
   104.051    31.685    17.576    34.000     0.007      64      30    20.0    30.0
   104.037    31.672    17.576    34.000     0.006      64      31    22.0    30.0
   104.023    31.659    17.576    34.000     0.006      63      31    24.0    30.0
   104.008    31.646    17.576    34.000     0.005      62      31    26.0    30.0
   103.994    31.633    17.576    34.000     0.003      60      31    28.0    30.0
   103.979    31.619    17.576    34.000     0.003      61      37    30.0    30.0
   103.965    31.606    17.576    34.000     0.003      60      37    32.0    30.0
   103.951    31.593    17.576    34.000     0.002      58      37    34.0    30.0
   103.936    31.580    17.576    34.000     0.003       4      37    36.0    30.0
   103.922    31.567    17.576    34.000     0.005       6      36    38.0    30.0
   103.907    31.554    17.576    34.000     0.007       3      36    40.0    30.0
   103.893    31.540    17.576    34.000     0.009       1      36    42.0    30.0
   103.879    31.527    17.576    34.000     0.011       1      36    44.0    30.0
   103.864    31.514    17.576    34.000     0.010      18      36    46.0    30.0
   103.850    31.501    17.576    34.000     0.014      17      36    48.0    30.0
   103.836    31.488    17.576    34.000     0.016      17      36    50.0    30.0
   103.821    31.474    17.576    34.000     0.023      10      37    52.0    30.0
   103.807    31.461    17.576    34.000     0.025       8      37    54.0    30.0
   103.792    31.448    17.576    34.000     0.025      13      36    56.0    30.0
   103.778    31.435    17.576    34.000     0.029      21      32    58.0    30.0
   103.764    31.422    17.576    34.000     0.039      20      36    60.0    30.0
   103.749    31.409    17.576    34.000     0.045      22      36    62.0    30.0
   103.735    31.395    17.576    34.000     0.047      21      36    64.0    30.0
   103.721    31.382    17.576    34.000     0.049      21      36    66.0    30.0
   103.706    31.369    17.576    34.000     0.048      17      36    68.0    30.0
   103.692    31.356    17.576    34.000     0.049      17      36    70.0    30.0
   103.678    31.342    17.576    34.000     0.048      18      36    72.0    30.0
   103.664    31.329    17.576    34.000     0.047      19      36    74.0    30.0
   103.649    31.316    17.576    34.000     0.041      19      36    76.0    30.0
   103.635    31.303    17.576    34.000     0.031      22      36    78.0    30.0
   104.208    31.807    16.457    34.000     0.036       2      12     0.0    28.0
   104.194    31.794    16.457    34.000     0.035       2      11     2.0    28.0
   104.180    31.780    16.457    34.000     0.033       1       8     4.0    28.0
   104.165    31.767    16.457    34.000     0.029       1       8     6.0    28.0
   104.151    31.754    16.457    34.000     0.020       2       6     8.0    28.0
   104.136    31.741    16.457    34.000     0.010       1       5    10.0    28.0
   104.122    31.728    16.457    34.000     0.007      88      26    12.0    28.0
   104.107    31.715    16.457    34.000     0.004      94      16    14.0    28.0
   104.093    31.701    16.457    34.000     0.004      73      26    16.0    28.0
   104.079    31.688    16.457    34.000     0.006      71      32    18.0    28.0
   104.064    31.675    16.457    34.000     0.006      69      32    20.0    28.0
   104.050    31.662    16.457    34.000     0.006      71      32    22.0    28.0
   104.035    31.649    16.457    34.000     0.005      66      32    24.0    28.0
   104.021    31.636    16.457    34.000     0.004      68      28    26.0    28.0
   104.006    31.622    16.457    34.000     0.004      63      31    28.0    28.0
   103.992    31.609    16.457    34.000     0.006      61      32    30.0    28.0
   103.978    31.596    16.457    34.000     0.004      60      32    32.0    28.0
   103.963    31.583    16.457    34.000     0.002      60      33    34.0    28.0
   103.949    31.570    16.457    34.000     0.002       4      36    36.0    28.0
   103.935    31.557    16.457    34.000     0.004       3      36    38.0    28.0
   103.920    31.543    16.457    34.000     0.005       4      36    40.0    28.0
   103.906    31.530    16.457    34.000     0.008       2      36    42.0    28.0
   103.891    31.517    16.457    34.000     0.009       1      36    44.0    28.0
   103.877    31.504    16.457    34.000     0.010       1      36    46.0    28.0
   103.863    31.491    16.457    34.000     0.010       1      36    48.0    28.0
   103.848    31.477    16.457    34.000     0.011       8      36    50.0    28.0
   103.834    31.464    16.457    34.000     0.016       8      36    52.0    28.0
   103.820    31.451    16.457    34.000     0.018       7      36    54.0    28.0
   103.805    31.438    16.457    34.000     0.019       8      36    56.0    28.0
   103.791    31.425    16.457    34.000     0.022      15      36    58.0    28.0
   103.777    31.412    16.457    34.000     0.025      16      36    60.0    28.0
   103.762    31.398    16.457    34.000     0.030      16      36    62.0    28.0
   103.748    31.385    16.457    34.000     0.050      19      36    64.0    28.0
   103.734    31.372    16.457    34.000     0.061      20      36    66.0    28.0
   103.719    31.359    16.457    34.000     0.058      18      36    68.0    28.0
   103.705    31.345    16.457    34.000     0.060      18      36    70.0    28.0
   103.691    31.332    16.457    34.000     0.061      17      36    72.0    28.0
   103.676    31.319    16.457    34.000     0.059      17      36    74.0    28.0
   103.662    31.306    16.457    34.000     0.054      16      36    76.0    28.0
   103.648    31.293    16.457    34.000     0.046      19      36    78.0    28.0
   104.221    31.796    15.339    34.000     0.034       3       8     0.0    26.0
   104.207    31.783    15.339    34.000     0.031       3       9     2.0    26.0
   104.192    31.770    15.339    34.000     0.025       3       6     4.0    26.0
   104.178    31.757    15.339    34.000     0.017       1       6     6.0    26.0
   104.163    31.744    15.339    34.000     0.007       1       6     8.0    26.0
   104.149    31.731    15.339    34.000     0.006      88      25    10.0    26.0
   104.135    31.718    15.339    34.000     0.006      90      26    12.0    26.0
   104.120    31.704    15.339    34.000     0.004      69      26    14.0    26.0
   104.106    31.691    15.339    34.000     0.005      69      26    16.0    26.0
   104.091    31.678    15.339    34.000     0.004      75      32    18.0    26.0
   104.077    31.665    15.339    34.000     0.006      72      31    20.0    26.0
   104.062    31.652    15.339    34.000     0.009      72      31    22.0    26.0
   104.048    31.639    15.339    34.000     0.008      68      33    24.0    26.0
   104.034    31.625    15.339    34.000     0.006      69      32    26.0    26.0
   104.019    31.612    15.339    34.000     0.004      66      33    28.0    26.0
   104.005    31.599    15.339    34.000     0.005      59      33    30.0    26.0
   103.990    31.586    15.339    34.000     0.006      58      33    32.0    26.0
   103.976    31.573    15.339    34.000     0.005      62      34    34.0    26.0
   103.962    31.560    15.339    34.000     0.003      60      34    36.0    26.0
   103.947    31.546    15.339    34.000     0.003      52      32    38.0    26.0
   103.933    31.533    15.339    34.000     0.003      92       3    40.0    26.0
   103.919    31.520    15.339    34.000     0.006      90       2    42.0    26.0
   103.904    31.507    15.339    34.000     0.006      90       2    44.0    26.0
   103.890    31.494    15.339    34.000     0.007      90       2    46.0    26.0
   103.875    31.480    15.339    34.000     0.007      90       2    48.0    26.0
   103.861    31.467    15.339    34.000     0.007      90       2    50.0    26.0
   103.847    31.454    15.339    34.000     0.007      90       2    52.0    26.0
   103.832    31.441    15.339    34.000     0.011       9      37    54.0    26.0
   103.818    31.428    15.339    34.000     0.015       9      36    56.0    26.0
   103.804    31.415    15.339    34.000     0.017      10      36    58.0    26.0
   103.789    31.401    15.339    34.000     0.022      13      37    60.0    26.0
   103.775    31.388    15.339    34.000     0.020      13      36    62.0    26.0
   103.761    31.375    15.339    34.000     0.032      20      37    64.0    26.0
   103.746    31.362    15.339    34.000     0.043      17      37    66.0    26.0
   103.732    31.349    15.339    34.000     0.044      18      37    68.0    26.0
   103.718    31.335    15.339    34.000     0.055      16      37    70.0    26.0
   103.703    31.322    15.339    34.000     0.061      15      37    72.0    26.0
   103.689    31.309    15.339    34.000     0.063      15      37    74.0    26.0
   103.675    31.296    15.339    34.000     0.062      19      37    76.0    26.0
   103.660    31.282    15.339    34.000     0.063      22      37    78.0    26.0
   104.234    31.786    14.221    34.000     0.009       3       8     0.0    24.0
   104.220    31.773    14.221    34.000     0.008       5       8     2.0    24.0
   104.205    31.760    14.221    34.000     0.007      79      24     4.0    24.0
   104.191    31.747    14.221    34.000     0.006      74      26     6.0    24.0
   104.176    31.734    14.221    34.000     0.007      73      25     8.0    24.0
   104.162    31.720    14.221    34.000     0.007      71      25    10.0    24.0
   104.147    31.707    14.221    34.000     0.007      70      25    12.0    24.0
   104.133    31.694    14.221    34.000     0.008      83      33    14.0    24.0
   104.118    31.681    14.221    34.000     0.009      66      25    16.0    24.0
   104.104    31.668    14.221    34.000     0.008      86      27    18.0    24.0
   104.090    31.655    14.221    34.000     0.007      86      27    20.0    24.0
   104.075    31.642    14.221    34.000     0.007      75      33    22.0    24.0
   104.061    31.628    14.221    34.000     0.007      74      32    24.0    24.0
   104.046    31.615    14.221    34.000     0.006      74      32    26.0    24.0
   104.032    31.602    14.221    34.000     0.005      67      35    28.0    24.0
   104.018    31.589    14.221    34.000     0.007      64      35    30.0    24.0
   104.003    31.576    14.221    34.000     0.009      63      34    32.0    24.0
   103.989    31.563    14.221    34.000     0.008      63      33    34.0    24.0
   103.974    31.549    14.221    34.000     0.003      66      35    36.0    24.0
   103.960    31.536    14.221    34.000     0.003      57      33    38.0    24.0
   103.946    31.523    14.221    34.000     0.003      55      33    40.0    24.0
   103.931    31.510    14.221    34.000     0.003      55      33    42.0    24.0
   103.917    31.497    14.221    34.000     0.003      96       5    44.0    24.0
   103.903    31.483    14.221    34.000     0.003      98       6    46.0    24.0
   103.888    31.470    14.221    34.000     0.003      49      33    48.0    24.0
   103.874    31.457    14.221    34.000     0.002       1      36    50.0    24.0
   103.859    31.444    14.221    34.000     0.004      84       2    52.0    24.0
   103.845    31.431    14.221    34.000     0.006       8      21    54.0    24.0
   103.831    31.418    14.221    34.000     0.008       7      21    56.0    24.0
   103.816    31.404    14.221    34.000     0.018      13      37    58.0    24.0
   103.802    31.391    14.221    34.000     0.018      13      36    60.0    24.0
   103.788    31.378    14.221    34.000     0.017      11      36    62.0    24.0
   103.773    31.365    14.221    34.000     0.020      25      37    64.0    24.0
   103.759    31.352    14.221    34.000     0.033      19      37    66.0    24.0
   103.745    31.338    14.221    34.000     0.039      18      37    68.0    24.0
   103.730    31.325    14.221    34.000     0.052      18      37    70.0    24.0
   103.716    31.312    14.221    34.000     0.053      18      37    72.0    24.0
   103.702    31.299    14.221    34.000     0.058      22      37    74.0    24.0
   103.688    31.286    14.221    34.000     0.066      24      37    76.0    24.0
   103.673    31.272    14.221    34.000     0.073      22      37    78.0    24.0
   104.247    31.776    13.102    34.000     0.007      83      18     0.0    22.0
   104.232    31.763    13.102    34.000     0.007      81      22     2.0    22.0
   104.218    31.750    13.102    34.000     0.009      83      22     4.0    22.0
   104.203    31.737    13.102    34.000     0.008      80      24     6.0    22.0
   104.189    31.723    13.102    34.000     0.008      74      24     8.0    22.0
   104.175    31.710    13.102    34.000     0.008      74      23    10.0    22.0
   104.160    31.697    13.102    34.000     0.012      90      26    12.0    22.0
   104.146    31.684    13.102    34.000     0.013      88      26    14.0    22.0
   104.131    31.671    13.102    34.000     0.015      88      27    16.0    22.0
   104.117    31.658    13.102    34.000     0.015      88      27    18.0    22.0
   104.102    31.644    13.102    34.000     0.015      88      27    20.0    22.0
   104.088    31.631    13.102    34.000     0.012      82      30    22.0    22.0
   104.074    31.618    13.102    34.000     0.014      82      27    24.0    22.0
   104.059    31.605    13.102    34.000     0.009      82      27    26.0    22.0
   104.045    31.592    13.102    34.000     0.010      61      33    28.0    22.0
   104.030    31.579    13.102    34.000     0.012      63      32    30.0    22.0
   104.016    31.565    13.102    34.000     0.014      63      33    32.0    22.0
   104.002    31.552    13.102    34.000     0.010      64      31    34.0    22.0
   103.987    31.539    13.102    34.000     0.008      62      32    36.0    22.0
   103.973    31.526    13.102    34.000     0.008      61      32    38.0    22.0
   103.958    31.513    13.102    34.000     0.005      60      32    40.0    22.0
   103.944    31.500    13.102    34.000     0.003      57      33    42.0    22.0
   103.930    31.486    13.102    34.000     0.003      57      32    44.0    22.0
   103.915    31.473    13.102    34.000     0.002      55      33    46.0    22.0
   103.901    31.460    13.102    34.000     0.002      61      32    48.0    22.0
   103.887    31.447    13.102    34.000     0.002      66      34    50.0    22.0
   103.872    31.434    13.102    34.000     0.005       2      13    52.0    22.0
   103.858    31.420    13.102    34.000     0.007       1      13    54.0    22.0
   103.844    31.407    13.102    34.000     0.007       1      17    56.0    22.0
   103.829    31.394    13.102    34.000     0.012       5      18    58.0    22.0
   103.815    31.381    13.102    34.000     0.012       5      17    60.0    22.0
   103.800    31.368    13.102    34.000     0.014       3      16    62.0    22.0
   103.786    31.355    13.102    34.000     0.017      16      37    64.0    22.0
   103.772    31.341    13.102    34.000     0.017      16      37    66.0    22.0
   103.758    31.328    13.102    34.000     0.020      20      37    68.0    22.0
   103.743    31.315    13.102    34.000     0.023      18      37    70.0    22.0
   103.729    31.302    13.102    34.000     0.030      24      37    72.0    22.0
   103.715    31.289    13.102    34.000     0.043      25      37    74.0    22.0
   103.700    31.275    13.102    34.000     0.051      24      37    76.0    22.0
   103.686    31.262    13.102    34.000     0.051      25      37    78.0    22.0
   104.259    31.766    11.984    34.000     0.011      80      12     0.0    20.0
   104.245    31.753    11.984    34.000     0.011      80      13     2.0    20.0
   104.231    31.739    11.984    34.000     0.014      79      24     4.0    20.0
   104.216    31.726    11.984    34.000     0.017      80      23     6.0    20.0
   104.202    31.713    11.984    34.000     0.014      78      22     8.0    20.0
   104.187    31.700    11.984    34.000     0.012      78      22    10.0    20.0
   104.173    31.687    11.984    34.000     0.015      90      23    12.0    20.0
   104.158    31.674    11.984    34.000     0.029      90      24    14.0    20.0
   104.144    31.661    11.984    34.000     0.024      89      24    16.0    20.0
   104.130    31.647    11.984    34.000     0.021      87      24    18.0    20.0
   104.115    31.634    11.984    34.000     0.021      85      25    20.0    20.0
   104.101    31.621    11.984    34.000     0.022      81      29    22.0    20.0
   104.086    31.608    11.984    34.000     0.020      82      28    24.0    20.0
   104.072    31.595    11.984    34.000     0.020      80      26    26.0    20.0
   104.057    31.582    11.984    34.000     0.017      86      32    28.0    20.0
   104.043    31.568    11.984    34.000     0.014      68      32    30.0    20.0
   104.029    31.555    11.984    34.000     0.018      67      32    32.0    20.0
   104.014    31.542    11.984    34.000     0.016      67      31    34.0    20.0
   104.000    31.529    11.984    34.000     0.014      68      31    36.0    20.0
   103.986    31.516    11.984    34.000     0.013      64      32    38.0    20.0
   103.971    31.503    11.984    34.000     0.011      64      32    40.0    20.0
   103.957    31.489    11.984    34.000     0.009      64      32    42.0    20.0
   103.942    31.476    11.984    34.000     0.008      62      32    44.0    20.0
   103.928    31.463    11.984    34.000     0.005      65      32    46.0    20.0
   103.914    31.450    11.984    34.000     0.003      67      32    48.0    20.0
   103.899    31.437    11.984    34.000     0.003      67      32    50.0    20.0
   103.885    31.423    11.984    34.000     0.003      70      33    52.0    20.0
   103.871    31.410    11.984    34.000     0.003       1      13    54.0    20.0
   103.856    31.397    11.984    34.000     0.003       1      10    56.0    20.0
   103.842    31.384    11.984    34.000     0.005       1       9    58.0    20.0
   103.828    31.371    11.984    34.000     0.005       8      22    60.0    20.0
   103.813    31.358    11.984    34.000     0.006       4      21    62.0    20.0
   103.799    31.344    11.984    34.000     0.006       1      20    64.0    20.0
   103.785    31.331    11.984    34.000     0.006      25      37    66.0    20.0
   103.770    31.318    11.984    34.000     0.009      27      37    68.0    20.0
   103.756    31.305    11.984    34.000     0.011      25      37    70.0    20.0
   103.742    31.292    11.984    34.000     0.017      31      37    72.0    20.0
   103.727    31.278    11.984    34.000     0.019      31      37    74.0    20.0
   103.713    31.265    11.984    34.000     0.027      26      37    76.0    20.0
   103.699    31.252    11.984    34.000     0.029      28      37    78.0    20.0
   104.272    31.755    10.865    34.000     0.015      83       7     0.0    18.0
   104.258    31.742    10.865    34.000     0.016      77      23     2.0    18.0
   104.243    31.729    10.865    34.000     0.018      77      23     4.0    18.0
   104.229    31.716    10.865    34.000     0.015      85      16     6.0    18.0
   104.214    31.703    10.865    34.000     0.017      84      23     8.0    18.0
   104.200    31.690    10.865    34.000     0.018      83      24    10.0    18.0
   104.186    31.677    10.865    34.000     0.015      84      26    12.0    18.0
   104.171    31.663    10.865    34.000     0.019      84      29    14.0    18.0
   104.157    31.650    10.865    34.000     0.024      88      26    16.0    18.0
   104.142    31.637    10.865    34.000     0.027      90      26    18.0    18.0
   104.128    31.624    10.865    34.000     0.029      88      26    20.0    18.0
   104.113    31.611    10.865    34.000     0.035      86      26    22.0    18.0
   104.099    31.598    10.865    34.000     0.033      84      28    24.0    18.0
   104.085    31.585    10.865    34.000     0.026      82      29    26.0    18.0
   104.070    31.571    10.865    34.000     0.022      78      30    28.0    18.0
   104.056    31.558    10.865    34.000     0.023      76      29    30.0    18.0
   104.041    31.545    10.865    34.000     0.021      74      31    32.0    18.0
   104.027    31.532    10.865    34.000     0.017      73      30    34.0    18.0
   104.013    31.519    10.865    34.000     0.015      70      30    36.0    18.0
   103.998    31.506    10.865    34.000     0.014      69      31    38.0    18.0
   103.984    31.492    10.865    34.000     0.011      67      31    40.0    18.0
   103.970    31.479    10.865    34.000     0.008      68      31    42.0    18.0
   103.955    31.466    10.865    34.000     0.008      66      31    44.0    18.0
   103.941    31.453    10.865    34.000     0.008      62      27    46.0    18.0
   103.926    31.440    10.865    34.000     0.008      64      26    48.0    18.0
   103.912    31.426    10.865    34.000     0.010      63      27    50.0    18.0
   103.898    31.413    10.865    34.000     0.009      63      27    52.0    18.0
   103.883    31.400    10.865    34.000     0.007      61      27    54.0    18.0
   103.869    31.387    10.865    34.000     0.008       1       4    56.0    18.0
   103.855    31.374    10.865    34.000     0.007       2       4    58.0    18.0
   103.840    31.361    10.865    34.000     0.005       1       4    60.0    18.0
   103.826    31.347    10.865    34.000     0.004      65      16    62.0    18.0
   103.812    31.334    10.865    34.000     0.004      62      16    64.0    18.0
   103.797    31.321    10.865    34.000     0.003      63       4    66.0    18.0
   103.783    31.308    10.865    34.000     0.003      63       4    68.0    18.0
   103.769    31.295    10.865    34.000     0.003      64       4    70.0    18.0
   103.754    31.281    10.865    34.000     0.002      66       4    72.0    18.0
   103.740    31.268    10.865    34.000     0.002      21      34    74.0    18.0
   103.726    31.255    10.865    34.000     0.002      21      35    76.0    18.0
   103.711    31.242    10.865    34.000     0.002      23      37    78.0    18.0
   104.285    31.745     9.747    34.000     0.016      84      14     0.0    16.0
   104.271    31.732     9.747    34.000     0.018      88      12     2.0    16.0
   104.256    31.719     9.747    34.000     0.020      87      15     4.0    16.0
   104.242    31.706     9.747    34.000     0.018      78      24     6.0    16.0
   104.227    31.693     9.747    34.000     0.015      87      17     8.0    16.0
   104.213    31.680     9.747    34.000     0.017      81      27    10.0    16.0
   104.198    31.666     9.747    34.000     0.022      84      25    12.0    16.0
   104.184    31.653     9.747    34.000     0.024      83      27    14.0    16.0
   104.169    31.640     9.747    34.000     0.023      84      28    16.0    16.0
   104.155    31.627     9.747    34.000     0.021      86      28    18.0    16.0
   104.141    31.614     9.747    34.000     0.024      83      26    20.0    16.0
   104.126    31.601     9.747    34.000     0.028      83      26    22.0    16.0
   104.112    31.587     9.747    34.000     0.026      82      28    24.0    16.0
   104.097    31.574     9.747    34.000     0.025      82      29    26.0    16.0
   104.083    31.561     9.747    34.000     0.024      82      29    28.0    16.0
   104.069    31.548     9.747    34.000     0.023      76      29    30.0    16.0
   104.054    31.535     9.747    34.000     0.023      76      29    32.0    16.0
   104.040    31.522     9.747    34.000     0.022      75      29    34.0    16.0
   104.025    31.508     9.747    34.000     0.021      76      29    36.0    16.0
   104.011    31.495     9.747    34.000     0.022      73      27    38.0    16.0
   103.997    31.482     9.747    34.000     0.021      74      27    40.0    16.0
   103.982    31.469     9.747    34.000     0.013      76      27    42.0    16.0
   103.968    31.456     9.747    34.000     0.011      77      27    44.0    16.0
   103.954    31.443     9.747    34.000     0.007      78      28    46.0    16.0
   103.939    31.429     9.747    34.000     0.006      78      28    48.0    16.0
   103.925    31.416     9.747    34.000     0.005      79      28    50.0    16.0
   103.910    31.403     9.747    34.000     0.005      63      27    52.0    16.0
   103.896    31.390     9.747    34.000     0.005       1       6    54.0    16.0
   103.882    31.377     9.747    34.000     0.005      64      28    56.0    16.0
   103.867    31.364     9.747    34.000     0.004       2       5    58.0    16.0
   103.853    31.350     9.747    34.000     0.006      65      16    60.0    16.0
   103.839    31.337     9.747    34.000     0.006      64      17    62.0    16.0
   103.824    31.324     9.747    34.000     0.003      64      18    64.0    16.0
   103.810    31.311     9.747    34.000     0.003      63      27    66.0    16.0
   103.796    31.298     9.747    34.000     0.003      62      29    68.0    16.0
   103.781    31.284     9.747    34.000     0.003      69       4    70.0    16.0
   103.767    31.271     9.747    34.000     0.002      68       5    72.0    16.0
   103.753    31.258     9.747    34.000     0.001      67       5    74.0    16.0
   103.738    31.245     9.747    34.000     0.001      62       3    76.0    16.0
   103.724    31.232     9.747    34.000     0.001      61       3    78.0    16.0
   104.298    31.735     8.629    34.000     0.017      91       9     0.0    14.0
   104.283    31.722     8.629    34.000     0.012      90      13     2.0    14.0
   104.269    31.709     8.629    34.000     0.010      81      20     4.0    14.0
   104.254    31.696     8.629    34.000     0.009      81      21     6.0    14.0
   104.240    31.682     8.629    34.000     0.010      84      13     8.0    14.0
   104.226    31.669     8.629    34.000     0.009      85      22    10.0    14.0
   104.211    31.656     8.629    34.000     0.013      84      18    12.0    14.0
   104.197    31.643     8.629    34.000     0.014      87      23    14.0    14.0
   104.182    31.630     8.629    34.000     0.013      85      23    16.0    14.0
   104.168    31.617     8.629    34.000     0.017      84      25    18.0    14.0
   104.153    31.604     8.629    34.000     0.017      83      25    20.0    14.0
   104.139    31.590     8.629    34.000     0.015      83      27    22.0    14.0
   104.125    31.577     8.629    34.000     0.016      84      30    24.0    14.0
   104.110    31.564     8.629    34.000     0.022      84      30    26.0    14.0
   104.096    31.551     8.629    34.000     0.021      84      30    28.0    14.0
   104.081    31.538     8.629    34.000     0.018      75      22    30.0    14.0
   104.067    31.525     8.629    34.000     0.016      73      22    32.0    14.0
   104.053    31.511     8.629    34.000     0.018      75      28    34.0    14.0
   104.038    31.498     8.629    34.000     0.014      74      29    36.0    14.0
   104.024    31.485     8.629    34.000     0.012      73      30    38.0    14.0
   104.009    31.472     8.629    34.000     0.012      77      27    40.0    14.0
   103.995    31.459     8.629    34.000     0.011      83      28    42.0    14.0
   103.981    31.446     8.629    34.000     0.011      79      27    44.0    14.0
   103.966    31.432     8.629    34.000     0.010      89      30    46.0    14.0
   103.952    31.419     8.629    34.000     0.010      88      36    48.0    14.0
   103.938    31.406     8.629    34.000     0.011      88      36    50.0    14.0
   103.923    31.393     8.629    34.000     0.010      89      36    52.0    14.0
   103.909    31.380     8.629    34.000     0.008      86      36    54.0    14.0
   103.894    31.366     8.629    34.000     0.006      87      36    56.0    14.0
   103.880    31.353     8.629    34.000     0.004      65      15    58.0    14.0
   103.866    31.340     8.629    34.000     0.004      65      16    60.0    14.0
   103.851    31.327     8.629    34.000     0.003      64      19    62.0    14.0
   103.837    31.314     8.629    34.000     0.002      57      30    64.0    14.0
   103.823    31.301     8.629    34.000     0.002      57      31    66.0    14.0
   103.808    31.287     8.629    34.000     0.002      55      31    68.0    14.0
   103.794    31.274     8.629    34.000     0.002      63      32    70.0    14.0
   103.780    31.261     8.629    34.000     0.001      59      31    72.0    14.0
   103.766    31.248     8.629    34.000     0.001      97      37    74.0    14.0
   103.751    31.235     8.629    34.000     0.001      53      36    76.0    14.0
   103.737    31.221     8.629    34.000     0.000      51      36    78.0    14.0
   104.310    31.725     7.510    34.000     0.012      96       3     0.0    12.0
   104.296    31.712     7.510    34.000     0.008      97      10     2.0    12.0
   104.282    31.698     7.510    34.000     0.006      87       7     4.0    12.0
   104.267    31.685     7.510    34.000     0.005      86       8     6.0    12.0
   104.253    31.672     7.510    34.000     0.003      82       8     8.0    12.0
   104.238    31.659     7.510    34.000     0.002      84      11    10.0    12.0
   104.224    31.646     7.510    34.000     0.003      84      25    12.0    12.0
   104.209    31.633     7.510    34.000     0.005      87      26    14.0    12.0
   104.195    31.620     7.510    34.000     0.006      86      26    16.0    12.0
   104.181    31.606     7.510    34.000     0.009      83      26    18.0    12.0
   104.166    31.593     7.510    34.000     0.010      83      26    20.0    12.0
   104.152    31.580     7.510    34.000     0.009      93      31    22.0    12.0
   104.137    31.567     7.510    34.000     0.009      89      32    24.0    12.0
   104.123    31.554     7.510    34.000     0.016      87      32    26.0    12.0
   104.108    31.541     7.510    34.000     0.017      87      31    28.0    12.0
   104.094    31.528     7.510    34.000     0.014      70      25    30.0    12.0
   104.080    31.514     7.510    34.000     0.014      71      26    32.0    12.0
   104.065    31.501     7.510    34.000     0.014      71      26    34.0    12.0
   104.051    31.488     7.510    34.000     0.012      91      32    36.0    12.0
   104.037    31.475     7.510    34.000     0.012      86      25    38.0    12.0
   104.022    31.462     7.510    34.000     0.013      88      27    40.0    12.0
   104.008    31.449     7.510    34.000     0.013      87      27    42.0    12.0
   103.993    31.435     7.510    34.000     0.013      90      32    44.0    12.0
   103.979    31.422     7.510    34.000     0.012      87      32    46.0    12.0
   103.965    31.409     7.510    34.000     0.011      93      36    48.0    12.0
   103.950    31.396     7.510    34.000     0.013      95      35    50.0    12.0
   103.936    31.383     7.510    34.000     0.014      93      36    52.0    12.0
   103.922    31.369     7.510    34.000     0.012      93      36    54.0    12.0
   103.907    31.356     7.510    34.000     0.006      91      35    56.0    12.0
   103.893    31.343     7.510    34.000     0.004      81      33    58.0    12.0
   103.879    31.330     7.510    34.000     0.002      97      36    60.0    12.0
   103.864    31.317     7.510    34.000     0.002     100      37    62.0    12.0
   103.850    31.304     7.510    34.000     0.002      99      37    64.0    12.0
   103.836    31.290     7.510    34.000     0.001      60      32    66.0    12.0
   103.821    31.277     7.510    34.000     0.002      58      32    68.0    12.0
   103.807    31.264     7.510    34.000     0.002      63      35    70.0    12.0
   103.793    31.251     7.510    34.000     0.002      61      36    72.0    12.0
   103.778    31.238     7.510    34.000     0.002      62      36    74.0    12.0
   103.764    31.224     7.510    34.000     0.002      64      35    76.0    12.0
   103.750    31.211     7.510    34.000     0.001      53      36    78.0    12.0
   104.323    31.715     6.392    34.000     0.007      98       5     0.0    10.0
   104.309    31.701     6.392    34.000     0.004     100      10     2.0    10.0
   104.294    31.688     6.392    34.000     0.002      86       3     4.0    10.0
   104.280    31.675     6.392    34.000     0.002      85       3     6.0    10.0
   104.265    31.662     6.392    34.000     0.002      99      26     8.0    10.0
   104.251    31.649     6.392    34.000     0.002      51       4    10.0    10.0
   104.237    31.636     6.392    34.000     0.002      48       4    12.0    10.0
   104.222    31.623     6.392    34.000     0.002      46       4    14.0    10.0
   104.208    31.609     6.392    34.000     0.003      71       5    16.0    10.0
   104.193    31.596     6.392    34.000     0.005      71       6    18.0    10.0
   104.179    31.583     6.392    34.000     0.007      70       6    20.0    10.0
   104.164    31.570     6.392    34.000     0.006      70       7    22.0    10.0
   104.150    31.557     6.392    34.000     0.006      94      32    24.0    10.0
   104.136    31.544     6.392    34.000     0.006      68       8    26.0    10.0
   104.121    31.530     6.392    34.000     0.008      73      25    28.0    10.0
   104.107    31.517     6.392    34.000     0.012      74      26    30.0    10.0
   104.092    31.504     6.392    34.000     0.013      73      26    32.0    10.0
   104.078    31.491     6.392    34.000     0.013      76      26    34.0    10.0
   104.064    31.478     6.392    34.000     0.015      70      25    36.0    10.0
   104.049    31.465     6.392    34.000     0.013      69      25    38.0    10.0
   104.035    31.451     6.392    34.000     0.017      81      22    40.0    10.0
   104.020    31.438     6.392    34.000     0.022      81      22    42.0    10.0
   104.006    31.425     6.392    34.000     0.021      80      22    44.0    10.0
   103.992    31.412     6.392    34.000     0.015      76      22    46.0    10.0
   103.977    31.399     6.392    34.000     0.014      11       1    48.0    10.0
   103.963    31.386     6.392    34.000     0.011      79      22    50.0    10.0
   103.949    31.372     6.392    34.000     0.010      96      35    52.0    10.0
   103.934    31.359     6.392    34.000     0.010      96      35    54.0    10.0
   103.920    31.346     6.392    34.000     0.008      17       1    56.0    10.0
   103.906    31.333     6.392    34.000     0.006      19       1    58.0    10.0
   103.891    31.320     6.392    34.000     0.006      19       1    60.0    10.0
   103.877    31.307     6.392    34.000     0.005      18       1    62.0    10.0
   103.863    31.293     6.392    34.000     0.003      19       1    64.0    10.0
   103.848    31.280     6.392    34.000     0.003      28       2    66.0    10.0
   103.834    31.267     6.392    34.000     0.004      30       2    68.0    10.0
   103.820    31.254     6.392    34.000     0.005      31       3    70.0    10.0
   103.805    31.241     6.392    34.000     0.006      30       3    72.0    10.0
   103.791    31.227     6.392    34.000     0.005      60      37    74.0    10.0
   103.777    31.214     6.392    34.000     0.005      34       2    76.0    10.0
   103.762    31.201     6.392    34.000     0.004      31       2    78.0    10.0
   104.336    31.704     5.274    34.000     0.004      17      36     0.0     8.0
   104.322    31.691     5.274    34.000     0.003      24      36     2.0     8.0
   104.307    31.678     5.274    34.000     0.002      87       3     4.0     8.0
   104.293    31.665     5.274    34.000     0.002      49       3     6.0     8.0
   104.278    31.652     5.274    34.000     0.002     100      30     8.0     8.0
   104.264    31.639     5.274    34.000     0.002     100      28    10.0     8.0
   104.249    31.625     5.274    34.000     0.002     100      28    12.0     8.0
   104.235    31.612     5.274    34.000     0.001      72       1    14.0     8.0
   104.220    31.599     5.274    34.000     0.001      79       2    16.0     8.0
   104.206    31.586     5.274    34.000     0.002      77       2    18.0     8.0
   104.192    31.573     5.274    34.000     0.003     100      33    20.0     8.0
   104.177    31.560     5.274    34.000     0.003      98      33    22.0     8.0
   104.163    31.547     5.274    34.000     0.004     100      33    24.0     8.0
   104.148    31.533     5.274    34.000     0.005     100      34    26.0     8.0
   104.134    31.520     5.274    34.000     0.003       6       1    28.0     8.0
   104.120    31.507     5.274    34.000     0.003       5       1    30.0     8.0
   104.105    31.494     5.274    34.000     0.005      73      25    32.0     8.0
   104.091    31.481     5.274    34.000     0.006      72      26    34.0     8.0
   104.076    31.468     5.274    34.000     0.008      71      26    36.0     8.0
   104.062    31.454     5.274    34.000     0.011      12       1    38.0     8.0
   104.048    31.441     5.274    34.000     0.012      11       1    40.0     8.0
   104.033    31.428     5.274    34.000     0.011      75      26    42.0     8.0
   104.019    31.415     5.274    34.000     0.014      78      22    44.0     8.0
   104.004    31.402     5.274    34.000     0.011      77      22    46.0     8.0
   103.990    31.389     5.274    34.000     0.010      79      27    48.0     8.0
   103.976    31.375     5.274    34.000     0.009      79      29    50.0     8.0
   103.961    31.362     5.274    34.000     0.009      18       1    52.0     8.0
   103.947    31.349     5.274    34.000     0.011      19       1    54.0     8.0
   103.933    31.336     5.274    34.000     0.014      20       1    56.0     8.0
   103.918    31.323     5.274    34.000     0.015      20       1    58.0     8.0
   103.904    31.310     5.274    34.000     0.014      21       1    60.0     8.0
   103.890    31.296     5.274    34.000     0.014      21       1    62.0     8.0
   103.875    31.283     5.274    34.000     0.015      19       1    64.0     8.0
   103.861    31.270     5.274    34.000     0.013      21       1    66.0     8.0
   103.847    31.257     5.274    34.000     0.012      30       1    68.0     8.0
   103.832    31.244     5.274    34.000     0.013      29       1    70.0     8.0
   103.818    31.230     5.274    34.000     0.008      30       1    72.0     8.0
   103.804    31.217     5.274    34.000     0.006      31       1    74.0     8.0
   103.789    31.204     5.274    34.000     0.006      28       3    76.0     8.0
   103.775    31.191     5.274    34.000     0.004      31       1    78.0     8.0
   104.349    31.694     4.155    34.000     0.007      27      36     0.0     6.0
   104.334    31.681     4.155    34.000     0.005      26      33     2.0     6.0
   104.320    31.668     4.155    34.000     0.005      25      33     4.0     6.0
   104.305    31.655     4.155    34.000     0.004      25      33     6.0     6.0
   104.291    31.641     4.155    34.000     0.003      24      33     8.0     6.0
   104.276    31.628     4.155    34.000     0.003      32      24    10.0     6.0
   104.262    31.615     4.155    34.000     0.003      31      24    12.0     6.0
   104.248    31.602     4.155    34.000     0.003      31      25    14.0     6.0
   104.233    31.589     4.155    34.000     0.002      30      26    16.0     6.0
   104.219    31.576     4.155    34.000     0.002      75       1    18.0     6.0
   104.204    31.563     4.155    34.000     0.003      77       1    20.0     6.0
   104.190    31.549     4.155    34.000     0.004      12       1    22.0     6.0
   104.175    31.536     4.155    34.000     0.007      13       1    24.0     6.0
   104.161    31.523     4.155    34.000     0.010      12       1    26.0     6.0
   104.147    31.510     4.155    34.000     0.011      12       1    28.0     6.0
   104.132    31.497     4.155    34.000     0.011      13       1    30.0     6.0
   104.118    31.484     4.155    34.000     0.012      12       1    32.0     6.0
   104.103    31.471     4.155    34.000     0.011      13       1    34.0     6.0
   104.089    31.457     4.155    34.000     0.010      13       1    36.0     6.0
   104.075    31.444     4.155    34.000     0.010      14       1    38.0     6.0
   104.060    31.431     4.155    34.000     0.008      14       1    40.0     6.0
   104.046    31.418     4.155    34.000     0.008      76      24    42.0     6.0
   104.032    31.405     4.155    34.000     0.010      76      26    44.0     6.0
   104.017    31.392     4.155    34.000     0.010      76      28    46.0     6.0
   104.003    31.378     4.155    34.000     0.009      76      27    48.0     6.0
   103.988    31.365     4.155    34.000     0.008      77      29    50.0     6.0
   103.974    31.352     4.155    34.000     0.007      76      29    52.0     6.0
   103.960    31.339     4.155    34.000     0.008      81      33    54.0     6.0
   103.945    31.326     4.155    34.000     0.009      82      33    56.0     6.0
   103.931    31.312     4.155    34.000     0.008      82      34    58.0     6.0
   103.917    31.299     4.155    34.000     0.009      86      34    60.0     6.0
   103.902    31.286     4.155    34.000     0.012      85      34    62.0     6.0
   103.888    31.273     4.155    34.000     0.011      85      34    64.0     6.0
   103.874    31.260     4.155    34.000     0.010      87      35    66.0     6.0
   103.859    31.247     4.155    34.000     0.009      26       1    68.0     6.0
   103.845    31.233     4.155    34.000     0.008      25       1    70.0     6.0
   103.831    31.220     4.155    34.000     0.009      23       1    72.0     6.0
   103.816    31.207     4.155    34.000     0.009      23       1    74.0     6.0
   103.802    31.194     4.155    34.000     0.008      23       2    76.0     6.0
   103.788    31.181     4.155    34.000     0.007      22       2    78.0     6.0
   104.361    31.684     3.037    34.000     0.006      19      35     0.0     4.0
   104.347    31.671     3.037    34.000     0.005      18      35     2.0     4.0
   104.333    31.657     3.037    34.000     0.004      32      36     4.0     4.0
   104.318    31.644     3.037    34.000     0.005      39      22     6.0     4.0
   104.304    31.631     3.037    34.000     0.006      38      23     8.0     4.0
   104.289    31.618     3.037    34.000     0.005      37      24    10.0     4.0
   104.275    31.605     3.037    34.000     0.006      37      25    12.0     4.0
   104.260    31.592     3.037    34.000     0.004      35      25    14.0     4.0
   104.246    31.579     3.037    34.000     0.004      33      25    16.0     4.0
   104.231    31.566     3.037    34.000     0.003       8       1    18.0     4.0
   104.217    31.552     3.037    34.000     0.003       8       1    20.0     4.0
   104.203    31.539     3.037    34.000     0.004       7       1    22.0     4.0
   104.188    31.526     3.037    34.000     0.005      56      37    24.0     4.0
   104.174    31.513     3.037    34.000     0.005      54      37    26.0     4.0
   104.159    31.500     3.037    34.000     0.005      51      37    28.0     4.0
   104.145    31.487     3.037    34.000     0.005      50      37    30.0     4.0
   104.131    31.473     3.037    34.000     0.005      10       1    32.0     4.0
   104.116    31.460     3.037    34.000     0.005      11       1    34.0     4.0
   104.102    31.447     3.037    34.000     0.005      15       1    36.0     4.0
   104.087    31.434     3.037    34.000     0.005      16       1    38.0     4.0
   104.073    31.421     3.037    34.000     0.004      77      17    40.0     4.0
   104.059    31.408     3.037    34.000     0.004      77      19    42.0     4.0
   104.044    31.394     3.037    34.000     0.004      77      25    44.0     4.0
   104.030    31.381     3.037    34.000     0.004      78      27    46.0     4.0
   104.016    31.368     3.037    34.000     0.004      78      28    48.0     4.0
   104.001    31.355     3.037    34.000     0.004      78      32    50.0     4.0
   103.987    31.342     3.037    34.000     0.005      80      33    52.0     4.0
   103.972    31.329     3.037    34.000     0.006      78      33    54.0     4.0
   103.958    31.315     3.037    34.000     0.005      81      37    56.0     4.0
   103.944    31.302     3.037    34.000     0.005      86      34    58.0     4.0
   103.929    31.289     3.037    34.000     0.006      87      35    60.0     4.0
   103.915    31.276     3.037    34.000     0.006      96      35    62.0     4.0
   103.901    31.263     3.037    34.000     0.007      96      35    64.0     4.0
   103.886    31.250     3.037    34.000     0.008      23       1    66.0     4.0
   103.872    31.236     3.037    34.000     0.009      24       1    68.0     4.0
   103.858    31.223     3.037    34.000     0.010      19       1    70.0     4.0
   103.843    31.210     3.037    34.000     0.013      21       2    72.0     4.0
   103.829    31.197     3.037    34.000     0.013      21       2    74.0     4.0
   103.815    31.184     3.037    34.000     0.012      27       2    76.0     4.0
   103.801    31.170     3.037    34.000     0.012      25       2    78.0     4.0
   104.374    31.674     1.918    34.000     0.005      24      35     0.0     2.0
   104.360    31.660     1.918    34.000     0.007      27      35     2.0     2.0
   104.345    31.647     1.918    34.000     0.006      40      17     4.0     2.0
   104.331    31.634     1.918    34.000     0.008      38      17     6.0     2.0
   104.316    31.621     1.918    34.000     0.008      38      20     8.0     2.0
   104.302    31.608     1.918    34.000     0.009      38      22    10.0     2.0
   104.287    31.595     1.918    34.000     0.007      38      24    12.0     2.0
   104.273    31.582     1.918    34.000     0.005      39      26    14.0     2.0
   104.259    31.568     1.918    34.000     0.004      34      24    16.0     2.0
   104.244    31.555     1.918    34.000     0.003      10       1    18.0     2.0
   104.230    31.542     1.918    34.000     0.006      10       1    20.0     2.0
   104.215    31.529     1.918    34.000     0.006      20       1    22.0     2.0
   104.201    31.516     1.918    34.000     0.005      10       1    24.0     2.0
   104.187    31.503     1.918    34.000     0.006      55      37    26.0     2.0
   104.172    31.490     1.918    34.000     0.007      57      37    28.0     2.0
   104.158    31.476     1.918    34.000     0.008      56      37    30.0     2.0
   104.143    31.463     1.918    34.000     0.007      56      37    32.0     2.0
   104.129    31.450     1.918    34.000     0.004      55      37    34.0     2.0
   104.115    31.437     1.918    34.000     0.003      18       1    36.0     2.0
   104.100    31.424     1.918    34.000     0.002      18       2    38.0     2.0
   104.086    31.411     1.918    34.000     0.002       3      16    40.0     2.0
   104.071    31.397     1.918    34.000     0.002       3      19    42.0     2.0
   104.057    31.384     1.918    34.000     0.002      73      26    44.0     2.0
   104.043    31.371     1.918    34.000     0.002      72      28    46.0     2.0
   104.028    31.358     1.918    34.000     0.002      81      33    48.0     2.0
   104.014    31.345     1.918    34.000     0.003      83      34    50.0     2.0
   104.000    31.332     1.918    34.000     0.003      82      34    52.0     2.0
   103.985    31.318     1.918    34.000     0.004      86      34    54.0     2.0
   103.971    31.305     1.918    34.000     0.004      86      34    56.0     2.0
   103.957    31.292     1.918    34.000     0.003      87      35    58.0     2.0
   103.942    31.279     1.918    34.000     0.002      94      35    60.0     2.0
   103.928    31.266     1.918    34.000     0.003      29       2    62.0     2.0
   103.914    31.253     1.918    34.000     0.005      27       2    64.0     2.0
   103.899    31.239     1.918    34.000     0.006      26       2    66.0     2.0
   103.885    31.226     1.918    34.000     0.008      21       2    68.0     2.0
   103.871    31.213     1.918    34.000     0.013      21       2    70.0     2.0
   103.856    31.200     1.918    34.000     0.013      22       2    72.0     2.0
   103.842    31.187     1.918    34.000     0.012      20       2    74.0     2.0
   103.828    31.173     1.918    34.000     0.010      19       2    76.0     2.0
   103.813    31.160     1.918    34.000     0.009      27       2    78.0     2.0
   104.387    31.663     0.800    34.000     0.009      30      35     0.0     0.0
   104.372    31.650     0.800    34.000     0.009      31      35     2.0     0.0
   104.358    31.637     0.800    34.000     0.006      30      35     4.0     0.0
   104.344    31.624     0.800    34.000     0.007      41      17     6.0     0.0
   104.329    31.611     0.800    34.000     0.008      40      19     8.0     0.0
   104.315    31.598     0.800    34.000     0.008      40      22    10.0     0.0
   104.300    31.584     0.800    34.000     0.005      39      24    12.0     0.0
   104.286    31.571     0.800    34.000     0.004      39      24    14.0     0.0
   104.271    31.558     0.800    34.000     0.002      42      18    16.0     0.0
   104.257    31.545     0.800    34.000     0.003      47      25    18.0     0.0
   104.242    31.532     0.800    34.000     0.005      15       1    20.0     0.0
   104.228    31.519     0.800    34.000     0.006      14       1    22.0     0.0
   104.214    31.506     0.800    34.000     0.006      17       2    24.0     0.0
   104.199    31.492     0.800    34.000     0.006      14       1    26.0     0.0
   104.185    31.479     0.800    34.000     0.007      15       1    28.0     0.0
   104.170    31.466     0.800    34.000     0.006      61      37    30.0     0.0
   104.156    31.453     0.800    34.000     0.004      61      37    32.0     0.0
   104.142    31.440     0.800    34.000     0.003      19       2    34.0     0.0
   104.127    31.427     0.800    34.000     0.002      19       2    36.0     0.0
   104.113    31.414     0.800    34.000     0.002       7      24    38.0     0.0
   104.099    31.400     0.800    34.000     0.003       2      23    40.0     0.0
   104.084    31.387     0.800    34.000     0.002       2      26    42.0     0.0
   104.070    31.374     0.800    34.000     0.002      16      25    44.0     0.0
   104.055    31.361     0.800    34.000     0.002      15      26    46.0     0.0
   104.041    31.348     0.800    34.000     0.002      88      34    48.0     0.0
   104.027    31.335     0.800    34.000     0.003      84      37    50.0     0.0
   104.012    31.321     0.800    34.000     0.004      87      34    52.0     0.0
   103.998    31.308     0.800    34.000     0.004      88      34    54.0     0.0
   103.984    31.295     0.800    34.000     0.003      39       1    56.0     0.0
   103.969    31.282     0.800    34.000     0.002      37       1    58.0     0.0
   103.955    31.269     0.800    34.000     0.002      36       1    60.0     0.0
   103.941    31.255     0.800    34.000     0.003      33       2    62.0     0.0
   103.926    31.242     0.800    34.000     0.004      31       2    64.0     0.0
   103.912    31.229     0.800    34.000     0.007      30       2    66.0     0.0
   103.898    31.216     0.800    34.000     0.009      25       2    68.0     0.0
   103.883    31.203     0.800    34.000     0.016      25       2    70.0     0.0
   103.869    31.190     0.800    34.000     0.018      25       2    72.0     0.0
   103.855    31.176     0.800    34.000     0.015      25       2    74.0     0.0
   103.840    31.163     0.800    34.000     0.014      24       2    76.0     0.0
   103.826    31.150     0.800    34.000     0.010      33       2    78.0     0.0
