   103.535    31.374    23.947    34.000     0.041      24      33     0.0    40.0
   103.521    31.360    23.947    34.000     0.045      20      33     2.0    40.0
   103.507    31.347    23.947    34.000     0.052      24      31     4.0    40.0
   103.492    31.334    23.947    34.000     0.050      26      31     6.0    40.0
   103.478    31.321    23.947    34.000     0.070      46       9     8.0    40.0
   103.464    31.308    23.947    34.000     0.073      46       9    10.0    40.0
   103.449    31.295    23.947    34.000     0.105      42       9    12.0    40.0
   103.435    31.281    23.947    34.000     0.123      41      10    14.0    40.0
   103.421    31.268    23.947    34.000     0.131      41      10    16.0    40.0
   103.406    31.255    23.947    34.000     0.167      32      23    18.0    40.0
   103.392    31.242    23.947    34.000     0.193      38      18    20.0    40.0
   103.378    31.229    23.947    34.000     0.223      33      22    22.0    40.0
   103.363    31.216    23.947    34.000     0.252      36      24    24.0    40.0
   103.349    31.202    23.947    34.000     0.245      36      15    26.0    40.0
   103.335    31.189    23.947    34.000     0.241      35      16    28.0    40.0
   103.320    31.176    23.947    34.000     0.187      37      22    30.0    40.0
   103.306    31.163    23.947    34.000     0.151      38      15    32.0    40.0
   103.292    31.150    23.947    34.000     0.112      34      10    34.0    40.0
   103.277    31.136    23.947    34.000     0.085      36      10    36.0    40.0
   103.263    31.123    23.947    34.000     0.065      32       6    38.0    40.0
   103.249    31.110    23.947    34.000     0.055      33       6    40.0    40.0
   103.235    31.097    23.947    34.000     0.047      31       6    42.0    40.0
   103.220    31.084    23.947    34.000     0.028      29       6    44.0    40.0
   103.206    31.070    23.947    34.000     0.026      27       2    46.0    40.0
   103.192    31.057    23.947    34.000     0.025      27       2    48.0    40.0
   103.178    31.044    23.947    34.000     0.023      26       2    50.0    40.0
   103.163    31.031    23.947    34.000     0.016      27       2    52.0    40.0
   103.149    31.018    23.947    34.000     0.011      29       2    54.0    40.0
   103.135    31.004    23.947    34.000     0.008     100      29    56.0    40.0
   103.120    30.991    23.947    34.000     0.011     100      29    58.0    40.0
   103.106    30.978    23.947    34.000     0.013      99      29    60.0    40.0
   103.092    30.965    23.947    34.000     0.014      99      29    62.0    40.0
   103.078    30.951    23.947    34.000     0.014      98      29    64.0    40.0
   103.548    31.363    22.829    34.000     0.075      19      31     0.0    38.0
   103.534    31.350    22.829    34.000     0.094      20      34     2.0    38.0
   103.519    31.337    22.829    34.000     0.097      22      31     4.0    38.0
   103.505    31.324    22.829    34.000     0.081      20      32     6.0    38.0
   103.491    31.311    22.829    34.000     0.076      41       6     8.0    38.0
   103.476    31.298    22.829    34.000     0.100      41       5    10.0    38.0
   103.462    31.284    22.829    34.000     0.113      41       4    12.0    38.0
   103.448    31.271    22.829    34.000     0.103      37       6    14.0    38.0
   103.433    31.258    22.829    34.000     0.100      34      19    16.0    38.0
   103.419    31.245    22.829    34.000     0.147      37      19    18.0    38.0
   103.405    31.232    22.829    34.000     0.178      36      18    20.0    38.0
   103.390    31.218    22.829    34.000     0.222      34      22    22.0    38.0
   103.376    31.205    22.829    34.000     0.250      33      21    24.0    38.0
   103.362    31.192    22.829    34.000     0.226      33      22    26.0    38.0
   103.347    31.179    22.829    34.000     0.190      34      23    28.0    38.0
   103.333    31.166    22.829    34.000     0.175      36      21    30.0    38.0
   103.319    31.153    22.829    34.000     0.157      37      21    32.0    38.0
   103.305    31.139    22.829    34.000     0.113      35      20    34.0    38.0
   103.290    31.126    22.829    34.000     0.083      36      22    36.0    38.0
   103.276    31.113    22.829    34.000     0.045      37      18    38.0    38.0
   103.262    31.100    22.829    34.000     0.032      32       6    40.0    38.0
   103.247    31.087    22.829    34.000     0.030      31       4    42.0    38.0
   103.233    31.073    22.829    34.000     0.031      29       4    44.0    38.0
   103.219    31.060    22.829    34.000     0.030      27       3    46.0    38.0
   103.204    31.047    22.829    34.000     0.022      28       3    48.0    38.0
   103.190    31.034    22.829    34.000     0.019      31       3    50.0    38.0
   103.176    31.021    22.829    34.000     0.014      30       2    52.0    38.0
   103.162    31.007    22.829    34.000     0.009      30       2    54.0    38.0
   103.147    30.994    22.829    34.000     0.009     100      30    56.0    38.0
   103.133    30.981    22.829    34.000     0.011     100      29    58.0    38.0
   103.119    30.968    22.829    34.000     0.014     100      30    60.0    38.0
   103.105    30.954    22.829    34.000     0.014     100      30    62.0    38.0
   103.090    30.941    22.829    34.000     0.017      97      29    64.0    38.0
   103.561    31.353    21.710    34.000     0.112      20      28     0.0    36.0
   103.547    31.340    21.710    34.000     0.129      19      27     2.0    36.0
   103.532    31.327    21.710    34.000     0.139      18      31     4.0    36.0
   103.518    31.314    21.710    34.000     0.116      18      30     6.0    36.0
   103.503    31.301    21.710    34.000     0.109      22      29     8.0    36.0
   103.489    31.287    21.710    34.000     0.098      24      29    10.0    36.0
   103.475    31.274    21.710    34.000     0.094      24      26    12.0    36.0
   103.460    31.261    21.710    34.000     0.084      27      24    14.0    36.0
   103.446    31.248    21.710    34.000     0.099      27      19    16.0    36.0
   103.432    31.235    21.710    34.000     0.099      28      19    18.0    36.0
   103.417    31.221    21.710    34.000     0.102      28      19    20.0    36.0
   103.403    31.208    21.710    34.000     0.104      30      19    22.0    36.0
   103.389    31.195    21.710    34.000     0.107      35      28    24.0    36.0
   103.374    31.182    21.710    34.000     0.118      36      26    26.0    36.0
   103.360    31.169    21.710    34.000     0.135      35      25    28.0    36.0
   103.346    31.156    21.710    34.000     0.112      35      26    30.0    36.0
   103.332    31.142    21.710    34.000     0.096      33      26    32.0    36.0
   103.317    31.129    21.710    34.000     0.073      32      26    34.0    36.0
   103.303    31.116    21.710    34.000     0.051      33      23    36.0    36.0
   103.289    31.103    21.710    34.000     0.025      33      15    38.0    36.0
   103.274    31.090    21.710    34.000     0.012      32      11    40.0    36.0
   103.260    31.076    21.710    34.000     0.008      30      14    42.0    36.0
   103.246    31.063    21.710    34.000     0.007      32       4    44.0    36.0
   103.231    31.050    21.710    34.000     0.007      32       3    46.0    36.0
   103.217    31.037    21.710    34.000     0.007      31       3    48.0    36.0
   103.203    31.024    21.710    34.000     0.006      31       3    50.0    36.0
   103.189    31.010    21.710    34.000     0.004      30       2    52.0    36.0
   103.174    30.997    21.710    34.000     0.005     100      29    54.0    36.0
   103.160    30.984    21.710    34.000     0.009     100      29    56.0    36.0
   103.146    30.971    21.710    34.000     0.012     100      29    58.0    36.0
   103.132    30.958    21.710    34.000     0.012     100      27    60.0    36.0
   103.117    30.944    21.710    34.000     0.012     100      30    62.0    36.0
   103.103    30.931    21.710    34.000     0.014      97      27    64.0    36.0
   103.574    31.343    20.592    34.000     0.124      18      29     0.0    34.0
   103.559    31.330    20.592    34.000     0.184      17      29     2.0    34.0
   103.545    31.317    20.592    34.000     0.175      16      29     4.0    34.0
   103.531    31.303    20.592    34.000     0.167      17      28     6.0    34.0
   103.516    31.290    20.592    34.000     0.159      25      25     8.0    34.0
   103.502    31.277    20.592    34.000     0.187      25      24    10.0    34.0
   103.487    31.264    20.592    34.000     0.197      24      23    12.0    34.0
   103.473    31.251    20.592    34.000     0.170      24      21    14.0    34.0
   103.459    31.238    20.592    34.000     0.173      23      20    16.0    34.0
   103.444    31.224    20.592    34.000     0.158      23      19    18.0    34.0
   103.430    31.211    20.592    34.000     0.110      23      16    20.0    34.0
   103.416    31.198    20.592    34.000     0.089      26      20    22.0    34.0
   103.401    31.185    20.592    34.000     0.078      27      19    24.0    34.0
   103.387    31.172    20.592    34.000     0.078      34      27    26.0    34.0
   103.373    31.159    20.592    34.000     0.077      35      27    28.0    34.0
   103.359    31.145    20.592    34.000     0.082      33      27    30.0    34.0
   103.344    31.132    20.592    34.000     0.070      32      27    32.0    34.0
   103.330    31.119    20.592    34.000     0.063      30      27    34.0    34.0
   103.316    31.106    20.592    34.000     0.048      30      27    36.0    34.0
   103.301    31.093    20.592    34.000     0.014      28      27    38.0    34.0
   103.287    31.079    20.592    34.000     0.008      24      28    40.0    34.0
   103.273    31.066    20.592    34.000     0.006     100      32    42.0    34.0
   103.258    31.053    20.592    34.000     0.007     100      27    44.0    34.0
   103.244    31.040    20.592    34.000     0.008     100      27    46.0    34.0
   103.230    31.027    20.592    34.000     0.009     100      26    48.0    34.0
   103.216    31.013    20.592    34.000     0.009     100      28    50.0    34.0
   103.201    31.000    20.592    34.000     0.008     100      28    52.0    34.0
   103.187    30.987    20.592    34.000     0.012     100      28    54.0    34.0
   103.173    30.974    20.592    34.000     0.013      99      28    56.0    34.0
   103.159    30.961    20.592    34.000     0.014     100      21    58.0    34.0
   103.144    30.947    20.592    34.000     0.017     100      22    60.0    34.0
   103.130    30.934    20.592    34.000     0.017     100      24    62.0    34.0
   103.116    30.921    20.592    34.000     0.024      99      25    64.0    34.0
   103.586    31.333    19.474    34.000     0.126      48       1     0.0    32.0
   103.572    31.320    19.474    34.000     0.188      16      29     2.0    32.0
   103.558    31.306    19.474    34.000     0.255      15      30     4.0    32.0
   103.543    31.293    19.474    34.000     0.277      14      31     6.0    32.0
   103.529    31.280    19.474    34.000     0.305      13      33     8.0    32.0
   103.515    31.267    19.474    34.000     0.313      15      30    10.0    32.0
   103.500    31.254    19.474    34.000     0.344      15      27    12.0    32.0
   103.486    31.241    19.474    34.000     0.336      15      26    14.0    32.0
   103.472    31.227    19.474    34.000     0.319      13      26    16.0    32.0
   103.457    31.214    19.474    34.000     0.273      13      24    18.0    32.0
   103.443    31.201    19.474    34.000     0.241      16      20    20.0    32.0
   103.429    31.188    19.474    34.000     0.192      17      26    22.0    32.0
   103.414    31.175    19.474    34.000     0.167      17      26    24.0    32.0
   103.400    31.162    19.474    34.000     0.109      20      20    26.0    32.0
   103.386    31.148    19.474    34.000     0.076      13      26    28.0    32.0
   103.371    31.135    19.474    34.000     0.072      31      29    30.0    32.0
   103.357    31.122    19.474    34.000     0.067      31      28    32.0    32.0
   103.343    31.109    19.474    34.000     0.058      28      29    34.0    32.0
   103.328    31.096    19.474    34.000     0.055      31      28    36.0    32.0
   103.314    31.082    19.474    34.000     0.028      25      28    38.0    32.0
   103.300    31.069    19.474    34.000     0.021      30      31    40.0    32.0
   103.285    31.056    19.474    34.000     0.016      22      35    42.0    32.0
   103.271    31.043    19.474    34.000     0.015      21      35    44.0    32.0
   103.257    31.030    19.474    34.000     0.013      20      35    46.0    32.0
   103.243    31.016    19.474    34.000     0.013     100      27    48.0    32.0
   103.228    31.003    19.474    34.000     0.013     100      26    50.0    32.0
   103.214    30.990    19.474    34.000     0.013     100      25    52.0    32.0
   103.200    30.977    19.474    34.000     0.017      99      25    54.0    32.0
   103.186    30.964    19.474    34.000     0.022     100      23    56.0    32.0
   103.171    30.950    19.474    34.000     0.024     100      25    58.0    32.0
   103.157    30.937    19.474    34.000     0.028      99      24    60.0    32.0
   103.143    30.924    19.474    34.000     0.039      99      24    62.0    32.0
   103.129    30.911    19.474    34.000     0.035     100      24    64.0    32.0
   103.599    31.323    18.355    34.000     0.118      17      33     0.0    30.0
   103.585    31.309    18.355    34.000     0.168       9      35     2.0    30.0
   103.570    31.296    18.355    34.000     0.229       9      34     4.0    30.0
   103.556    31.283    18.355    34.000     0.328      14      31     6.0    30.0
   103.542    31.270    18.355    34.000     0.370      14      31     8.0    30.0
   103.527    31.257    18.355    34.000     0.441      15      28    10.0    30.0
   103.513    31.244    18.355    34.000     0.483      15      27    12.0    30.0
   103.499    31.230    18.355    34.000     0.523      15      25    14.0    30.0
   103.484    31.217    18.355    34.000     0.539      14      25    16.0    30.0
   103.470    31.204    18.355    34.000     0.546      18      24    18.0    30.0
   103.456    31.191    18.355    34.000     0.605      16      23    20.0    30.0
   103.441    31.178    18.355    34.000     0.586      15      22    22.0    30.0
   103.427    31.164    18.355    34.000     0.493      14      20    24.0    30.0
   103.413    31.151    18.355    34.000     0.449      12      19    26.0    30.0
   103.398    31.138    18.355    34.000     0.356      11      22    28.0    30.0
   103.384    31.125    18.355    34.000     0.265       9      23    30.0    30.0
   103.370    31.112    18.355    34.000     0.173      14      25    32.0    30.0
   103.355    31.099    18.355    34.000     0.130      12      27    34.0    30.0
   103.341    31.085    18.355    34.000     0.098      13      32    36.0    30.0
   103.327    31.072    18.355    34.000     0.095      10      32    38.0    30.0
   103.312    31.059    18.355    34.000     0.069      14      32    40.0    30.0
   103.298    31.046    18.355    34.000     0.058      14      33    42.0    30.0
   103.284    31.033    18.355    34.000     0.044      16      33    44.0    30.0
   103.270    31.019    18.355    34.000     0.031      21      35    46.0    30.0
   103.255    31.006    18.355    34.000     0.022      20      34    48.0    30.0
   103.241    30.993    18.355    34.000     0.016      21      35    50.0    30.0
   103.227    30.980    18.355    34.000     0.014       1      20    52.0    30.0
   103.213    30.967    18.355    34.000     0.012     100      25    54.0    30.0
   103.198    30.953    18.355    34.000     0.017      99      25    56.0    30.0
   103.184    30.940    18.355    34.000     0.026      96      25    58.0    30.0
   103.170    30.927    18.355    34.000     0.024      97      25    60.0    30.0
   103.156    30.914    18.355    34.000     0.019      95      24    62.0    30.0
   103.141    30.901    18.355    34.000     0.021      96      25    64.0    30.0
   103.612    31.312    17.237    34.000     0.084      83      36     0.0    28.0
   103.597    31.299    17.237    34.000     0.082      83      36     2.0    28.0
   103.583    31.286    17.237    34.000     0.136      13      34     4.0    28.0
   103.569    31.273    17.237    34.000     0.234      16      24     6.0    28.0
   103.554    31.260    17.237    34.000     0.409      17      25     8.0    28.0
   103.540    31.246    17.237    34.000     0.490      16      25    10.0    28.0
   103.526    31.233    17.237    34.000     0.556      16      24    12.0    28.0
   103.511    31.220    17.237    34.000     0.667      20      24    14.0    28.0
   103.497    31.207    17.237    34.000     0.733      19      23    16.0    28.0
   103.483    31.194    17.237    34.000     0.805      17      23    18.0    28.0
   103.468    31.181    17.237    34.000     0.838      15      22    20.0    28.0
   103.454    31.167    17.237    34.000     0.843      15      22    22.0    28.0
   103.440    31.154    17.237    34.000     0.837      13      22    24.0    28.0
   103.425    31.141    17.237    34.000     0.780      11      22    26.0    28.0
   103.411    31.128    17.237    34.000     0.642      13      23    28.0    28.0
   103.397    31.115    17.237    34.000     0.519      11      23    30.0    28.0
   103.382    31.102    17.237    34.000     0.446      10      23    32.0    28.0
   103.368    31.088    17.237    34.000     0.303      10      27    34.0    28.0
   103.354    31.075    17.237    34.000     0.240       8      30    36.0    28.0
   103.339    31.062    17.237    34.000     0.194      10      32    38.0    28.0
   103.325    31.049    17.237    34.000     0.160      12      32    40.0    28.0
   103.311    31.036    17.237    34.000     0.120      15      32    42.0    28.0
   103.297    31.022    17.237    34.000     0.086      17      33    44.0    28.0
   103.282    31.009    17.237    34.000     0.069      18      33    46.0    28.0
   103.268    30.996    17.237    34.000     0.038       4       7    48.0    28.0
   103.254    30.983    17.237    34.000     0.027      12      31    50.0    28.0
   103.240    30.970    17.237    34.000     0.021      11      31    52.0    28.0
   103.225    30.956    17.237    34.000     0.010       1      14    54.0    28.0
   103.211    30.943    17.237    34.000     0.007       1      14    56.0    28.0
   103.197    30.930    17.237    34.000     0.007      14       5    58.0    28.0
   103.182    30.917    17.237    34.000     0.011      18       3    60.0    28.0
   103.168    30.904    17.237    34.000     0.014      17       3    62.0    28.0
   103.154    30.890    17.237    34.000     0.018      19       3    64.0    28.0
   103.624    31.302    16.118    34.000     0.053      29      10     0.0    26.0
   103.610    31.289    16.118    34.000     0.067      26      12     2.0    26.0
   103.596    31.276    16.118    34.000     0.112      22      14     4.0    26.0
   103.581    31.263    16.118    34.000     0.214      13      15     6.0    26.0
   103.567    31.249    16.118    34.000     0.318      14      15     8.0    26.0
   103.553    31.236    16.118    34.000     0.431      15      15    10.0    26.0
   103.538    31.223    16.118    34.000     0.524      15      16    12.0    26.0
   103.524    31.210    16.118    34.000     0.612      18      21    14.0    26.0
   103.510    31.197    16.118    34.000     0.688      17      22    16.0    26.0
   103.495    31.184    16.118    34.000     0.821      16      22    18.0    26.0
   103.481    31.170    16.118    34.000     0.847      16      22    20.0    26.0
   103.467    31.157    16.118    34.000     0.893      15      23    22.0    26.0
   103.452    31.144    16.118    34.000     0.888      14      24    24.0    26.0
   103.438    31.131    16.118    34.000     0.832      11      23    26.0    26.0
   103.424    31.118    16.118    34.000     0.778       9      22    28.0    26.0
   103.409    31.105    16.118    34.000     0.700      12      25    30.0    26.0
   103.395    31.091    16.118    34.000     0.624      11      27    32.0    26.0
   103.381    31.078    16.118    34.000     0.494      12      24    34.0    26.0
   103.366    31.065    16.118    34.000     0.356       8      29    36.0    26.0
   103.352    31.052    16.118    34.000     0.324      12      32    38.0    26.0
   103.338    31.039    16.118    34.000     0.273      10      32    40.0    26.0
   103.324    31.025    16.118    34.000     0.173      15      32    42.0    26.0
   103.309    31.012    16.118    34.000     0.122      17      32    44.0    26.0
   103.295    30.999    16.118    34.000     0.086      13      32    46.0    26.0
   103.281    30.986    16.118    34.000     0.057      16      32    48.0    26.0
   103.266    30.973    16.118    34.000     0.034      18      32    50.0    26.0
   103.252    30.959    16.118    34.000     0.025      14      31    52.0    26.0
   103.238    30.946    16.118    34.000     0.020       1      32    54.0    26.0
   103.224    30.933    16.118    34.000     0.013       1      32    56.0    26.0
   103.209    30.920    16.118    34.000     0.008       1      33    58.0    26.0
   103.195    30.907    16.118    34.000     0.010      83      36    60.0    26.0
   103.181    30.893    16.118    34.000     0.018      81      36    62.0    26.0
   103.167    30.880    16.118    34.000     0.019      86      36    64.0    26.0
   103.637    31.292    15.000    34.000     0.074       1       3     0.0    24.0
   103.623    31.279    15.000    34.000     0.090      22      12     2.0    24.0
   103.608    31.266    15.000    34.000     0.125      12      11     4.0    24.0
   103.594    31.252    15.000    34.000     0.180      12      15     6.0    24.0
   103.580    31.239    15.000    34.000     0.267      12      15     8.0    24.0
   103.565    31.226    15.000    34.000     0.347      10      15    10.0    24.0
   103.551    31.213    15.000    34.000     0.451      10      18    12.0    24.0
   103.537    31.200    15.000    34.000     0.533       7      17    14.0    24.0
   103.522    31.187    15.000    34.000     0.610       7      19    16.0    24.0
   103.508    31.173    15.000    34.000     0.680       5      19    18.0    24.0
   103.494    31.160    15.000    34.000     0.694       4      19    20.0    24.0
   103.479    31.147    15.000    34.000     0.723      15      25    22.0    24.0
   103.465    31.134    15.000    34.000     0.753      14      26    24.0    24.0
   103.451    31.121    15.000    34.000     0.752      14      26    26.0    24.0
   103.436    31.107    15.000    34.000     0.740      12      27    28.0    24.0
   103.422    31.094    15.000    34.000     0.667       8      24    30.0    24.0
   103.408    31.081    15.000    34.000     0.592      13      29    32.0    24.0
   103.393    31.068    15.000    34.000     0.544      13      30    34.0    24.0
   103.379    31.055    15.000    34.000     0.482      14      32    36.0    24.0
   103.365    31.042    15.000    34.000     0.375      16      33    38.0    24.0
   103.351    31.028    15.000    34.000     0.309      10      32    40.0    24.0
   103.336    31.015    15.000    34.000     0.252      14      33    42.0    24.0
   103.322    31.002    15.000    34.000     0.172      16      33    44.0    24.0
   103.308    30.989    15.000    34.000     0.115      12      32    46.0    24.0
   103.293    30.976    15.000    34.000     0.080      10      34    48.0    24.0
   103.279    30.962    15.000    34.000     0.055       8      32    50.0    24.0
   103.265    30.949    15.000    34.000     0.039       7      33    52.0    24.0
   103.251    30.936    15.000    34.000     0.023       3      34    54.0    24.0
   103.236    30.923    15.000    34.000     0.031       1      34    56.0    24.0
   103.222    30.910    15.000    34.000     0.031       1      34    58.0    24.0
   103.208    30.896    15.000    34.000     0.028       1      34    60.0    24.0
   103.194    30.883    15.000    34.000     0.021      88      36    62.0    24.0
   103.179    30.870    15.000    34.000     0.033      83      36    64.0    24.0
   103.650    31.282    13.882    34.000     0.151      10       3     0.0    22.0
   103.635    31.268    13.882    34.000     0.130       9       4     2.0    22.0
   103.621    31.255    13.882    34.000     0.122      15      12     4.0    22.0
   103.607    31.242    13.882    34.000     0.147       7      11     6.0    22.0
   103.592    31.229    13.882    34.000     0.188       8      15     8.0    22.0
   103.578    31.216    13.882    34.000     0.304       7      16    10.0    22.0
   103.564    31.203    13.882    34.000     0.363       7      17    12.0    22.0
   103.549    31.189    13.882    34.000     0.439       4      16    14.0    22.0
   103.535    31.176    13.882    34.000     0.498       5      18    16.0    22.0
   103.521    31.163    13.882    34.000     0.557       2      17    18.0    22.0
   103.506    31.150    13.882    34.000     0.597       1      18    20.0    22.0
   103.492    31.137    13.882    34.000     0.630       1      19    22.0    22.0
   103.478    31.124    13.882    34.000     0.622       1      20    24.0    22.0
   103.463    31.110    13.882    34.000     0.597       3      20    26.0    22.0
   103.449    31.097    13.882    34.000     0.559       8      23    28.0    22.0
   103.435    31.084    13.882    34.000     0.533      11      26    30.0    22.0
   103.420    31.071    13.882    34.000     0.509      11      28    32.0    22.0
   103.406    31.058    13.882    34.000     0.421      12      29    34.0    22.0
   103.392    31.045    13.882    34.000     0.357      18      35    36.0    22.0
   103.378    31.031    13.882    34.000     0.332      17      35    38.0    22.0
   103.363    31.018    13.882    34.000     0.311      13      34    40.0    22.0
   103.349    31.005    13.882    34.000     0.258      14      34    42.0    22.0
   103.335    30.992    13.882    34.000     0.179      13      33    44.0    22.0
   103.320    30.979    13.882    34.000     0.130      11      34    46.0    22.0
   103.306    30.965    13.882    34.000     0.115      10      36    48.0    22.0
   103.292    30.952    13.882    34.000     0.091       9      35    50.0    22.0
   103.278    30.939    13.882    34.000     0.073      14      36    52.0    22.0
   103.263    30.926    13.882    34.000     0.059      12      36    54.0    22.0
   103.249    30.913    13.882    34.000     0.052      11      36    56.0    22.0
   103.235    30.899    13.882    34.000     0.037       1      34    58.0    22.0
   103.221    30.886    13.882    34.000     0.034       2      36    60.0    22.0
   103.206    30.873    13.882    34.000     0.043       1      35    62.0    22.0
   103.192    30.860    13.882    34.000     0.058       1      35    64.0    22.0
   103.663    31.271    12.763    34.000     0.236      13       3     0.0    20.0
   103.648    31.258    12.763    34.000     0.212      14       3     2.0    20.0
   103.634    31.245    12.763    34.000     0.151      15       3     4.0    20.0
   103.619    31.232    12.763    34.000     0.118       8       4     6.0    20.0
   103.605    31.219    12.763    34.000     0.184       4      14     8.0    20.0
   103.591    31.206    12.763    34.000     0.246       3      13    10.0    20.0
   103.576    31.192    12.763    34.000     0.296       3      13    12.0    20.0
   103.562    31.179    12.763    34.000     0.362       1      15    14.0    20.0
   103.548    31.166    12.763    34.000     0.392       1      15    16.0    20.0
   103.533    31.153    12.763    34.000     0.419       1      15    18.0    20.0
   103.519    31.140    12.763    34.000     0.445       1      15    20.0    20.0
   103.505    31.127    12.763    34.000     0.461       1      16    22.0    20.0
   103.490    31.113    12.763    34.000     0.461       2      18    24.0    20.0
   103.476    31.100    12.763    34.000     0.449       3      20    26.0    20.0
   103.462    31.087    12.763    34.000     0.429       4      21    28.0    20.0
   103.447    31.074    12.763    34.000     0.353       7      22    30.0    20.0
   103.433    31.061    12.763    34.000     0.367      19      36    32.0    20.0
   103.419    31.048    12.763    34.000     0.335      17      35    34.0    20.0
   103.405    31.034    12.763    34.000     0.337      19      36    36.0    20.0
   103.390    31.021    12.763    34.000     0.319      18      36    38.0    20.0
   103.376    31.008    12.763    34.000     0.273      19      36    40.0    20.0
   103.362    30.995    12.763    34.000     0.235      21      36    42.0    20.0
   103.347    30.982    12.763    34.000     0.182      19      36    44.0    20.0
   103.333    30.968    12.763    34.000     0.138      16      36    46.0    20.0
   103.319    30.955    12.763    34.000     0.139      11      36    48.0    20.0
   103.305    30.942    12.763    34.000     0.134      12      36    50.0    20.0
   103.290    30.929    12.763    34.000     0.124      13      36    52.0    20.0
   103.276    30.916    12.763    34.000     0.105      11      36    54.0    20.0
   103.262    30.902    12.763    34.000     0.081      10      36    56.0    20.0
   103.248    30.889    12.763    34.000     0.055      14      36    58.0    20.0
   103.233    30.876    12.763    34.000     0.055      14      36    60.0    20.0
   103.219    30.863    12.763    34.000     0.069       1      35    62.0    20.0
   103.205    30.850    12.763    34.000     0.074       1      35    64.0    20.0
   103.675    31.261    11.645    34.000     0.216      16       3     0.0    18.0
   103.661    31.248    11.645    34.000     0.161      13       3     2.0    18.0
   103.647    31.235    11.645    34.000     0.149      10       3     4.0    18.0
   103.632    31.222    11.645    34.000     0.137       9       3     6.0    18.0
   103.618    31.209    11.645    34.000     0.169       2      14     8.0    18.0
   103.603    31.195    11.645    34.000     0.207       2      14    10.0    18.0
   103.589    31.182    11.645    34.000     0.263       1      15    12.0    18.0
   103.575    31.169    11.645    34.000     0.287       2      16    14.0    18.0
   103.560    31.156    11.645    34.000     0.377       1      15    16.0    18.0
   103.546    31.143    11.645    34.000     0.396       1      15    18.0    18.0
   103.532    31.130    11.645    34.000     0.394       1      16    20.0    18.0
   103.517    31.116    11.645    34.000     0.364       2      16    22.0    18.0
   103.503    31.103    11.645    34.000     0.318       3      17    24.0    18.0
   103.489    31.090    11.645    34.000     0.294       4      19    26.0    18.0
   103.474    31.077    11.645    34.000     0.281       5      21    28.0    18.0
   103.460    31.064    11.645    34.000     0.250       5      21    30.0    18.0
   103.446    31.051    11.645    34.000     0.255      21      35    32.0    18.0
   103.432    31.037    11.645    34.000     0.271      19      36    34.0    18.0
   103.417    31.024    11.645    34.000     0.262      20      36    36.0    18.0
   103.403    31.011    11.645    34.000     0.252      19      36    38.0    18.0
   103.389    30.998    11.645    34.000     0.237      19      36    40.0    18.0
   103.374    30.985    11.645    34.000     0.222      20      36    42.0    18.0
   103.360    30.971    11.645    34.000     0.176      21      36    44.0    18.0
   103.346    30.958    11.645    34.000     0.126      18      36    46.0    18.0
   103.332    30.945    11.645    34.000     0.109      19      36    48.0    18.0
   103.317    30.932    11.645    34.000     0.100      11      36    50.0    18.0
   103.303    30.919    11.645    34.000     0.110      11      36    52.0    18.0
   103.289    30.905    11.645    34.000     0.104      11      36    54.0    18.0
   103.274    30.892    11.645    34.000     0.099      12      36    56.0    18.0
   103.260    30.879    11.645    34.000     0.067      13      36    58.0    18.0
   103.246    30.866    11.645    34.000     0.057      14      36    60.0    18.0
   103.232    30.853    11.645    34.000     0.053       6      36    62.0    18.0
   103.217    30.839    11.645    34.000     0.057       7      36    64.0    18.0
   103.688    31.251    10.526    34.000     0.160      13       3     0.0    16.0
   103.674    31.238    10.526    34.000     0.142      13       3     2.0    16.0
   103.659    31.225    10.526    34.000     0.139      12       3     4.0    16.0
   103.645    31.211    10.526    34.000     0.121      12       3     6.0    16.0
   103.631    31.198    10.526    34.000     0.116       2      14     8.0    16.0
   103.616    31.185    10.526    34.000     0.135       1      15    10.0    16.0
   103.602    31.172    10.526    34.000     0.152       2      15    12.0    16.0
   103.587    31.159    10.526    34.000     0.158       3      16    14.0    16.0
   103.573    31.146    10.526    34.000     0.219       1      16    16.0    16.0
   103.559    31.132    10.526    34.000     0.229       1      16    18.0    16.0
   103.544    31.119    10.526    34.000     0.238       1      15    20.0    16.0
   103.530    31.106    10.526    34.000     0.232       1      16    22.0    16.0
   103.516    31.093    10.526    34.000     0.244       1      16    24.0    16.0
   103.501    31.080    10.526    34.000     0.215       1      17    26.0    16.0
   103.487    31.067    10.526    34.000     0.159      27      34    28.0    16.0
   103.473    31.053    10.526    34.000     0.206      26      35    30.0    16.0
   103.459    31.040    10.526    34.000     0.215      25      35    32.0    16.0
   103.444    31.027    10.526    34.000     0.203      22      36    34.0    16.0
   103.430    31.014    10.526    34.000     0.187      22      35    36.0    16.0
   103.416    31.001    10.526    34.000     0.186      19      37    38.0    16.0
   103.401    30.988    10.526    34.000     0.176      17      36    40.0    16.0
   103.387    30.974    10.526    34.000     0.163      22      36    42.0    16.0
   103.373    30.961    10.526    34.000     0.155      22      36    44.0    16.0
   103.358    30.948    10.526    34.000     0.137      23      36    46.0    16.0
   103.344    30.935    10.526    34.000     0.118      25      35    48.0    16.0
   103.330    30.922    10.526    34.000     0.085      16      37    50.0    16.0
   103.316    30.908    10.526    34.000     0.075      17      37    52.0    16.0
   103.301    30.895    10.526    34.000     0.075      17      37    54.0    16.0
   103.287    30.882    10.526    34.000     0.072      17      37    56.0    16.0
   103.273    30.869    10.526    34.000     0.068      18      37    58.0    16.0
   103.259    30.856    10.526    34.000     0.062      18      37    60.0    16.0
   103.244    30.842    10.526    34.000     0.051      15      37    62.0    16.0
   103.230    30.829    10.526    34.000     0.083      12      36    64.0    16.0
   103.701    31.241     9.408    34.000     0.122      36       8     0.0    14.0
   103.686    31.228     9.408    34.000     0.099      14       4     2.0    14.0
   103.672    31.214     9.408    34.000     0.094      14       4     4.0    14.0
   103.658    31.201     9.408    34.000     0.078      52      28     6.0    14.0
   103.643    31.188     9.408    34.000     0.092      53      27     8.0    14.0
   103.629    31.175     9.408    34.000     0.094      53      27    10.0    14.0
   103.614    31.162     9.408    34.000     0.103      55      23    12.0    14.0
   103.600    31.149     9.408    34.000     0.090      54      21    14.0    14.0
   103.586    31.135     9.408    34.000     0.088       1      16    16.0    14.0
   103.571    31.122     9.408    34.000     0.124       1      16    18.0    14.0
   103.557    31.109     9.408    34.000     0.133       1      16    20.0    14.0
   103.543    31.096     9.408    34.000     0.155      35      32    22.0    14.0
   103.528    31.083     9.408    34.000     0.197      35      32    24.0    14.0
   103.514    31.070     9.408    34.000     0.218      35      31    26.0    14.0
   103.500    31.056     9.408    34.000     0.254      34      31    28.0    14.0
   103.486    31.043     9.408    34.000     0.242      31      33    30.0    14.0
   103.471    31.030     9.408    34.000     0.209      36      29    32.0    14.0
   103.457    31.017     9.408    34.000     0.208      34      31    34.0    14.0
   103.443    31.004     9.408    34.000     0.212      34      31    36.0    14.0
   103.428    30.991     9.408    34.000     0.237      34      31    38.0    14.0
   103.414    30.977     9.408    34.000     0.240      34      31    40.0    14.0
   103.400    30.964     9.408    34.000     0.236      34      31    42.0    14.0
   103.385    30.951     9.408    34.000     0.201      34      31    44.0    14.0
   103.371    30.938     9.408    34.000     0.174      26      36    46.0    14.0
   103.357    30.925     9.408    34.000     0.167      38      31    48.0    14.0
   103.343    30.911     9.408    34.000     0.170      34      33    50.0    14.0
   103.328    30.898     9.408    34.000     0.171      32      33    52.0    14.0
   103.314    30.885     9.408    34.000     0.132      30      35    54.0    14.0
   103.300    30.872     9.408    34.000     0.094      33      31    56.0    14.0
   103.286    30.859     9.408    34.000     0.096      22      36    58.0    14.0
   103.271    30.845     9.408    34.000     0.116      20      37    60.0    14.0
   103.257    30.832     9.408    34.000     0.071      19      37    62.0    14.0
   103.243    30.819     9.408    34.000     0.102      14      37    64.0    14.0
   103.713    31.230     8.290    34.000     0.266      36      10     0.0    12.0
   103.699    31.217     8.290    34.000     0.182      35      11     2.0    12.0
   103.685    31.204     8.290    34.000     0.105      32      12     4.0    12.0
   103.670    31.191     8.290    34.000     0.143      50      28     6.0    12.0
   103.656    31.178     8.290    34.000     0.189      51      25     8.0    12.0
   103.642    31.165     8.290    34.000     0.235      52      23    10.0    12.0
   103.627    31.152     8.290    34.000     0.256      52      20    12.0    12.0
   103.613    31.138     8.290    34.000     0.261      50      23    14.0    12.0
   103.598    31.125     8.290    34.000     0.252      51      23    16.0    12.0
   103.584    31.112     8.290    34.000     0.222      53      22    18.0    12.0
   103.570    31.099     8.290    34.000     0.220      39      25    20.0    12.0
   103.555    31.086     8.290    34.000     0.244      38      27    22.0    12.0
   103.541    31.073     8.290    34.000     0.260      39      27    24.0    12.0
   103.527    31.059     8.290    34.000     0.296      33      32    26.0    12.0
   103.513    31.046     8.290    34.000     0.352      34      31    28.0    12.0
   103.498    31.033     8.290    34.000     0.369      34      32    30.0    12.0
   103.484    31.020     8.290    34.000     0.371      33      32    32.0    12.0
   103.470    31.007     8.290    34.000     0.316      33      32    34.0    12.0
   103.455    30.994     8.290    34.000     0.286      35      32    36.0    12.0
   103.441    30.980     8.290    34.000     0.289      33      32    38.0    12.0
   103.427    30.967     8.290    34.000     0.304      34      31    40.0    12.0
   103.412    30.954     8.290    34.000     0.310      34      31    42.0    12.0
   103.398    30.941     8.290    34.000     0.307      35      31    44.0    12.0
   103.384    30.928     8.290    34.000     0.305      35      31    46.0    12.0
   103.370    30.914     8.290    34.000     0.286      36      31    48.0    12.0
   103.355    30.901     8.290    34.000     0.252      35      31    50.0    12.0
   103.341    30.888     8.290    34.000     0.250      33      33    52.0    12.0
   103.327    30.875     8.290    34.000     0.265      33      33    54.0    12.0
   103.313    30.862     8.290    34.000     0.230      32      31    56.0    12.0
   103.298    30.848     8.290    34.000     0.188      33      32    58.0    12.0
   103.284    30.835     8.290    34.000     0.145      25      31    60.0    12.0
   103.270    30.822     8.290    34.000     0.143      22      35    62.0    12.0
   103.255    30.809     8.290    34.000     0.110      23      35    64.0    12.0
   103.726    31.220     7.171    34.000     0.223      35      10     0.0    10.0
   103.712    31.207     7.171    34.000     0.171      35       7     2.0    10.0
   103.697    31.194     7.171    34.000     0.156      55      23     4.0    10.0
   103.683    31.181     7.171    34.000     0.216      55      23     6.0    10.0
   103.669    31.168     7.171    34.000     0.267      51      25     8.0    10.0
   103.654    31.154     7.171    34.000     0.343      50      25    10.0    10.0
   103.640    31.141     7.171    34.000     0.403      48      26    12.0    10.0
   103.626    31.128     7.171    34.000     0.435      48      27    14.0    10.0
   103.611    31.115     7.171    34.000     0.454      49      28    16.0    10.0
   103.597    31.102     7.171    34.000     0.446      49      29    18.0    10.0
   103.583    31.089     7.171    34.000     0.427      50      29    20.0    10.0
   103.568    31.075     7.171    34.000     0.350      50      29    22.0    10.0
   103.554    31.062     7.171    34.000     0.321      45      25    24.0    10.0
   103.540    31.049     7.171    34.000     0.314      44      26    26.0    10.0
   103.525    31.036     7.171    34.000     0.298      43      27    28.0    10.0
   103.511    31.023     7.171    34.000     0.255      34      31    30.0    10.0
   103.497    31.010     7.171    34.000     0.291      36      31    32.0    10.0
   103.482    30.996     7.171    34.000     0.290      35      31    34.0    10.0
   103.468    30.983     7.171    34.000     0.250      32      31    36.0    10.0
   103.454    30.970     7.171    34.000     0.248      29      33    38.0    10.0
   103.439    30.957     7.171    34.000     0.258      26      27    40.0    10.0
   103.425    30.944     7.171    34.000     0.273      28      28    42.0    10.0
   103.411    30.931     7.171    34.000     0.273      27      26    44.0    10.0
   103.397    30.917     7.171    34.000     0.289      34      33    46.0    10.0
   103.382    30.904     7.171    34.000     0.292      34      34    48.0    10.0
   103.368    30.891     7.171    34.000     0.300      38      33    50.0    10.0
   103.354    30.878     7.171    34.000     0.319      38      33    52.0    10.0
   103.339    30.865     7.171    34.000     0.358      35      33    54.0    10.0
   103.325    30.851     7.171    34.000     0.381      32      33    56.0    10.0
   103.311    30.838     7.171    34.000     0.414      31      32    58.0    10.0
   103.297    30.825     7.171    34.000     0.316      30      31    60.0    10.0
   103.282    30.812     7.171    34.000     0.271      25      31    62.0    10.0
   103.268    30.799     7.171    34.000     0.278      25      32    64.0    10.0
   103.739    31.210     6.053    34.000     0.096      42       3     0.0     8.0
   103.724    31.197     6.053    34.000     0.104      60      17     2.0     8.0
   103.710    31.184     6.053    34.000     0.154      58      16     4.0     8.0
   103.696    31.171     6.053    34.000     0.205      56      19     6.0     8.0
   103.681    31.157     6.053    34.000     0.249      54      22     8.0     8.0
   103.667    31.144     6.053    34.000     0.290      53      24    10.0     8.0
   103.653    31.131     6.053    34.000     0.319      52      25    12.0     8.0
   103.638    31.118     6.053    34.000     0.348      52      26    14.0     8.0
   103.624    31.105     6.053    34.000     0.349      51      27    16.0     8.0
   103.610    31.092     6.053    34.000     0.348      50      29    18.0     8.0
   103.595    31.078     6.053    34.000     0.370      48      26    20.0     8.0
   103.581    31.065     6.053    34.000     0.328      49      28    22.0     8.0
   103.567    31.052     6.053    34.000     0.309      48      28    24.0     8.0
   103.552    31.039     6.053    34.000     0.266      43      26    26.0     8.0
   103.538    31.026     6.053    34.000     0.273      44      27    28.0     8.0
   103.524    31.013     6.053    34.000     0.253      44      27    30.0     8.0
   103.509    30.999     6.053    34.000     0.216      44      31    32.0     8.0
   103.495    30.986     6.053    34.000     0.180      42      31    34.0     8.0
   103.481    30.973     6.053    34.000     0.197      39      32    36.0     8.0
   103.466    30.960     6.053    34.000     0.198      38      34    38.0     8.0
   103.452    30.947     6.053    34.000     0.152      40      34    40.0     8.0
   103.438    30.934     6.053    34.000     0.132      38      34    42.0     8.0
   103.423    30.920     6.053    34.000     0.138      25      33    44.0     8.0
   103.409    30.907     6.053    34.000     0.162      25      33    46.0     8.0
   103.395    30.894     6.053    34.000     0.189      35      32    48.0     8.0
   103.381    30.881     6.053    34.000     0.208      36      32    50.0     8.0
   103.366    30.868     6.053    34.000     0.237      34      34    52.0     8.0
   103.352    30.854     6.053    34.000     0.273      34      34    54.0     8.0
   103.338    30.841     6.053    34.000     0.301      34      34    56.0     8.0
   103.324    30.828     6.053    34.000     0.348      34      34    58.0     8.0
   103.309    30.815     6.053    34.000     0.352      34      34    60.0     8.0
   103.295    30.802     6.053    34.000     0.368      34      35    62.0     8.0
   103.281    30.788     6.053    34.000     0.323      34      34    64.0     8.0
   103.751    31.200     4.935    34.000     0.103      56       5     0.0     6.0
   103.737    31.187     4.935    34.000     0.092      58       7     2.0     6.0
   103.723    31.173     4.935    34.000     0.090      60      15     4.0     6.0
   103.708    31.160     4.935    34.000     0.102      61      19     6.0     6.0
   103.694    31.147     4.935    34.000     0.128      59      23     8.0     6.0
   103.680    31.134     4.935    34.000     0.147      57      27    10.0     6.0
   103.665    31.121     4.935    34.000     0.178      57      26    12.0     6.0
   103.651    31.108     4.935    34.000     0.198      54      27    14.0     6.0
   103.637    31.095     4.935    34.000     0.198      56      28    16.0     6.0
   103.622    31.081     4.935    34.000     0.201      56      29    18.0     6.0
   103.608    31.068     4.935    34.000     0.190      56      31    20.0     6.0
   103.594    31.055     4.935    34.000     0.185      52      27    22.0     6.0
   103.579    31.042     4.935    34.000     0.177      51      28    24.0     6.0
   103.565    31.029     4.935    34.000     0.156      51      31    26.0     6.0
   103.551    31.016     4.935    34.000     0.135      55      31    28.0     6.0
   103.536    31.002     4.935    34.000     0.113      47      25    30.0     6.0
   103.522    30.989     4.935    34.000     0.111      45      32    32.0     6.0
   103.508    30.976     4.935    34.000     0.109      45      32    34.0     6.0
   103.493    30.963     4.935    34.000     0.106      40      29    36.0     6.0
   103.479    30.950     4.935    34.000     0.117      40      32    38.0     6.0
   103.465    30.937     4.935    34.000     0.116      40      33    40.0     6.0
   103.450    30.923     4.935    34.000     0.108      40      34    42.0     6.0
   103.436    30.910     4.935    34.000     0.088      40      34    44.0     6.0
   103.422    30.897     4.935    34.000     0.082      39      34    46.0     6.0
   103.408    30.884     4.935    34.000     0.099      33      34    48.0     6.0
   103.393    30.871     4.935    34.000     0.111      33      34    50.0     6.0
   103.379    30.857     4.935    34.000     0.139      33      36    52.0     6.0
   103.365    30.844     4.935    34.000     0.152      31      36    54.0     6.0
   103.351    30.831     4.935    34.000     0.177      30      36    56.0     6.0
   103.336    30.818     4.935    34.000     0.190      30      36    58.0     6.0
   103.322    30.805     4.935    34.000     0.191      27      36    60.0     6.0
   103.308    30.791     4.935    34.000     0.196      24      36    62.0     6.0
   103.294    30.778     4.935    34.000     0.208      28      36    64.0     6.0
   103.764    31.189     3.816    34.000     0.061      74       1     0.0     4.0
   103.750    31.176     3.816    34.000     0.055      62       8     2.0     4.0
   103.735    31.163     3.816    34.000     0.062      60       8     4.0     4.0
   103.721    31.150     3.816    34.000     0.063      59      10     6.0     4.0
   103.707    31.137     3.816    34.000     0.070      59      13     8.0     4.0
   103.692    31.124     3.816    34.000     0.074      56      12    10.0     4.0
   103.678    31.111     3.816    34.000     0.081      55      14    12.0     4.0
   103.664    31.097     3.816    34.000     0.089      55      17    14.0     4.0
   103.649    31.084     3.816    34.000     0.108      54      15    16.0     4.0
   103.635    31.071     3.816    34.000     0.111      53      17    18.0     4.0
   103.621    31.058     3.816    34.000     0.107      54      18    20.0     4.0
   103.606    31.045     3.816    34.000     0.103      57      28    22.0     4.0
   103.592    31.032     3.816    34.000     0.113      55      28    24.0     4.0
   103.578    31.018     3.816    34.000     0.112      55      29    26.0     4.0
   103.563    31.005     3.816    34.000     0.104      55      30    28.0     4.0
   103.549    30.992     3.816    34.000     0.092      30       1    30.0     4.0
   103.535    30.979     3.816    34.000     0.081      63      36    32.0     4.0
   103.520    30.966     3.816    34.000     0.083      63      37    34.0     4.0
   103.506    30.953     3.816    34.000     0.086      65      37    36.0     4.0
   103.492    30.939     3.816    34.000     0.067      65      37    38.0     4.0
   103.477    30.926     3.816    34.000     0.062      61      37    40.0     4.0
   103.463    30.913     3.816    34.000     0.048      56      37    42.0     4.0
   103.449    30.900     3.816    34.000     0.054      32      26    44.0     4.0
   103.435    30.887     3.816    34.000     0.061      32      27    46.0     4.0
   103.420    30.874     3.816    34.000     0.070      32      28    48.0     4.0
   103.406    30.860     3.816    34.000     0.076      32      29    50.0     4.0
   103.392    30.847     3.816    34.000     0.082      30      29    52.0     4.0
   103.377    30.834     3.816    34.000     0.092      24      27    54.0     4.0
   103.363    30.821     3.816    34.000     0.118      25      29    56.0     4.0
   103.349    30.808     3.816    34.000     0.125      25      30    58.0     4.0
   103.335    30.794     3.816    34.000     0.120      25      31    60.0     4.0
   103.320    30.781     3.816    34.000     0.121      26      32    62.0     4.0
   103.306    30.768     3.816    34.000     0.111      24      32    64.0     4.0
   103.777    31.179     2.698    34.000     0.066      75       1     0.0     2.0
   103.762    31.166     2.698    34.000     0.038      62      10     2.0     2.0
   103.748    31.153     2.698    34.000     0.041      61      11     4.0     2.0
   103.734    31.140     2.698    34.000     0.044      63      11     6.0     2.0
   103.719    31.127     2.698    34.000     0.053      62      14     8.0     2.0
   103.705    31.114     2.698    34.000     0.056      60      13    10.0     2.0
   103.691    31.100     2.698    34.000     0.073      59      13    12.0     2.0
   103.676    31.087     2.698    34.000     0.077      58      15    14.0     2.0
   103.662    31.074     2.698    34.000     0.082      55      15    16.0     2.0
   103.648    31.061     2.698    34.000     0.083      55      17    18.0     2.0
   103.633    31.048     2.698    34.000     0.079      55      20    20.0     2.0
   103.619    31.035     2.698    34.000     0.074      55      22    22.0     2.0
   103.605    31.021     2.698    34.000     0.055      55      25    24.0     2.0
   103.590    31.008     2.698    34.000     0.052      56      27    26.0     2.0
   103.576    30.995     2.698    34.000     0.049      36       2    28.0     2.0
   103.562    30.982     2.698    34.000     0.057      73      36    30.0     2.0
   103.547    30.969     2.698    34.000     0.074      73      36    32.0     2.0
   103.533    30.956     2.698    34.000     0.078      72      36    34.0     2.0
   103.519    30.942     2.698    34.000     0.089      69      37    36.0     2.0
   103.504    30.929     2.698    34.000     0.069      70      37    38.0     2.0
   103.490    30.916     2.698    34.000     0.049      67      37    40.0     2.0
   103.476    30.903     2.698    34.000     0.043      72      37    42.0     2.0
   103.462    30.890     2.698    34.000     0.039      69      37    44.0     2.0
   103.447    30.877     2.698    34.000     0.040      34      24    46.0     2.0
   103.433    30.863     2.698    34.000     0.045      33      25    48.0     2.0
   103.419    30.850     2.698    34.000     0.047      33      26    50.0     2.0
   103.404    30.837     2.698    34.000     0.055      34      28    52.0     2.0
   103.390    30.824     2.698    34.000     0.063      25      26    54.0     2.0
   103.376    30.811     2.698    34.000     0.076      25      27    56.0     2.0
   103.362    30.797     2.698    34.000     0.081      27      29    58.0     2.0
   103.347    30.784     2.698    34.000     0.076      28      30    60.0     2.0
   103.333    30.771     2.698    34.000     0.069      30      29    62.0     2.0
   103.319    30.758     2.698    34.000     0.074      29      29    64.0     2.0
   103.789    31.169     1.579    34.000     0.044      78       1     0.0     0.0
   103.775    31.156     1.579    34.000     0.032      12       4     2.0     0.0
   103.761    31.143     1.579    34.000     0.028      71       8     4.0     0.0
   103.746    31.130     1.579    34.000     0.030      71      11     6.0     0.0
   103.732    31.116     1.579    34.000     0.034      62      10     8.0     0.0
   103.718    31.103     1.579    34.000     0.047      63      12    10.0     0.0
   103.703    31.090     1.579    34.000     0.051      62      13    12.0     0.0
   103.689    31.077     1.579    34.000     0.054      60      14    14.0     0.0
   103.675    31.064     1.579    34.000     0.055      60      16    16.0     0.0
   103.660    31.051     1.579    34.000     0.050      59      17    18.0     0.0
   103.646    31.038     1.579    34.000     0.040      59      21    20.0     0.0
   103.632    31.024     1.579    34.000     0.040      78      32    22.0     0.0
   103.617    31.011     1.579    34.000     0.053      78      32    24.0     0.0
   103.603    30.998     1.579    34.000     0.055      78      33    26.0     0.0
   103.589    30.985     1.579    34.000     0.065      78      34    28.0     0.0
   103.574    30.972     1.579    34.000     0.058      78      34    30.0     0.0
   103.560    30.959     1.579    34.000     0.068      78      35    32.0     0.0
   103.546    30.945     1.579    34.000     0.064      76      36    34.0     0.0
   103.531    30.932     1.579    34.000     0.077      70      37    36.0     0.0
   103.517    30.919     1.579    34.000     0.061      35       3    38.0     0.0
   103.503    30.906     1.579    34.000     0.051      75      37    40.0     0.0
   103.488    30.893     1.579    34.000     0.044      80      36    42.0     0.0
   103.474    30.880     1.579    34.000     0.034      78      36    44.0     0.0
   103.460    30.866     1.579    34.000     0.028      32      22    46.0     0.0
   103.446    30.853     1.579    34.000     0.031      31      22    48.0     0.0
   103.431    30.840     1.579    34.000     0.033      31      24    50.0     0.0
   103.417    30.827     1.579    34.000     0.049      24      28    52.0     0.0
   103.403    30.814     1.579    34.000     0.054      24      29    54.0     0.0
   103.389    30.800     1.579    34.000     0.048      26      31    56.0     0.0
   103.374    30.787     1.579    34.000     0.051      24      30    58.0     0.0
   103.360    30.774     1.579    34.000     0.046      31      29    60.0     0.0
   103.346    30.761     1.579    34.000     0.046      25      28    62.0     0.0
   103.332    30.748     1.579    34.000     0.046      33      29    64.0     0.0
