   103.535    31.374    23.947    34.000     0.372      97       3     0.0    40.0
   103.521    31.360    23.947    34.000     0.349      95       4     2.0    40.0
   103.507    31.347    23.947    34.000     0.295      95       4     4.0    40.0
   103.492    31.334    23.947    34.000     0.270      96       4     6.0    40.0
   103.478    31.321    23.947    34.000     0.229      98       4     8.0    40.0
   103.464    31.308    23.947    34.000     0.172      99       4    10.0    40.0
   103.449    31.295    23.947    34.000     0.129      94       5    12.0    40.0
   103.435    31.281    23.947    34.000     0.092      95       5    14.0    40.0
   103.421    31.268    23.947    34.000     0.067      92       5    16.0    40.0
   103.406    31.255    23.947    34.000     0.067      22      32    18.0    40.0
   103.392    31.242    23.947    34.000     0.072      21      32    20.0    40.0
   103.378    31.229    23.947    34.000     0.072      22      32    22.0    40.0
   103.363    31.216    23.947    34.000     0.070      22      32    24.0    40.0
   103.349    31.202    23.947    34.000     0.053      22      31    26.0    40.0
   103.335    31.189    23.947    34.000     0.048      22      31    28.0    40.0
   103.320    31.176    23.947    34.000     0.042      18      32    30.0    40.0
   103.306    31.163    23.947    34.000     0.039      17      32    32.0    40.0
   103.292    31.150    23.947    34.000     0.035      99      28    34.0    40.0
   103.277    31.136    23.947    34.000     0.047      98      27    36.0    40.0
   103.263    31.123    23.947    34.000     0.050      98      27    38.0    40.0
   103.249    31.110    23.947    34.000     0.049      91      29    40.0    40.0
   103.235    31.097    23.947    34.000     0.053      90      27    42.0    40.0
   103.220    31.084    23.947    34.000     0.054      90      27    44.0    40.0
   103.206    31.070    23.947    34.000     0.050      90      30    46.0    40.0
   103.192    31.057    23.947    34.000     0.047      90      30    48.0    40.0
   103.178    31.044    23.947    34.000     0.040      89      34    50.0    40.0
   103.163    31.031    23.947    34.000     0.032       1      32    52.0    40.0
   103.149    31.018    23.947    34.000     0.030     100      25    54.0    40.0
   103.135    31.004    23.947    34.000     0.028     100      25    56.0    40.0
   103.120    30.991    23.947    34.000     0.017      21       5    58.0    40.0
   103.106    30.978    23.947    34.000     0.014       1      33    60.0    40.0
   103.092    30.965    23.947    34.000     0.012       1      33    62.0    40.0
   103.078    30.951    23.947    34.000     0.009       1      34    64.0    40.0
   103.548    31.363    22.829    34.000     0.420     100       4     0.0    38.0
   103.534    31.350    22.829    34.000     0.394      98       4     2.0    38.0
   103.519    31.337    22.829    34.000     0.348     100       4     4.0    38.0
   103.505    31.324    22.829    34.000     0.318     100       4     6.0    38.0
   103.491    31.311    22.829    34.000     0.201     100       6     8.0    38.0
   103.476    31.298    22.829    34.000     0.168     100       4    10.0    38.0
   103.462    31.284    22.829    34.000     0.145      99       5    12.0    38.0
   103.448    31.271    22.829    34.000     0.121      99       5    14.0    38.0
   103.433    31.258    22.829    34.000     0.083     100      14    16.0    38.0
   103.419    31.245    22.829    34.000     0.077      99      13    18.0    38.0
   103.405    31.232    22.829    34.000     0.070      98      17    20.0    38.0
   103.390    31.218    22.829    34.000     0.052      99      15    22.0    38.0
   103.376    31.205    22.829    34.000     0.052      95      17    24.0    38.0
   103.362    31.192    22.829    34.000     0.045      93      17    26.0    38.0
   103.347    31.179    22.829    34.000     0.037      93      18    28.0    38.0
   103.333    31.166    22.829    34.000     0.033     100      26    30.0    38.0
   103.319    31.153    22.829    34.000     0.045     100      26    32.0    38.0
   103.305    31.139    22.829    34.000     0.067     100      29    34.0    38.0
   103.290    31.126    22.829    34.000     0.079     100      27    36.0    38.0
   103.276    31.113    22.829    34.000     0.073     100      26    38.0    38.0
   103.262    31.100    22.829    34.000     0.067     100      25    40.0    38.0
   103.247    31.087    22.829    34.000     0.056      97      30    42.0    38.0
   103.233    31.073    22.829    34.000     0.056      95      31    44.0    38.0
   103.219    31.060    22.829    34.000     0.055      94      31    46.0    38.0
   103.204    31.047    22.829    34.000     0.055      89      32    48.0    38.0
   103.190    31.034    22.829    34.000     0.053      92      32    50.0    38.0
   103.176    31.021    22.829    34.000     0.052      92      32    52.0    38.0
   103.162    31.007    22.829    34.000     0.045      90      31    54.0    38.0
   103.147    30.994    22.829    34.000     0.051      96      32    56.0    38.0
   103.133    30.981    22.829    34.000     0.041      97      32    58.0    38.0
   103.119    30.968    22.829    34.000     0.031      98      24    60.0    38.0
   103.105    30.954    22.829    34.000     0.024       1      31    62.0    38.0
   103.090    30.941    22.829    34.000     0.024       1      30    64.0    38.0
   103.561    31.353    21.710    34.000     0.369     100       5     0.0    36.0
   103.547    31.340    21.710    34.000     0.326     100       4     2.0    36.0
   103.532    31.327    21.710    34.000     0.227     100       4     4.0    36.0
   103.518    31.314    21.710    34.000     0.187     100       7     6.0    36.0
   103.503    31.301    21.710    34.000     0.172     100       5     8.0    36.0
   103.489    31.287    21.710    34.000     0.158     100       5    10.0    36.0
   103.475    31.274    21.710    34.000     0.120     100       5    12.0    36.0
   103.460    31.261    21.710    34.000     0.085     100       5    14.0    36.0
   103.446    31.248    21.710    34.000     0.067     100       5    16.0    36.0
   103.432    31.235    21.710    34.000     0.043     100      13    18.0    36.0
   103.417    31.221    21.710    34.000     0.053     100      16    20.0    36.0
   103.403    31.208    21.710    34.000     0.057      99      17    22.0    36.0
   103.389    31.195    21.710    34.000     0.063      97      17    24.0    36.0
   103.374    31.182    21.710    34.000     0.060      97      17    26.0    36.0
   103.360    31.169    21.710    34.000     0.055      95      17    28.0    36.0
   103.346    31.156    21.710    34.000     0.036      94      16    30.0    36.0
   103.332    31.142    21.710    34.000     0.027     100      23    32.0    36.0
   103.317    31.129    21.710    34.000     0.032     100      31    34.0    36.0
   103.303    31.116    21.710    34.000     0.044     100      31    36.0    36.0
   103.289    31.103    21.710    34.000     0.061     100      33    38.0    36.0
   103.274    31.090    21.710    34.000     0.067     100      33    40.0    36.0
   103.260    31.076    21.710    34.000     0.067      99      33    42.0    36.0
   103.246    31.063    21.710    34.000     0.065      98      33    44.0    36.0
   103.231    31.050    21.710    34.000     0.066      97      32    46.0    36.0
   103.217    31.037    21.710    34.000     0.065      96      32    48.0    36.0
   103.203    31.024    21.710    34.000     0.064      96      32    50.0    36.0
   103.189    31.010    21.710    34.000     0.053      95      32    52.0    36.0
   103.174    30.997    21.710    34.000     0.057     100      25    54.0    36.0
   103.160    30.984    21.710    34.000     0.054      99      32    56.0    36.0
   103.146    30.971    21.710    34.000     0.050     100      31    58.0    36.0
   103.132    30.958    21.710    34.000     0.044      98      31    60.0    36.0
   103.117    30.944    21.710    34.000     0.034      85      23    62.0    36.0
   103.103    30.931    21.710    34.000     0.033      85      24    64.0    36.0
   103.574    31.343    20.592    34.000     0.150     100       6     0.0    34.0
   103.559    31.330    20.592    34.000     0.168     100       5     2.0    34.0
   103.545    31.317    20.592    34.000     0.162     100       5     4.0    34.0
   103.531    31.303    20.592    34.000     0.140     100       5     6.0    34.0
   103.516    31.290    20.592    34.000     0.122     100       5     8.0    34.0
   103.502    31.277    20.592    34.000     0.074     100       5    10.0    34.0
   103.487    31.264    20.592    34.000     0.054     100       5    12.0    34.0
   103.473    31.251    20.592    34.000     0.028     100       4    14.0    34.0
   103.459    31.238    20.592    34.000     0.018      99      18    16.0    34.0
   103.444    31.224    20.592    34.000     0.026     100      18    18.0    34.0
   103.430    31.211    20.592    34.000     0.031     100      17    20.0    34.0
   103.416    31.198    20.592    34.000     0.040     100      16    22.0    34.0
   103.401    31.185    20.592    34.000     0.049     100      16    24.0    34.0
   103.387    31.172    20.592    34.000     0.050     100      17    26.0    34.0
   103.373    31.159    20.592    34.000     0.049     100      17    28.0    34.0
   103.359    31.145    20.592    34.000     0.039     100      16    30.0    34.0
   103.344    31.132    20.592    34.000     0.029      97      16    32.0    34.0
   103.330    31.119    20.592    34.000     0.019      95      16    34.0    34.0
   103.316    31.106    20.592    34.000     0.022     100      32    36.0    34.0
   103.301    31.093    20.592    34.000     0.041     100      32    38.0    34.0
   103.287    31.079    20.592    34.000     0.047     100      32    40.0    34.0
   103.273    31.066    20.592    34.000     0.050     100      32    42.0    34.0
   103.258    31.053    20.592    34.000     0.044     100      32    44.0    34.0
   103.244    31.040    20.592    34.000     0.044      96      32    46.0    34.0
   103.230    31.027    20.592    34.000     0.051      94      32    48.0    34.0
   103.216    31.013    20.592    34.000     0.059      96      32    50.0    34.0
   103.201    31.000    20.592    34.000     0.058      96      32    52.0    34.0
   103.187    30.987    20.592    34.000     0.050      89      26    54.0    34.0
   103.173    30.974    20.592    34.000     0.052      89      25    56.0    34.0
   103.159    30.961    20.592    34.000     0.061      88      25    58.0    34.0
   103.144    30.947    20.592    34.000     0.068      88      24    60.0    34.0
   103.130    30.934    20.592    34.000     0.062      89      25    62.0    34.0
   103.116    30.921    20.592    34.000     0.060      88      23    64.0    34.0
   103.586    31.333    19.474    34.000     0.140      65      37     0.0    32.0
   103.572    31.320    19.474    34.000     0.112      68      36     2.0    32.0
   103.558    31.306    19.474    34.000     0.086      62      37     4.0    32.0
   103.543    31.293    19.474    34.000     0.065      65      37     6.0    32.0
   103.529    31.280    19.474    34.000     0.056      64      37     8.0    32.0
   103.515    31.267    19.474    34.000     0.039      68      36    10.0    32.0
   103.500    31.254    19.474    34.000     0.027      67      36    12.0    32.0
   103.486    31.241    19.474    34.000     0.017      68      36    14.0    32.0
   103.472    31.227    19.474    34.000     0.012      32      37    16.0    32.0
   103.457    31.214    19.474    34.000     0.015      29      37    18.0    32.0
   103.443    31.201    19.474    34.000     0.018      30      37    20.0    32.0
   103.429    31.188    19.474    34.000     0.019      30      37    22.0    32.0
   103.414    31.175    19.474    34.000     0.023      28      37    24.0    32.0
   103.400    31.162    19.474    34.000     0.023      29      37    26.0    32.0
   103.386    31.148    19.474    34.000     0.019      33      37    28.0    32.0
   103.371    31.135    19.474    34.000     0.017      83       5    30.0    32.0
   103.357    31.122    19.474    34.000     0.022      72       2    32.0    32.0
   103.343    31.109    19.474    34.000     0.029      72       2    34.0    32.0
   103.328    31.096    19.474    34.000     0.040      75       3    36.0    32.0
   103.314    31.082    19.474    34.000     0.041      76       3    38.0    32.0
   103.300    31.069    19.474    34.000     0.035      79       6    40.0    32.0
   103.285    31.056    19.474    34.000     0.034      70       2    42.0    32.0
   103.271    31.043    19.474    34.000     0.026      70       2    44.0    32.0
   103.257    31.030    19.474    34.000     0.034      70       8    46.0    32.0
   103.243    31.016    19.474    34.000     0.037      69       6    48.0    32.0
   103.228    31.003    19.474    34.000     0.043      68       5    50.0    32.0
   103.214    30.990    19.474    34.000     0.042      98      31    52.0    32.0
   103.200    30.977    19.474    34.000     0.047      91      25    54.0    32.0
   103.186    30.964    19.474    34.000     0.072      95      25    56.0    32.0
   103.171    30.950    19.474    34.000     0.072      94      26    58.0    32.0
   103.157    30.937    19.474    34.000     0.075      94      26    60.0    32.0
   103.143    30.924    19.474    34.000     0.076      93      26    62.0    32.0
   103.129    30.911    19.474    34.000     0.072      93      25    64.0    32.0
   103.599    31.323    18.355    34.000     0.184      71      36     0.0    30.0
   103.585    31.309    18.355    34.000     0.165      71      36     2.0    30.0
   103.570    31.296    18.355    34.000     0.115      69      36     4.0    30.0
   103.556    31.283    18.355    34.000     0.088      67      36     6.0    30.0
   103.542    31.270    18.355    34.000     0.068      69      36     8.0    30.0
   103.527    31.257    18.355    34.000     0.046      69      36    10.0    30.0
   103.513    31.244    18.355    34.000     0.032      68      32    12.0    30.0
   103.499    31.230    18.355    34.000     0.024      68      32    14.0    30.0
   103.484    31.217    18.355    34.000     0.017      25      37    16.0    30.0
   103.470    31.204    18.355    34.000     0.024      27      37    18.0    30.0
   103.456    31.191    18.355    34.000     0.031      28      37    20.0    30.0
   103.441    31.178    18.355    34.000     0.033      29      37    22.0    30.0
   103.427    31.164    18.355    34.000     0.038      30      37    24.0    30.0
   103.413    31.151    18.355    34.000     0.035      32      37    26.0    30.0
   103.398    31.138    18.355    34.000     0.028      33      37    28.0    30.0
   103.384    31.125    18.355    34.000     0.029      72       2    30.0    30.0
   103.370    31.112    18.355    34.000     0.051      73       2    32.0    30.0
   103.355    31.099    18.355    34.000     0.052      77       4    34.0    30.0
   103.341    31.085    18.355    34.000     0.070      79       4    36.0    30.0
   103.327    31.072    18.355    34.000     0.070      79       3    38.0    30.0
   103.312    31.059    18.355    34.000     0.067      72       6    40.0    30.0
   103.298    31.046    18.355    34.000     0.072      69       5    42.0    30.0
   103.284    31.033    18.355    34.000     0.088      69       7    44.0    30.0
   103.270    31.019    18.355    34.000     0.087      69       7    46.0    30.0
   103.255    31.006    18.355    34.000     0.090      72       7    48.0    30.0
   103.241    30.993    18.355    34.000     0.081      69       6    50.0    30.0
   103.227    30.980    18.355    34.000     0.083      69       6    52.0    30.0
   103.213    30.967    18.355    34.000     0.072      74       7    54.0    30.0
   103.198    30.953    18.355    34.000     0.079      70       5    56.0    30.0
   103.184    30.940    18.355    34.000     0.089      99      27    58.0    30.0
   103.170    30.927    18.355    34.000     0.097      99      25    60.0    30.0
   103.156    30.914    18.355    34.000     0.090     100      24    62.0    30.0
   103.141    30.901    18.355    34.000     0.082      92      25    64.0    30.0
   103.612    31.312    17.237    34.000     0.191      73      36     0.0    28.0
   103.597    31.299    17.237    34.000     0.154      79      36     2.0    28.0
   103.583    31.286    17.237    34.000     0.142      79      36     4.0    28.0
   103.569    31.273    17.237    34.000     0.123      79      36     6.0    28.0
   103.554    31.260    17.237    34.000     0.099      68      32     8.0    28.0
   103.540    31.246    17.237    34.000     0.095      68      31    10.0    28.0
   103.526    31.233    17.237    34.000     0.085      70      30    12.0    28.0
   103.511    31.220    17.237    34.000     0.056      68      30    14.0    28.0
   103.497    31.207    17.237    34.000     0.040      70      29    16.0    28.0
   103.483    31.194    17.237    34.000     0.033      66      31    18.0    28.0
   103.468    31.181    17.237    34.000     0.024      70      26    20.0    28.0
   103.454    31.167    17.237    34.000     0.024      52      36    22.0    28.0
   103.440    31.154    17.237    34.000     0.023      53      36    24.0    28.0
   103.425    31.141    17.237    34.000     0.027      40      36    26.0    28.0
   103.411    31.128    17.237    34.000     0.039      72       8    28.0    28.0
   103.397    31.115    17.237    34.000     0.056      72       4    30.0    28.0
   103.382    31.102    17.237    34.000     0.075      71       3    32.0    28.0
   103.368    31.088    17.237    34.000     0.085      73       3    34.0    28.0
   103.354    31.075    17.237    34.000     0.089      76       8    36.0    28.0
   103.339    31.062    17.237    34.000     0.104      75       7    38.0    28.0
   103.325    31.049    17.237    34.000     0.127      72       7    40.0    28.0
   103.311    31.036    17.237    34.000     0.150      74       7    42.0    28.0
   103.297    31.022    17.237    34.000     0.148      73       7    44.0    28.0
   103.282    31.009    17.237    34.000     0.134      73       7    46.0    28.0
   103.268    30.996    17.237    34.000     0.138      73       6    48.0    28.0
   103.254    30.983    17.237    34.000     0.138      72       6    50.0    28.0
   103.240    30.970    17.237    34.000     0.139      72       5    52.0    28.0
   103.225    30.956    17.237    34.000     0.129      71       4    54.0    28.0
   103.211    30.943    17.237    34.000     0.120      68       3    56.0    28.0
   103.197    30.930    17.237    34.000     0.112      71       4    58.0    28.0
   103.182    30.917    17.237    34.000     0.098      69       3    60.0    28.0
   103.168    30.904    17.237    34.000     0.106      68       3    62.0    28.0
   103.154    30.890    17.237    34.000     0.092      69       3    64.0    28.0
   103.624    31.302    16.118    34.000     0.199      81      36     0.0    26.0
   103.610    31.289    16.118    34.000     0.159      82      36     2.0    26.0
   103.596    31.276    16.118    34.000     0.137      82      35     4.0    26.0
   103.581    31.263    16.118    34.000     0.130      72      28     6.0    26.0
   103.567    31.249    16.118    34.000     0.140      73      28     8.0    26.0
   103.553    31.236    16.118    34.000     0.137      73      28    10.0    26.0
   103.538    31.223    16.118    34.000     0.115      73      30    12.0    26.0
   103.524    31.210    16.118    34.000     0.099      72      26    14.0    26.0
   103.510    31.197    16.118    34.000     0.093      71      29    16.0    26.0
   103.495    31.184    16.118    34.000     0.076      71      28    18.0    26.0
   103.481    31.170    16.118    34.000     0.073      70      26    20.0    26.0
   103.467    31.157    16.118    34.000     0.058      69      24    22.0    26.0
   103.452    31.144    16.118    34.000     0.049      69      24    24.0    26.0
   103.438    31.131    16.118    34.000     0.047      68      23    26.0    26.0
   103.424    31.118    16.118    34.000     0.050      59      24    28.0    26.0
   103.409    31.105    16.118    34.000     0.058      75      12    30.0    26.0
   103.395    31.091    16.118    34.000     0.075      77       3    32.0    26.0
   103.381    31.078    16.118    34.000     0.091      69      12    34.0    26.0
   103.366    31.065    16.118    34.000     0.122      70      10    36.0    26.0
   103.352    31.052    16.118    34.000     0.140      70      10    38.0    26.0
   103.338    31.039    16.118    34.000     0.159      74       9    40.0    26.0
   103.324    31.025    16.118    34.000     0.166      73       9    42.0    26.0
   103.309    31.012    16.118    34.000     0.173      75       6    44.0    26.0
   103.295    30.999    16.118    34.000     0.177      74       6    46.0    26.0
   103.281    30.986    16.118    34.000     0.172      74       5    48.0    26.0
   103.266    30.973    16.118    34.000     0.172      70       4    50.0    26.0
   103.252    30.959    16.118    34.000     0.158      68       4    52.0    26.0
   103.238    30.946    16.118    34.000     0.149      71       4    54.0    26.0
   103.224    30.933    16.118    34.000     0.138      73       4    56.0    26.0
   103.209    30.920    16.118    34.000     0.134      68       5    58.0    26.0
   103.195    30.907    16.118    34.000     0.117      69       4    60.0    26.0
   103.181    30.893    16.118    34.000     0.108      66       4    62.0    26.0
   103.167    30.880    16.118    34.000     0.091      67       4    64.0    26.0
   103.637    31.292    15.000    34.000     0.146      72      25     0.0    24.0
   103.623    31.279    15.000    34.000     0.156      73      25     2.0    24.0
   103.608    31.266    15.000    34.000     0.165      74      24     4.0    24.0
   103.594    31.252    15.000    34.000     0.146      74      24     6.0    24.0
   103.580    31.239    15.000    34.000     0.141      74      24     8.0    24.0
   103.565    31.226    15.000    34.000     0.135      73      27    10.0    24.0
   103.551    31.213    15.000    34.000     0.135      72      27    12.0    24.0
   103.537    31.200    15.000    34.000     0.149      69      26    14.0    24.0
   103.522    31.187    15.000    34.000     0.155      70      26    16.0    24.0
   103.508    31.173    15.000    34.000     0.149      70      26    18.0    24.0
   103.494    31.160    15.000    34.000     0.134      71      26    20.0    24.0
   103.479    31.147    15.000    34.000     0.119      72      26    22.0    24.0
   103.465    31.134    15.000    34.000     0.099      65      28    24.0    24.0
   103.451    31.121    15.000    34.000     0.097      53      25    26.0    24.0
   103.436    31.107    15.000    34.000     0.112      55      26    28.0    24.0
   103.422    31.094    15.000    34.000     0.121      52      30    30.0    24.0
   103.408    31.081    15.000    34.000     0.121      53      27    32.0    24.0
   103.393    31.068    15.000    34.000     0.137      51      24    34.0    24.0
   103.379    31.055    15.000    34.000     0.145      52      25    36.0    24.0
   103.365    31.042    15.000    34.000     0.147      50      28    38.0    24.0
   103.351    31.028    15.000    34.000     0.136      48      27    40.0    24.0
   103.336    31.015    15.000    34.000     0.133      73       9    42.0    24.0
   103.322    31.002    15.000    34.000     0.141      72       9    44.0    24.0
   103.308    30.989    15.000    34.000     0.139      70      10    46.0    24.0
   103.293    30.976    15.000    34.000     0.140      69       9    48.0    24.0
   103.279    30.962    15.000    34.000     0.144      69       8    50.0    24.0
   103.265    30.949    15.000    34.000     0.133      73       4    52.0    24.0
   103.251    30.936    15.000    34.000     0.127      68       7    54.0    24.0
   103.236    30.923    15.000    34.000     0.126      68       6    56.0    24.0
   103.222    30.910    15.000    34.000     0.120      67       5    58.0    24.0
   103.208    30.896    15.000    34.000     0.095      68       5    60.0    24.0
   103.194    30.883    15.000    34.000     0.078      69       4    62.0    24.0
   103.179    30.870    15.000    34.000     0.072      70       3    64.0    24.0
   103.650    31.282    13.882    34.000     0.091      98      35     0.0    22.0
   103.635    31.268    13.882    34.000     0.065      95      37     2.0    22.0
   103.621    31.255    13.882    34.000     0.060      94      37     4.0    22.0
   103.607    31.242    13.882    34.000     0.060      70      23     6.0    22.0
   103.592    31.229    13.882    34.000     0.060      68      19     8.0    22.0
   103.578    31.216    13.882    34.000     0.075      68      27    10.0    22.0
   103.564    31.203    13.882    34.000     0.079      69      21    12.0    22.0
   103.549    31.189    13.882    34.000     0.095      71      28    14.0    22.0
   103.535    31.176    13.882    34.000     0.104      67      24    16.0    22.0
   103.521    31.163    13.882    34.000     0.124      66      24    18.0    22.0
   103.506    31.150    13.882    34.000     0.115      68      25    20.0    22.0
   103.492    31.137    13.882    34.000     0.119      67      23    22.0    22.0
   103.478    31.124    13.882    34.000     0.115      67      26    24.0    22.0
   103.463    31.110    13.882    34.000     0.102      67      29    26.0    22.0
   103.449    31.097    13.882    34.000     0.094      52      21    28.0    22.0
   103.435    31.084    13.882    34.000     0.104      53      23    30.0    22.0
   103.420    31.071    13.882    34.000     0.130      55      29    32.0    22.0
   103.406    31.058    13.882    34.000     0.159      48      23    34.0    22.0
   103.392    31.045    13.882    34.000     0.176      49      23    36.0    22.0
   103.378    31.031    13.882    34.000     0.181      50      27    38.0    22.0
   103.363    31.018    13.882    34.000     0.189      50      27    40.0    22.0
   103.349    31.005    13.882    34.000     0.190      51      27    42.0    22.0
   103.335    30.992    13.882    34.000     0.159      48      27    44.0    22.0
   103.320    30.979    13.882    34.000     0.140      46      31    46.0    22.0
   103.306    30.965    13.882    34.000     0.118      48      31    48.0    22.0
   103.292    30.952    13.882    34.000     0.109      46      31    50.0    22.0
   103.278    30.939    13.882    34.000     0.100      90       1    52.0    22.0
   103.263    30.926    13.882    34.000     0.103      90       1    54.0    22.0
   103.249    30.913    13.882    34.000     0.088      88       1    56.0    22.0
   103.235    30.899    13.882    34.000     0.096      90       1    58.0    22.0
   103.221    30.886    13.882    34.000     0.073      89       1    60.0    22.0
   103.206    30.873    13.882    34.000     0.050      90       1    62.0    22.0
   103.192    30.860    13.882    34.000     0.030      92       2    64.0    22.0
   103.663    31.271    12.763    34.000     0.076     100      37     0.0    20.0
   103.648    31.258    12.763    34.000     0.083     100      37     2.0    20.0
   103.634    31.245    12.763    34.000     0.092     100      37     4.0    20.0
   103.619    31.232    12.763    34.000     0.073     100      37     6.0    20.0
   103.605    31.219    12.763    34.000     0.047     100      37     8.0    20.0
   103.591    31.206    12.763    34.000     0.048      59      15    10.0    20.0
   103.576    31.192    12.763    34.000     0.052      60      14    12.0    20.0
   103.562    31.179    12.763    34.000     0.050      69      25    14.0    20.0
   103.548    31.166    12.763    34.000     0.063      48      11    16.0    20.0
   103.533    31.153    12.763    34.000     0.089      45      13    18.0    20.0
   103.519    31.140    12.763    34.000     0.105      45      11    20.0    20.0
   103.505    31.127    12.763    34.000     0.109      44       9    22.0    20.0
   103.490    31.113    12.763    34.000     0.115      48      14    24.0    20.0
   103.476    31.100    12.763    34.000     0.121      47      13    26.0    20.0
   103.462    31.087    12.763    34.000     0.123      47      12    28.0    20.0
   103.447    31.074    12.763    34.000     0.120      46      12    30.0    20.0
   103.433    31.061    12.763    34.000     0.114      45      12    32.0    20.0
   103.419    31.048    12.763    34.000     0.107      43      13    34.0    20.0
   103.405    31.034    12.763    34.000     0.132      57      29    36.0    20.0
   103.390    31.021    12.763    34.000     0.173      51      25    38.0    20.0
   103.376    31.008    12.763    34.000     0.220      52      28    40.0    20.0
   103.362    30.995    12.763    34.000     0.245      53      28    42.0    20.0
   103.347    30.982    12.763    34.000     0.239      53      28    44.0    20.0
   103.333    30.968    12.763    34.000     0.232      52      28    46.0    20.0
   103.319    30.955    12.763    34.000     0.190      53      27    48.0    20.0
   103.305    30.942    12.763    34.000     0.161      47      28    50.0    20.0
   103.290    30.929    12.763    34.000     0.140      48      28    52.0    20.0
   103.276    30.916    12.763    34.000     0.123      95       1    54.0    20.0
   103.262    30.902    12.763    34.000     0.117      94       1    56.0    20.0
   103.248    30.889    12.763    34.000     0.107      95       1    58.0    20.0
   103.233    30.876    12.763    34.000     0.097      94       1    60.0    20.0
   103.219    30.863    12.763    34.000     0.077      94       1    62.0    20.0
   103.205    30.850    12.763    34.000     0.053      96       1    64.0    20.0
   103.675    31.261    11.645    34.000     0.085      49      33     0.0    18.0
   103.661    31.248    11.645    34.000     0.064      46      33     2.0    18.0
   103.647    31.235    11.645    34.000     0.056      45      32     4.0    18.0
   103.632    31.222    11.645    34.000     0.043      51      29     6.0    18.0
   103.618    31.209    11.645    34.000     0.044      47      28     8.0    18.0
   103.603    31.195    11.645    34.000     0.046      50      22    10.0    18.0
   103.589    31.182    11.645    34.000     0.054      54       9    12.0    18.0
   103.575    31.169    11.645    34.000     0.088      49      11    14.0    18.0
   103.560    31.156    11.645    34.000     0.103      49      10    16.0    18.0
   103.546    31.143    11.645    34.000     0.111      48      10    18.0    18.0
   103.532    31.130    11.645    34.000     0.119      48       9    20.0    18.0
   103.517    31.116    11.645    34.000     0.122      46       9    22.0    18.0
   103.503    31.103    11.645    34.000     0.125      45       9    24.0    18.0
   103.489    31.090    11.645    34.000     0.123      43       9    26.0    18.0
   103.474    31.077    11.645    34.000     0.125      38      13    28.0    18.0
   103.460    31.064    11.645    34.000     0.129      39      12    30.0    18.0
   103.446    31.051    11.645    34.000     0.126      40      13    32.0    18.0
   103.432    31.037    11.645    34.000     0.140      42      12    34.0    18.0
   103.417    31.024    11.645    34.000     0.122      43      12    36.0    18.0
   103.403    31.011    11.645    34.000     0.111      42      15    38.0    18.0
   103.389    30.998    11.645    34.000     0.104      42      18    40.0    18.0
   103.374    30.985    11.645    34.000     0.137      55      27    42.0    18.0
   103.360    30.971    11.645    34.000     0.179      56      31    44.0    18.0
   103.346    30.958    11.645    34.000     0.216      55      30    46.0    18.0
   103.332    30.945    11.645    34.000     0.240      50      26    48.0    18.0
   103.317    30.932    11.645    34.000     0.250      50      27    50.0    18.0
   103.303    30.919    11.645    34.000     0.252      50      29    52.0    18.0
   103.289    30.905    11.645    34.000     0.217      50      29    54.0    18.0
   103.274    30.892    11.645    34.000     0.188      49      30    56.0    18.0
   103.260    30.879    11.645    34.000     0.168      48      31    58.0    18.0
   103.246    30.866    11.645    34.000     0.144      47      30    60.0    18.0
   103.232    30.853    11.645    34.000     0.120      44      32    62.0    18.0
   103.217    30.839    11.645    34.000     0.085      47      32    64.0    18.0
   103.688    31.251    10.526    34.000     0.078      52      32     0.0    16.0
   103.674    31.238    10.526    34.000     0.070      55      28     2.0    16.0
   103.659    31.225    10.526    34.000     0.055      53      27     4.0    16.0
   103.645    31.211    10.526    34.000     0.055      52      27     6.0    16.0
   103.631    31.198    10.526    34.000     0.053      51      14     8.0    16.0
   103.616    31.185    10.526    34.000     0.063      49      14    10.0    16.0
   103.602    31.172    10.526    34.000     0.096      49      11    12.0    16.0
   103.587    31.159    10.526    34.000     0.108      48      12    14.0    16.0
   103.573    31.146    10.526    34.000     0.117      48      11    16.0    16.0
   103.559    31.132    10.526    34.000     0.128      41      13    18.0    16.0
   103.544    31.119    10.526    34.000     0.140      41      14    20.0    16.0
   103.530    31.106    10.526    34.000     0.148      43      12    22.0    16.0
   103.516    31.093    10.526    34.000     0.153      40      14    24.0    16.0
   103.501    31.080    10.526    34.000     0.170      38      14    26.0    16.0
   103.487    31.067    10.526    34.000     0.174      37      14    28.0    16.0
   103.473    31.053    10.526    34.000     0.167      38      16    30.0    16.0
   103.459    31.040    10.526    34.000     0.165      37      16    32.0    16.0
   103.444    31.027    10.526    34.000     0.140      37      17    34.0    16.0
   103.430    31.014    10.526    34.000     0.135      36      18    36.0    16.0
   103.416    31.001    10.526    34.000     0.127      36      18    38.0    16.0
   103.401    30.988    10.526    34.000     0.106      41      17    40.0    16.0
   103.387    30.974    10.526    34.000     0.097      41      18    42.0    16.0
   103.373    30.961    10.526    34.000     0.107      58      27    44.0    16.0
   103.358    30.948    10.526    34.000     0.124      58      28    46.0    16.0
   103.344    30.935    10.526    34.000     0.134      57      28    48.0    16.0
   103.330    30.922    10.526    34.000     0.143      52      26    50.0    16.0
   103.316    30.908    10.526    34.000     0.173      51      26    52.0    16.0
   103.301    30.895    10.526    34.000     0.173      51      27    54.0    16.0
   103.287    30.882    10.526    34.000     0.158      48      28    56.0    16.0
   103.273    30.869    10.526    34.000     0.139      47      30    58.0    16.0
   103.259    30.856    10.526    34.000     0.127      45      31    60.0    16.0
   103.244    30.842    10.526    34.000     0.112      44      33    62.0    16.0
   103.230    30.829    10.526    34.000     0.086      50      29    64.0    16.0
   103.701    31.241     9.408    34.000     0.042      54      32     0.0    14.0
   103.686    31.228     9.408    34.000     0.039      56      27     2.0    14.0
   103.672    31.214     9.408    34.000     0.036      57      27     4.0    14.0
   103.658    31.201     9.408    34.000     0.032      51       9     6.0    14.0
   103.643    31.188     9.408    34.000     0.061      48       9     8.0    14.0
   103.629    31.175     9.408    34.000     0.078      48       9    10.0    14.0
   103.614    31.162     9.408    34.000     0.108      43      10    12.0    14.0
   103.600    31.149     9.408    34.000     0.124      42      10    14.0    14.0
   103.586    31.135     9.408    34.000     0.136      41      10    16.0    14.0
   103.571    31.122     9.408    34.000     0.163      37      12    18.0    14.0
   103.557    31.109     9.408    34.000     0.180      33      16    20.0    14.0
   103.543    31.096     9.408    34.000     0.203      33      16    22.0    14.0
   103.528    31.083     9.408    34.000     0.216      33      16    24.0    14.0
   103.514    31.070     9.408    34.000     0.233      31      18    26.0    14.0
   103.500    31.056     9.408    34.000     0.248      30      19    28.0    14.0
   103.486    31.043     9.408    34.000     0.250      30      19    30.0    14.0
   103.471    31.030     9.408    34.000     0.273      28      20    32.0    14.0
   103.457    31.017     9.408    34.000     0.267      28      20    34.0    14.0
   103.443    31.004     9.408    34.000     0.233      25      21    36.0    14.0
   103.428    30.991     9.408    34.000     0.222      25      21    38.0    14.0
   103.414    30.977     9.408    34.000     0.205      27      21    40.0    14.0
   103.400    30.964     9.408    34.000     0.165      27      21    42.0    14.0
   103.385    30.951     9.408    34.000     0.136      25      21    44.0    14.0
   103.371    30.938     9.408    34.000     0.109      28      20    46.0    14.0
   103.357    30.925     9.408    34.000     0.083      28      22    48.0    14.0
   103.343    30.911     9.408    34.000     0.081      20      12    50.0    14.0
   103.328    30.898     9.408    34.000     0.087      19      11    52.0    14.0
   103.314    30.885     9.408    34.000     0.095      52      27    54.0    14.0
   103.300    30.872     9.408    34.000     0.122      52      28    56.0    14.0
   103.286    30.859     9.408    34.000     0.116      50      30    58.0    14.0
   103.271    30.845     9.408    34.000     0.116      48      31    60.0    14.0
   103.257    30.832     9.408    34.000     0.110      46      32    62.0    14.0
   103.243    30.819     9.408    34.000     0.099      48      32    64.0    14.0
   103.713    31.230     8.290    34.000     0.040      35       3     0.0    12.0
   103.699    31.217     8.290    34.000     0.042      34       3     2.0    12.0
   103.685    31.204     8.290    34.000     0.049      37       4     4.0    12.0
   103.670    31.191     8.290    34.000     0.056      35       5     6.0    12.0
   103.656    31.178     8.290    34.000     0.076      46       8     8.0    12.0
   103.642    31.165     8.290    34.000     0.102      43       9    10.0    12.0
   103.627    31.152     8.290    34.000     0.117      41      10    12.0    12.0
   103.613    31.138     8.290    34.000     0.150      37       6    14.0    12.0
   103.598    31.125     8.290    34.000     0.170      36       7    16.0    12.0
   103.584    31.112     8.290    34.000     0.178      33      14    18.0    12.0
   103.570    31.099     8.290    34.000     0.207      31      17    20.0    12.0
   103.555    31.086     8.290    34.000     0.233      30      16    22.0    12.0
   103.541    31.073     8.290    34.000     0.269      27      16    24.0    12.0
   103.527    31.059     8.290    34.000     0.325      28      19    26.0    12.0
   103.513    31.046     8.290    34.000     0.344      27      20    28.0    12.0
   103.498    31.033     8.290    34.000     0.359      27      20    30.0    12.0
   103.484    31.020     8.290    34.000     0.365      23      22    32.0    12.0
   103.470    31.007     8.290    34.000     0.376      24      23    34.0    12.0
   103.455    30.994     8.290    34.000     0.366      25      24    36.0    12.0
   103.441    30.980     8.290    34.000     0.348      25      21    38.0    12.0
   103.427    30.967     8.290    34.000     0.323      24      23    40.0    12.0
   103.412    30.954     8.290    34.000     0.275      24      23    42.0    12.0
   103.398    30.941     8.290    34.000     0.228      22      22    44.0    12.0
   103.384    30.928     8.290    34.000     0.187      21      21    46.0    12.0
   103.370    30.914     8.290    34.000     0.159      18      13    48.0    12.0
   103.355    30.901     8.290    34.000     0.154      17      14    50.0    12.0
   103.341    30.888     8.290    34.000     0.144      17      14    52.0    12.0
   103.327    30.875     8.290    34.000     0.129      16      14    54.0    12.0
   103.313    30.862     8.290    34.000     0.080      19      14    56.0    12.0
   103.298    30.848     8.290    34.000     0.072      52      31    58.0    12.0
   103.284    30.835     8.290    34.000     0.079      50      31    60.0    12.0
   103.270    30.822     8.290    34.000     0.089      48      32    62.0    12.0
   103.255    30.809     8.290    34.000     0.088      47      32    64.0    12.0
   103.726    31.220     7.171    34.000     0.118      39       2     0.0    10.0
   103.712    31.207     7.171    34.000     0.135      41       3     2.0    10.0
   103.697    31.194     7.171    34.000     0.151      39       4     4.0    10.0
   103.683    31.181     7.171    34.000     0.162      37       4     6.0    10.0
   103.669    31.168     7.171    34.000     0.171      36       5     8.0    10.0
   103.654    31.154     7.171    34.000     0.189      31       5    10.0    10.0
   103.640    31.141     7.171    34.000     0.195      31       5    12.0    10.0
   103.626    31.128     7.171    34.000     0.201      33       7    14.0    10.0
   103.611    31.115     7.171    34.000     0.204      33      11    16.0    10.0
   103.597    31.102     7.171    34.000     0.225      29       9    18.0    10.0
   103.583    31.089     7.171    34.000     0.252      29      13    20.0    10.0
   103.568    31.075     7.171    34.000     0.264      28      18    22.0    10.0
   103.554    31.062     7.171    34.000     0.294      28      18    24.0    10.0
   103.540    31.049     7.171    34.000     0.316      28      18    26.0    10.0
   103.525    31.036     7.171    34.000     0.373      26      20    28.0    10.0
   103.511    31.023     7.171    34.000     0.398      22      20    30.0    10.0
   103.497    31.010     7.171    34.000     0.425      23      21    32.0    10.0
   103.482    30.996     7.171    34.000     0.453      25      21    34.0    10.0
   103.468    30.983     7.171    34.000     0.454      25      22    36.0    10.0
   103.454    30.970     7.171    34.000     0.444      26      23    38.0    10.0
   103.439    30.957     7.171    34.000     0.418      27      25    40.0    10.0
   103.425    30.944     7.171    34.000     0.378      26      23    42.0    10.0
   103.411    30.931     7.171    34.000     0.323      25      24    44.0    10.0
   103.397    30.917     7.171    34.000     0.279      27      30    46.0    10.0
   103.382    30.904     7.171    34.000     0.229      21      21    48.0    10.0
   103.368    30.891     7.171    34.000     0.208      19      19    50.0    10.0
   103.354    30.878     7.171    34.000     0.186      18      18    52.0    10.0
   103.339    30.865     7.171    34.000     0.139      17      19    54.0    10.0
   103.325    30.851     7.171    34.000     0.091      18      26    56.0    10.0
   103.311    30.838     7.171    34.000     0.090      19      30    58.0    10.0
   103.297    30.825     7.171    34.000     0.082      17      30    60.0    10.0
   103.282    30.812     7.171    34.000     0.064      16      32    62.0    10.0
   103.268    30.799     7.171    34.000     0.062      16      33    64.0    10.0
   103.739    31.210     6.053    34.000     0.214      42       2     0.0     8.0
   103.724    31.197     6.053    34.000     0.229      41       3     2.0     8.0
   103.710    31.184     6.053    34.000     0.234      39       3     4.0     8.0
   103.696    31.171     6.053    34.000     0.234      38       4     6.0     8.0
   103.681    31.157     6.053    34.000     0.256      35       6     8.0     8.0
   103.667    31.144     6.053    34.000     0.267      35       6    10.0     8.0
   103.653    31.131     6.053    34.000     0.257      35       6    12.0     8.0
   103.638    31.118     6.053    34.000     0.253      30       8    14.0     8.0
   103.624    31.105     6.053    34.000     0.261      31      10    16.0     8.0
   103.610    31.092     6.053    34.000     0.267      31      11    18.0     8.0
   103.595    31.078     6.053    34.000     0.262      32      13    20.0     8.0
   103.581    31.065     6.053    34.000     0.243      26      14    22.0     8.0
   103.567    31.052     6.053    34.000     0.261      27      15    24.0     8.0
   103.552    31.039     6.053    34.000     0.281      26      19    26.0     8.0
   103.538    31.026     6.053    34.000     0.317      22      17    28.0     8.0
   103.524    31.013     6.053    34.000     0.374      23      21    30.0     8.0
   103.509    30.999     6.053    34.000     0.419      24      20    32.0     8.0
   103.495    30.986     6.053    34.000     0.439      25      21    34.0     8.0
   103.481    30.973     6.053    34.000     0.454      26      22    36.0     8.0
   103.466    30.960     6.053    34.000     0.461      27      23    38.0     8.0
   103.452    30.947     6.053    34.000     0.460      28      24    40.0     8.0
   103.438    30.934     6.053    34.000     0.446      28      26    42.0     8.0
   103.423    30.920     6.053    34.000     0.424      29      27    44.0     8.0
   103.409    30.907     6.053    34.000     0.403      28      29    46.0     8.0
   103.395    30.894     6.053    34.000     0.353      28      31    48.0     8.0
   103.381    30.881     6.053    34.000     0.308      30      31    50.0     8.0
   103.366    30.868     6.053    34.000     0.286      30      31    52.0     8.0
   103.352    30.854     6.053    34.000     0.250      28      31    54.0     8.0
   103.338    30.841     6.053    34.000     0.209      29      31    56.0     8.0
   103.324    30.828     6.053    34.000     0.154      24      30    58.0     8.0
   103.309    30.815     6.053    34.000     0.141      22      30    60.0     8.0
   103.295    30.802     6.053    34.000     0.127      19      32    62.0     8.0
   103.281    30.788     6.053    34.000     0.108      21      32    64.0     8.0
   103.751    31.200     4.935    34.000     0.252      41       2     0.0     6.0
   103.737    31.187     4.935    34.000     0.258      43       2     2.0     6.0
   103.723    31.173     4.935    34.000     0.256      38       4     4.0     6.0
   103.708    31.160     4.935    34.000     0.266      37       4     6.0     6.0
   103.694    31.147     4.935    34.000     0.267      38       4     8.0     6.0
   103.680    31.134     4.935    34.000     0.265      33       5    10.0     6.0
   103.665    31.121     4.935    34.000     0.266      33       6    12.0     6.0
   103.651    31.108     4.935    34.000     0.240      34       6    14.0     6.0
   103.637    31.095     4.935    34.000     0.227      33       9    16.0     6.0
   103.622    31.081     4.935    34.000     0.216      33      11    18.0     6.0
   103.608    31.068     4.935    34.000     0.207      28      10    20.0     6.0
   103.594    31.055     4.935    34.000     0.212      29      11    22.0     6.0
   103.579    31.042     4.935    34.000     0.217      24      13    24.0     6.0
   103.565    31.029     4.935    34.000     0.252      25      15    26.0     6.0
   103.551    31.016     4.935    34.000     0.262      26      16    28.0     6.0
   103.536    31.002     4.935    34.000     0.279      24      19    30.0     6.0
   103.522    30.989     4.935    34.000     0.306      26      20    32.0     6.0
   103.508    30.976     4.935    34.000     0.349      25      22    34.0     6.0
   103.493    30.963     4.935    34.000     0.379      27      23    36.0     6.0
   103.479    30.950     4.935    34.000     0.398      28      24    38.0     6.0
   103.465    30.937     4.935    34.000     0.406      29      25    40.0     6.0
   103.450    30.923     4.935    34.000     0.412      30      27    42.0     6.0
   103.436    30.910     4.935    34.000     0.411      30      28    44.0     6.0
   103.422    30.897     4.935    34.000     0.402      31      29    46.0     6.0
   103.408    30.884     4.935    34.000     0.396      31      30    48.0     6.0
   103.393    30.871     4.935    34.000     0.376      32      31    50.0     6.0
   103.379    30.857     4.935    34.000     0.339      29      31    52.0     6.0
   103.365    30.844     4.935    34.000     0.317      30      32    54.0     6.0
   103.351    30.831     4.935    34.000     0.292      31      32    56.0     6.0
   103.336    30.818     4.935    34.000     0.246      32      33    58.0     6.0
   103.322    30.805     4.935    34.000     0.218      28      33    60.0     6.0
   103.308    30.791     4.935    34.000     0.192      29      33    62.0     6.0
   103.294    30.778     4.935    34.000     0.167      26      33    64.0     6.0
   103.764    31.189     3.816    34.000     0.230      50       2     0.0     4.0
   103.750    31.176     3.816    34.000     0.219      50       2     2.0     4.0
   103.735    31.163     3.816    34.000     0.202      51       2     4.0     4.0
   103.721    31.150     3.816    34.000     0.197      36       4     6.0     4.0
   103.707    31.137     3.816    34.000     0.209      37       4     8.0     4.0
   103.692    31.124     3.816    34.000     0.215      36       5    10.0     4.0
   103.678    31.111     3.816    34.000     0.223      36       6    12.0     4.0
   103.664    31.097     3.816    34.000     0.222      35       7    14.0     4.0
   103.649    31.084     3.816    34.000     0.217      36       8    16.0     4.0
   103.635    31.071     3.816    34.000     0.200      37       9    18.0     4.0
   103.621    31.058     3.816    34.000     0.185      35      10    20.0     4.0
   103.606    31.045     3.816    34.000     0.180      29      11    22.0     4.0
   103.592    31.032     3.816    34.000     0.181      29      12    24.0     4.0
   103.578    31.018     3.816    34.000     0.197      27      14    26.0     4.0
   103.563    31.005     3.816    34.000     0.200      28      15    28.0     4.0
   103.549    30.992     3.816    34.000     0.199      29      16    30.0     4.0
   103.535    30.979     3.816    34.000     0.203      30      17    32.0     4.0
   103.520    30.966     3.816    34.000     0.211      27      21    34.0     4.0
   103.506    30.953     3.816    34.000     0.229      29      22    36.0     4.0
   103.492    30.939     3.816    34.000     0.245      28      22    38.0     4.0
   103.477    30.926     3.816    34.000     0.286      31      25    40.0     4.0
   103.463    30.913     3.816    34.000     0.306      32      27    42.0     4.0
   103.449    30.900     3.816    34.000     0.319      33      28    44.0     4.0
   103.435    30.887     3.816    34.000     0.327      34      29    46.0     4.0
   103.420    30.874     3.816    34.000     0.330      34      31    48.0     4.0
   103.406    30.860     3.816    34.000     0.325      34      31    50.0     4.0
   103.392    30.847     3.816    34.000     0.301      32      31    52.0     4.0
   103.377    30.834     3.816    34.000     0.296      32      31    54.0     4.0
   103.363    30.821     3.816    34.000     0.287      32      32    56.0     4.0
   103.349    30.808     3.816    34.000     0.256      33      33    58.0     4.0
   103.335    30.794     3.816    34.000     0.235      35      34    60.0     4.0
   103.320    30.781     3.816    34.000     0.206      35      35    62.0     4.0
   103.306    30.768     3.816    34.000     0.174      34      35    64.0     4.0
   103.777    31.179     2.698    34.000     0.131      54       2     0.0     2.0
   103.762    31.166     2.698    34.000     0.114      56       2     2.0     2.0
   103.748    31.153     2.698    34.000     0.108      53       2     4.0     2.0
   103.734    31.140     2.698    34.000     0.102      51       2     6.0     2.0
   103.719    31.127     2.698    34.000     0.110      35       5     8.0     2.0
   103.705    31.114     2.698    34.000     0.127      38       5    10.0     2.0
   103.691    31.100     2.698    34.000     0.134      37       6    12.0     2.0
   103.676    31.087     2.698    34.000     0.148      36       7    14.0     2.0
   103.662    31.074     2.698    34.000     0.154      36       8    16.0     2.0
   103.648    31.061     2.698    34.000     0.155      36       9    18.0     2.0
   103.633    31.048     2.698    34.000     0.149      37      11    20.0     2.0
   103.619    31.035     2.698    34.000     0.144      38      13    22.0     2.0
   103.605    31.021     2.698    34.000     0.130      34      10    24.0     2.0
   103.590    31.008     2.698    34.000     0.138      30      14    26.0     2.0
   103.576    30.995     2.698    34.000     0.139      31      14    28.0     2.0
   103.562    30.982     2.698    34.000     0.138      32      16    30.0     2.0
   103.547    30.969     2.698    34.000     0.138      33      16    32.0     2.0
   103.533    30.956     2.698    34.000     0.139      34      17    34.0     2.0
   103.519    30.942     2.698    34.000     0.132      36      17    36.0     2.0
   103.504    30.929     2.698    34.000     0.136      26      16    38.0     2.0
   103.490    30.916     2.698    34.000     0.142      38      23    40.0     2.0
   103.476    30.903     2.698    34.000     0.171      37      26    42.0     2.0
   103.462    30.890     2.698    34.000     0.207      36      28    44.0     2.0
   103.447    30.877     2.698    34.000     0.226      38      29    46.0     2.0
   103.433    30.863     2.698    34.000     0.219      39      30    48.0     2.0
   103.419    30.850     2.698    34.000     0.220      40      31    50.0     2.0
   103.404    30.837     2.698    34.000     0.223      41      32    52.0     2.0
   103.390    30.824     2.698    34.000     0.206      42      33    54.0     2.0
   103.376    30.811     2.698    34.000     0.198      38      32    56.0     2.0
   103.362    30.797     2.698    34.000     0.186      38      33    58.0     2.0
   103.347    30.784     2.698    34.000     0.159      34      32    60.0     2.0
   103.333    30.771     2.698    34.000     0.133      38      34    62.0     2.0
   103.319    30.758     2.698    34.000     0.103      36      34    64.0     2.0
   103.789    31.169     1.579    34.000     0.093      62       2     0.0     0.0
   103.775    31.156     1.579    34.000     0.090       1      37     2.0     0.0
   103.761    31.143     1.579    34.000     0.081       1      37     4.0     0.0
   103.746    31.130     1.579    34.000     0.066       1      37     6.0     0.0
   103.732    31.116     1.579    34.000     0.059      46       2     8.0     0.0
   103.718    31.103     1.579    34.000     0.063      47       2    10.0     0.0
   103.703    31.090     1.579    34.000     0.077      38       5    12.0     0.0
   103.689    31.077     1.579    34.000     0.085      39       5    14.0     0.0
   103.675    31.064     1.579    34.000     0.102      39       8    16.0     0.0
   103.660    31.051     1.579    34.000     0.108      39       8    18.0     0.0
   103.646    31.038     1.579    34.000     0.113      40       9    20.0     0.0
   103.632    31.024     1.579    34.000     0.114      40      10    22.0     0.0
   103.617    31.011     1.579    34.000     0.107      40      12    24.0     0.0
   103.603    30.998     1.579    34.000     0.096      46       9    26.0     0.0
   103.589    30.985     1.579    34.000     0.093      34      14    28.0     0.0
   103.574    30.972     1.579    34.000     0.100      35      14    30.0     0.0
   103.560    30.959     1.579    34.000     0.095      35      16    32.0     0.0
   103.546    30.945     1.579    34.000     0.087      37      17    34.0     0.0
   103.531    30.932     1.579    34.000     0.084      37      18    36.0     0.0
   103.517    30.919     1.579    34.000     0.085      37      21    38.0     0.0
   103.503    30.906     1.579    34.000     0.088      43      23    40.0     0.0
   103.488    30.893     1.579    34.000     0.101      43      25    42.0     0.0
   103.474    30.880     1.579    34.000     0.110      43      27    44.0     0.0
   103.460    30.866     1.579    34.000     0.139      41      28    46.0     0.0
   103.446    30.853     1.579    34.000     0.150      42      29    48.0     0.0
   103.431    30.840     1.579    34.000     0.149      42      29    50.0     0.0
   103.417    30.827     1.579    34.000     0.153      40      29    52.0     0.0
   103.403    30.814     1.579    34.000     0.150      39      29    54.0     0.0
   103.389    30.800     1.579    34.000     0.139      40      31    56.0     0.0
   103.374    30.787     1.579    34.000     0.126      39      32    58.0     0.0
   103.360    30.774     1.579    34.000     0.101      41      33    60.0     0.0
   103.346    30.761     1.579    34.000     0.073      45      34    62.0     0.0
   103.332    30.748     1.579    34.000     0.068      46      35    64.0     0.0
