   104.132    31.868    23.168    34.000     0.015      67      33     0.0    40.0
   104.117    31.855    23.168    34.000     0.013      68      32     2.0    40.0
   104.103    31.842    23.168    34.000     0.012      69      31     4.0    40.0
   104.088    31.829    23.168    34.000     0.007      69      31     6.0    40.0
   104.074    31.815    23.168    34.000     0.005      68      31     8.0    40.0
   104.060    31.802    23.168    34.000     0.004      73      26    10.0    40.0
   104.045    31.789    23.168    34.000     0.004      71       2    12.0    40.0
   104.031    31.776    23.168    34.000     0.008      68       2    14.0    40.0
   104.016    31.763    23.168    34.000     0.020      67       2    16.0    40.0
   104.002    31.750    23.168    34.000     0.024      66       2    18.0    40.0
   103.987    31.736    23.168    34.000     0.028      65       2    20.0    40.0
   103.973    31.723    23.168    34.000     0.042      77       1    22.0    40.0
   103.959    31.710    23.168    34.000     0.046      75       1    24.0    40.0
   103.944    31.697    23.168    34.000     0.035      73       1    26.0    40.0
   103.930    31.684    23.168    34.000     0.036      67       2    28.0    40.0
   103.915    31.671    23.168    34.000     0.039      70       1    30.0    40.0
   103.901    31.657    23.168    34.000     0.038      61       2    32.0    40.0
   103.887    31.644    23.168    34.000     0.044      64       2    34.0    40.0
   103.872    31.631    23.168    34.000     0.055      65       2    36.0    40.0
   103.858    31.618    23.168    34.000     0.050      62       2    38.0    40.0
   103.844    31.605    23.168    34.000     0.045      62       2    40.0    40.0
   103.829    31.591    23.168    34.000     0.041      59       1    42.0    40.0
   103.815    31.578    23.168    34.000     0.031      58       1    44.0    40.0
   103.800    31.565    23.168    34.000     0.024       7      37    46.0    40.0
   103.786    31.552    23.168    34.000     0.030       6      37    48.0    40.0
   103.772    31.539    23.168    34.000     0.030       6      37    50.0    40.0
   103.757    31.525    23.168    34.000     0.027       9      37    52.0    40.0
   103.743    31.512    23.168    34.000     0.020      15      37    54.0    40.0
   103.729    31.499    23.168    34.000     0.021      78       1    56.0    40.0
   103.714    31.486    23.168    34.000     0.025      77       1    58.0    40.0
   103.700    31.473    23.168    34.000     0.034      67       2    60.0    40.0
   103.686    31.459    23.168    34.000     0.059      66       2    62.0    40.0
   103.671    31.446    23.168    34.000     0.096      67       2    64.0    40.0
   103.657    31.433    23.168    34.000     0.124      67       2    66.0    40.0
   103.643    31.420    23.168    34.000     0.129      67       1    68.0    40.0
   103.628    31.407    23.168    34.000     0.124      67       1    70.0    40.0
   103.614    31.393    23.168    34.000     0.128      64       2    72.0    40.0
   103.600    31.380    23.168    34.000     0.119      63       3    74.0    40.0
   103.585    31.367    23.168    34.000     0.112      61       2    76.0    40.0
   103.571    31.354    23.168    34.000     0.113      60       2    78.0    40.0
   104.145    31.858    22.049    34.000     0.009      65      29     0.0    38.0
   104.130    31.845    22.049    34.000     0.010      75      32     2.0    38.0
   104.116    31.832    22.049    34.000     0.010      75      32     4.0    38.0
   104.101    31.818    22.049    34.000     0.006      72      29     6.0    38.0
   104.087    31.805    22.049    34.000     0.005      77      25     8.0    38.0
   104.072    31.792    22.049    34.000     0.004      64      33    10.0    38.0
   104.058    31.779    22.049    34.000     0.004      66      32    12.0    38.0
   104.044    31.766    22.049    34.000     0.003      74       1    14.0    38.0
   104.029    31.753    22.049    34.000     0.007      70       1    16.0    38.0
   104.015    31.739    22.049    34.000     0.018      68       1    18.0    38.0
   104.000    31.726    22.049    34.000     0.023      68       1    20.0    38.0
   103.986    31.713    22.049    34.000     0.031      63       2    22.0    38.0
   103.971    31.700    22.049    34.000     0.036      64       2    24.0    38.0
   103.957    31.687    22.049    34.000     0.040      64       2    26.0    38.0
   103.943    31.674    22.049    34.000     0.038      62       2    28.0    38.0
   103.928    31.660    22.049    34.000     0.042      74       1    30.0    38.0
   103.914    31.647    22.049    34.000     0.046      72       1    32.0    38.0
   103.899    31.634    22.049    34.000     0.043      62       2    34.0    38.0
   103.885    31.621    22.049    34.000     0.050      68       1    36.0    38.0
   103.871    31.608    22.049    34.000     0.052      57       2    38.0    38.0
   103.856    31.594    22.049    34.000     0.051      58       2    40.0    38.0
   103.842    31.581    22.049    34.000     0.058      62       2    42.0    38.0
   103.828    31.568    22.049    34.000     0.053      61       2    44.0    38.0
   103.813    31.555    22.049    34.000     0.028      61       2    46.0    38.0
   103.799    31.542    22.049    34.000     0.019      11      37    48.0    38.0
   103.784    31.528    22.049    34.000     0.021       9      37    50.0    38.0
   103.770    31.515    22.049    34.000     0.020      12      37    52.0    38.0
   103.756    31.502    22.049    34.000     0.018      14      37    54.0    38.0
   103.741    31.489    22.049    34.000     0.020      80       1    56.0    38.0
   103.727    31.476    22.049    34.000     0.019      82       1    58.0    38.0
   103.713    31.462    22.049    34.000     0.022      77       1    60.0    38.0
   103.698    31.449    22.049    34.000     0.030      73       1    62.0    38.0
   103.684    31.436    22.049    34.000     0.047      69       2    64.0    38.0
   103.670    31.423    22.049    34.000     0.076      68       1    66.0    38.0
   103.655    31.410    22.049    34.000     0.095      72       1    68.0    38.0
   103.641    31.396    22.049    34.000     0.091      74       1    70.0    38.0
   103.627    31.383    22.049    34.000     0.087      67       1    72.0    38.0
   103.612    31.370    22.049    34.000     0.088      67       1    74.0    38.0
   103.598    31.357    22.049    34.000     0.099      68       1    76.0    38.0
   103.584    31.344    22.049    34.000     0.105      64       1    78.0    38.0
   104.157    31.848    20.931    34.000     0.014      79      33     0.0    36.0
   104.143    31.834    20.931    34.000     0.012      79      33     2.0    36.0
   104.128    31.821    20.931    34.000     0.009      80      32     4.0    36.0
   104.114    31.808    20.931    34.000     0.008      75      28     6.0    36.0
   104.100    31.795    20.931    34.000     0.005      77      28     8.0    36.0
   104.085    31.782    20.931    34.000     0.006      78      26    10.0    36.0
   104.071    31.769    20.931    34.000     0.007      78      25    12.0    36.0
   104.056    31.755    20.931    34.000     0.003      81      24    14.0    36.0
   104.042    31.742    20.931    34.000     0.003      74       1    16.0    36.0
   104.027    31.729    20.931    34.000     0.010      70       1    18.0    36.0
   104.013    31.716    20.931    34.000     0.015      70       1    20.0    36.0
   103.999    31.703    20.931    34.000     0.020      65       2    22.0    36.0
   103.984    31.690    20.931    34.000     0.028      63       2    24.0    36.0
   103.970    31.676    20.931    34.000     0.037      65       1    26.0    36.0
   103.955    31.663    20.931    34.000     0.034      63       2    28.0    36.0
   103.941    31.650    20.931    34.000     0.038      62       2    30.0    36.0
   103.927    31.637    20.931    34.000     0.040      61       2    32.0    36.0
   103.912    31.624    20.931    34.000     0.042      60       2    34.0    36.0
   103.898    31.611    20.931    34.000     0.050      58       2    36.0    36.0
   103.883    31.597    20.931    34.000     0.064      60       2    38.0    36.0
   103.869    31.584    20.931    34.000     0.062      61       2    40.0    36.0
   103.855    31.571    20.931    34.000     0.047      59       2    42.0    36.0
   103.840    31.558    20.931    34.000     0.050      63       2    44.0    36.0
   103.826    31.545    20.931    34.000     0.041      63       2    46.0    36.0
   103.812    31.531    20.931    34.000     0.019      62       2    48.0    36.0
   103.797    31.518    20.931    34.000     0.016      15      37    50.0    36.0
   103.783    31.505    20.931    34.000     0.015      15      37    52.0    36.0
   103.769    31.492    20.931    34.000     0.010      12      37    54.0    36.0
   103.754    31.479    20.931    34.000     0.012      13      37    56.0    36.0
   103.740    31.465    20.931    34.000     0.021      83       1    58.0    36.0
   103.726    31.452    20.931    34.000     0.020      84       1    60.0    36.0
   103.711    31.439    20.931    34.000     0.024      76       1    62.0    36.0
   103.697    31.426    20.931    34.000     0.029      76       1    64.0    36.0
   103.683    31.413    20.931    34.000     0.035      78       1    66.0    36.0
   103.668    31.399    20.931    34.000     0.050      75       1    68.0    36.0
   103.654    31.386    20.931    34.000     0.056      68       1    70.0    36.0
   103.640    31.373    20.931    34.000     0.075      73       1    72.0    36.0
   103.625    31.360    20.931    34.000     0.081      71       1    74.0    36.0
   103.611    31.347    20.931    34.000     0.070      69       1    76.0    36.0
   103.597    31.333    20.931    34.000     0.085      67       1    78.0    36.0
   104.170    31.837    19.813    34.000     0.008      70      25     0.0    34.0
   104.156    31.824    19.813    34.000     0.009      70      25     2.0    34.0
   104.141    31.811    19.813    34.000     0.008      71      22     4.0    34.0
   104.127    31.798    19.813    34.000     0.008      70      26     6.0    34.0
   104.112    31.785    19.813    34.000     0.007      69      25     8.0    34.0
   104.098    31.772    19.813    34.000     0.006      74      30    10.0    34.0
   104.083    31.758    19.813    34.000     0.006      75      30    12.0    34.0
   104.069    31.745    19.813    34.000     0.005      79      28    14.0    34.0
   104.055    31.732    19.813    34.000     0.005      76      28    16.0    34.0
   104.040    31.719    19.813    34.000     0.005      84      14    18.0    34.0
   104.026    31.706    19.813    34.000     0.013      72       1    20.0    34.0
   104.011    31.693    19.813    34.000     0.016      71       1    22.0    34.0
   103.997    31.679    19.813    34.000     0.019      70       1    24.0    34.0
   103.983    31.666    19.813    34.000     0.026      67       1    26.0    34.0
   103.968    31.653    19.813    34.000     0.025      30      36    28.0    34.0
   103.954    31.640    19.813    34.000     0.028      80       1    30.0    34.0
   103.939    31.627    19.813    34.000     0.030      80       1    32.0    34.0
   103.925    31.614    19.813    34.000     0.034      60       2    34.0    34.0
   103.911    31.600    19.813    34.000     0.048      61       2    36.0    34.0
   103.896    31.587    19.813    34.000     0.059      62       1    38.0    34.0
   103.882    31.574    19.813    34.000     0.049      63       1    40.0    34.0
   103.867    31.561    19.813    34.000     0.039      70       1    42.0    34.0
   103.853    31.548    19.813    34.000     0.034      67       1    44.0    34.0
   103.839    31.534    19.813    34.000     0.037      67       1    46.0    34.0
   103.824    31.521    19.813    34.000     0.021      13      37    48.0    34.0
   103.810    31.508    19.813    34.000     0.019      15      37    50.0    34.0
   103.796    31.495    19.813    34.000     0.023      17      37    52.0    34.0
   103.781    31.482    19.813    34.000     0.016      17      37    54.0    34.0
   103.767    31.468    19.813    34.000     0.018      78      18    56.0    34.0
   103.753    31.455    19.813    34.000     0.019      80      12    58.0    34.0
   103.738    31.442    19.813    34.000     0.015      77      14    60.0    34.0
   103.724    31.429    19.813    34.000     0.012      70      20    62.0    34.0
   103.710    31.416    19.813    34.000     0.015      77       1    64.0    34.0
   103.695    31.402    19.813    34.000     0.024      73       1    66.0    34.0
   103.681    31.389    19.813    34.000     0.034      75       1    68.0    34.0
   103.667    31.376    19.813    34.000     0.039      74       1    70.0    34.0
   103.652    31.363    19.813    34.000     0.042      73       1    72.0    34.0
   103.638    31.350    19.813    34.000     0.041      77       1    74.0    34.0
   103.624    31.336    19.813    34.000     0.040      77       1    76.0    34.0
   103.609    31.323    19.813    34.000     0.044      74       1    78.0    34.0
   104.183    31.827    18.694    34.000     0.005      67      26     0.0    32.0
   104.168    31.814    18.694    34.000     0.008      67      25     2.0    32.0
   104.154    31.801    18.694    34.000     0.012      67      26     4.0    32.0
   104.140    31.788    18.694    34.000     0.010      69      25     6.0    32.0
   104.125    31.775    18.694    34.000     0.011      68      24     8.0    32.0
   104.111    31.761    18.694    34.000     0.012      70      24    10.0    32.0
   104.096    31.748    18.694    34.000     0.007      68      23    12.0    32.0
   104.082    31.735    18.694    34.000     0.006      74      23    14.0    32.0
   104.067    31.722    18.694    34.000     0.005      71      18    16.0    32.0
   104.053    31.709    18.694    34.000     0.006      81      11    18.0    32.0
   104.039    31.696    18.694    34.000     0.008      81       9    20.0    32.0
   104.024    31.682    18.694    34.000     0.015      82       8    22.0    32.0
   104.010    31.669    18.694    34.000     0.017      24      37    24.0    32.0
   103.995    31.656    18.694    34.000     0.022      23      36    26.0    32.0
   103.981    31.643    18.694    34.000     0.021      22      36    28.0    32.0
   103.967    31.630    18.694    34.000     0.026      29      37    30.0    32.0
   103.952    31.617    18.694    34.000     0.028      72      10    32.0    32.0
   103.938    31.603    18.694    34.000     0.028      74       7    34.0    32.0
   103.923    31.590    18.694    34.000     0.032      72       8    36.0    32.0
   103.909    31.577    18.694    34.000     0.028      68       9    38.0    32.0
   103.895    31.564    18.694    34.000     0.029      63       1    40.0    32.0
   103.880    31.551    18.694    34.000     0.028      63       1    42.0    32.0
   103.866    31.537    18.694    34.000     0.021      18      37    44.0    32.0
   103.851    31.524    18.694    34.000     0.017      18      37    46.0    32.0
   103.837    31.511    18.694    34.000     0.020      17      37    48.0    32.0
   103.823    31.498    18.694    34.000     0.011      68       1    50.0    32.0
   103.808    31.485    18.694    34.000     0.011      81      19    52.0    32.0
   103.794    31.471    18.694    34.000     0.016      74      19    54.0    32.0
   103.780    31.458    18.694    34.000     0.018      74      22    56.0    32.0
   103.765    31.445    18.694    34.000     0.026      73      21    58.0    32.0
   103.751    31.432    18.694    34.000     0.016      72      21    60.0    32.0
   103.737    31.419    18.694    34.000     0.014      71      22    62.0    32.0
   103.722    31.405    18.694    34.000     0.008      71      20    64.0    32.0
   103.708    31.392    18.694    34.000     0.007      68      21    66.0    32.0
   103.694    31.379    18.694    34.000     0.006      67      20    68.0    32.0
   103.679    31.366    18.694    34.000     0.011      75       1    70.0    32.0
   103.665    31.353    18.694    34.000     0.014      71       1    72.0    32.0
   103.651    31.339    18.694    34.000     0.022      78       1    74.0    32.0
   103.636    31.326    18.694    34.000     0.029       5       1    76.0    32.0
   103.622    31.313    18.694    34.000     0.044       5       1    78.0    32.0
   104.196    31.817    17.576    34.000     0.007      23      13     0.0    30.0
   104.181    31.804    17.576    34.000     0.004      28      13     2.0    30.0
   104.167    31.791    17.576    34.000     0.005      70      25     4.0    30.0
   104.152    31.777    17.576    34.000     0.006      68      25     6.0    30.0
   104.138    31.764    17.576    34.000     0.008      67      24     8.0    30.0
   104.123    31.751    17.576    34.000     0.009      67      24    10.0    30.0
   104.109    31.738    17.576    34.000     0.007      72      20    12.0    30.0
   104.095    31.725    17.576    34.000     0.006      64      23    14.0    30.0
   104.080    31.712    17.576    34.000     0.006      69      20    16.0    30.0
   104.066    31.699    17.576    34.000     0.006      68      19    18.0    30.0
   104.051    31.685    17.576    34.000     0.006      68      17    20.0    30.0
   104.037    31.672    17.576    34.000     0.010      30      37    22.0    30.0
   104.023    31.659    17.576    34.000     0.021      27      37    24.0    30.0
   104.008    31.646    17.576    34.000     0.037      25      36    26.0    30.0
   103.994    31.633    17.576    34.000     0.043      25      36    28.0    30.0
   103.979    31.619    17.576    34.000     0.055      24      36    30.0    30.0
   103.965    31.606    17.576    34.000     0.046      27      36    32.0    30.0
   103.951    31.593    17.576    34.000     0.058      70       7    34.0    30.0
   103.936    31.580    17.576    34.000     0.069      69       6    36.0    30.0
   103.922    31.567    17.576    34.000     0.064      68       6    38.0    30.0
   103.907    31.554    17.576    34.000     0.050      69       6    40.0    30.0
   103.893    31.540    17.576    34.000     0.037      70       7    42.0    30.0
   103.879    31.527    17.576    34.000     0.028      27      36    44.0    30.0
   103.864    31.514    17.576    34.000     0.024      26      36    46.0    30.0
   103.850    31.501    17.576    34.000     0.017      25      36    48.0    30.0
   103.836    31.488    17.576    34.000     0.010      76       8    50.0    30.0
   103.821    31.474    17.576    34.000     0.006      93      17    52.0    30.0
   103.807    31.461    17.576    34.000     0.010      99       5    54.0    30.0
   103.792    31.448    17.576    34.000     0.018      96       6    56.0    30.0
   103.778    31.435    17.576    34.000     0.022      95       6    58.0    30.0
   103.764    31.422    17.576    34.000     0.024      95       5    60.0    30.0
   103.749    31.409    17.576    34.000     0.030     100       4    62.0    30.0
   103.735    31.395    17.576    34.000     0.040     100       5    64.0    30.0
   103.721    31.382    17.576    34.000     0.048     100       4    66.0    30.0
   103.706    31.369    17.576    34.000     0.056      97       5    68.0    30.0
   103.692    31.356    17.576    34.000     0.039      96       6    70.0    30.0
   103.678    31.342    17.576    34.000     0.026      98       7    72.0    30.0
   103.664    31.329    17.576    34.000     0.027      15       3    74.0    30.0
   103.649    31.316    17.576    34.000     0.034      15       3    76.0    30.0
   103.635    31.303    17.576    34.000     0.037       8       1    78.0    30.0
   104.208    31.807    16.457    34.000     0.010      32      13     0.0    28.0
   104.194    31.794    16.457    34.000     0.008      31      12     2.0    28.0
   104.180    31.780    16.457    34.000     0.006      32      12     4.0    28.0
   104.165    31.767    16.457    34.000     0.003      32      12     6.0    28.0
   104.151    31.754    16.457    34.000     0.002      26      13     8.0    28.0
   104.136    31.741    16.457    34.000     0.003       3      16    10.0    28.0
   104.122    31.728    16.457    34.000     0.003       2      16    12.0    28.0
   104.107    31.715    16.457    34.000     0.004      48      37    14.0    28.0
   104.093    31.701    16.457    34.000     0.005      47      37    16.0    28.0
   104.079    31.688    16.457    34.000     0.005      90       2    18.0    28.0
   104.064    31.675    16.457    34.000     0.006      90       2    20.0    28.0
   104.050    31.662    16.457    34.000     0.012      38      37    22.0    28.0
   104.035    31.649    16.457    34.000     0.017      30      36    24.0    28.0
   104.021    31.636    16.457    34.000     0.032      28      36    26.0    28.0
   104.006    31.622    16.457    34.000     0.046      27      36    28.0    28.0
   103.992    31.609    16.457    34.000     0.044      26      36    30.0    28.0
   103.978    31.596    16.457    34.000     0.053      31      36    32.0    28.0
   103.963    31.583    16.457    34.000     0.058      76       1    34.0    28.0
   103.949    31.570    16.457    34.000     0.066      28      36    36.0    28.0
   103.935    31.557    16.457    34.000     0.064      29      36    38.0    28.0
   103.920    31.543    16.457    34.000     0.059      28      36    40.0    28.0
   103.906    31.530    16.457    34.000     0.044      31      36    42.0    28.0
   103.891    31.517    16.457    34.000     0.037      33      36    44.0    28.0
   103.877    31.504    16.457    34.000     0.023      32      36    46.0    28.0
   103.863    31.491    16.457    34.000     0.014      32      36    48.0    28.0
   103.848    31.477    16.457    34.000     0.011      90      27    50.0    28.0
   103.834    31.464    16.457    34.000     0.015      87      27    52.0    28.0
   103.820    31.451    16.457    34.000     0.016      86      27    54.0    28.0
   103.805    31.438    16.457    34.000     0.019      97       9    56.0    28.0
   103.791    31.425    16.457    34.000     0.030      97       9    58.0    28.0
   103.777    31.412    16.457    34.000     0.049      97       9    60.0    28.0
   103.762    31.398    16.457    34.000     0.065      98       8    62.0    28.0
   103.748    31.385    16.457    34.000     0.112      99       5    64.0    28.0
   103.734    31.372    16.457    34.000     0.128     100       5    66.0    28.0
   103.719    31.359    16.457    34.000     0.157     100       4    68.0    28.0
   103.705    31.345    16.457    34.000     0.154     100       4    70.0    28.0
   103.691    31.332    16.457    34.000     0.096     100       6    72.0    28.0
   103.676    31.319    16.457    34.000     0.086      95       4    74.0    28.0
   103.662    31.306    16.457    34.000     0.077      29       8    76.0    28.0
   103.648    31.293    16.457    34.000     0.078      27       9    78.0    28.0
   104.221    31.796    15.339    34.000     0.007      34      13     0.0    26.0
   104.207    31.783    15.339    34.000     0.006      32      13     2.0    26.0
   104.192    31.770    15.339    34.000     0.005      31      13     4.0    26.0
   104.178    31.757    15.339    34.000     0.004      32      12     6.0    26.0
   104.163    31.744    15.339    34.000     0.002       8      21     8.0    26.0
   104.149    31.731    15.339    34.000     0.003       2      14    10.0    26.0
   104.135    31.718    15.339    34.000     0.004      51      37    12.0    26.0
   104.120    31.704    15.339    34.000     0.011      53      37    14.0    26.0
   104.106    31.691    15.339    34.000     0.014      52      37    16.0    26.0
   104.091    31.678    15.339    34.000     0.011      52      37    18.0    26.0
   104.077    31.665    15.339    34.000     0.014      48      37    20.0    26.0
   104.062    31.652    15.339    34.000     0.016      47      37    22.0    26.0
   104.048    31.639    15.339    34.000     0.023      47      37    24.0    26.0
   104.034    31.625    15.339    34.000     0.037      44      37    26.0    26.0
   104.019    31.612    15.339    34.000     0.046      41      37    28.0    26.0
   104.005    31.599    15.339    34.000     0.057      42      37    30.0    26.0
   103.990    31.586    15.339    34.000     0.060      41      37    32.0    26.0
   103.976    31.573    15.339    34.000     0.063      39      37    34.0    26.0
   103.962    31.560    15.339    34.000     0.063      39      37    36.0    26.0
   103.947    31.546    15.339    34.000     0.055      40      37    38.0    26.0
   103.933    31.533    15.339    34.000     0.041      39      37    40.0    26.0
   103.919    31.520    15.339    34.000     0.045      34      37    42.0    26.0
   103.904    31.507    15.339    34.000     0.035      36      37    44.0    26.0
   103.890    31.494    15.339    34.000     0.028      35      37    46.0    26.0
   103.875    31.480    15.339    34.000     0.014      87       7    48.0    26.0
   103.861    31.467    15.339    34.000     0.010      87      20    50.0    26.0
   103.847    31.454    15.339    34.000     0.014      88      23    52.0    26.0
   103.832    31.441    15.339    34.000     0.022      87      23    54.0    26.0
   103.818    31.428    15.339    34.000     0.026      87      32    56.0    26.0
   103.804    31.415    15.339    34.000     0.043      84      32    58.0    26.0
   103.789    31.401    15.339    34.000     0.050      84      32    60.0    26.0
   103.775    31.388    15.339    34.000     0.053      84      32    62.0    26.0
   103.761    31.375    15.339    34.000     0.055      83      31    64.0    26.0
   103.746    31.362    15.339    34.000     0.049      84      30    66.0    26.0
   103.732    31.349    15.339    34.000     0.055     100       3    68.0    26.0
   103.718    31.335    15.339    34.000     0.082     100       4    70.0    26.0
   103.703    31.322    15.339    34.000     0.085     100       5    72.0    26.0
   103.689    31.309    15.339    34.000     0.085      99       5    74.0    26.0
   103.675    31.296    15.339    34.000     0.093      20       5    76.0    26.0
   103.660    31.282    15.339    34.000     0.106      20       5    78.0    26.0
   104.234    31.786    14.221    34.000     0.005      42      10     0.0    24.0
   104.220    31.773    14.221    34.000     0.005      41      15     2.0    24.0
   104.205    31.760    14.221    34.000     0.005      42      15     4.0    24.0
   104.191    31.747    14.221    34.000     0.004      42      13     6.0    24.0
   104.176    31.734    14.221    34.000     0.003      40      12     8.0    24.0
   104.162    31.720    14.221    34.000     0.004      40      15    10.0    24.0
   104.147    31.707    14.221    34.000     0.002      64      37    12.0    24.0
   104.133    31.694    14.221    34.000     0.005      53      37    14.0    24.0
   104.118    31.681    14.221    34.000     0.010      56      37    16.0    24.0
   104.104    31.668    14.221    34.000     0.022      56      37    18.0    24.0
   104.090    31.655    14.221    34.000     0.029      54      37    20.0    24.0
   104.075    31.642    14.221    34.000     0.039      55      37    22.0    24.0
   104.061    31.628    14.221    34.000     0.037      52      37    24.0    24.0
   104.046    31.615    14.221    34.000     0.045      45      37    26.0    24.0
   104.032    31.602    14.221    34.000     0.076      46      37    28.0    24.0
   104.018    31.589    14.221    34.000     0.086      47      37    30.0    24.0
   104.003    31.576    14.221    34.000     0.095      47      37    32.0    24.0
   103.989    31.563    14.221    34.000     0.090      46      37    34.0    24.0
   103.974    31.549    14.221    34.000     0.070      43      37    36.0    24.0
   103.960    31.536    14.221    34.000     0.060      46      37    38.0    24.0
   103.946    31.523    14.221    34.000     0.047      43      37    40.0    24.0
   103.931    31.510    14.221    34.000     0.040      39      37    42.0    24.0
   103.917    31.497    14.221    34.000     0.039      38      37    44.0    24.0
   103.903    31.483    14.221    34.000     0.035      38      37    46.0    24.0
   103.888    31.470    14.221    34.000     0.025      37      37    48.0    24.0
   103.874    31.457    14.221    34.000     0.011      39      37    50.0    24.0
   103.859    31.444    14.221    34.000     0.008      94      24    52.0    24.0
   103.845    31.431    14.221    34.000     0.010      94      25    54.0    24.0
   103.831    31.418    14.221    34.000     0.021      90      30    56.0    24.0
   103.816    31.404    14.221    34.000     0.029      92      29    58.0    24.0
   103.802    31.391    14.221    34.000     0.051      86      30    60.0    24.0
   103.788    31.378    14.221    34.000     0.064      86      30    62.0    24.0
   103.773    31.365    14.221    34.000     0.091      84      29    64.0    24.0
   103.759    31.352    14.221    34.000     0.103      85      30    66.0    24.0
   103.745    31.338    14.221    34.000     0.108      85      30    68.0    24.0
   103.730    31.325    14.221    34.000     0.135      67      37    70.0    24.0
   103.716    31.312    14.221    34.000     0.143      67      37    72.0    24.0
   103.702    31.299    14.221    34.000     0.128      69      37    74.0    24.0
   103.688    31.286    14.221    34.000     0.113      24       2    76.0    24.0
   103.673    31.272    14.221    34.000     0.114      23       2    78.0    24.0
   104.247    31.776    13.102    34.000     0.004      23      26     0.0    22.0
   104.232    31.763    13.102    34.000     0.004      22      29     2.0    22.0
   104.218    31.750    13.102    34.000     0.002      41      15     4.0    22.0
   104.203    31.737    13.102    34.000     0.003      39      15     6.0    22.0
   104.189    31.723    13.102    34.000     0.003      39      15     8.0    22.0
   104.175    31.710    13.102    34.000     0.003      43      17    10.0    22.0
   104.160    31.697    13.102    34.000     0.005     100       2    12.0    22.0
   104.146    31.684    13.102    34.000     0.006      99       2    14.0    22.0
   104.131    31.671    13.102    34.000     0.009      96       2    16.0    22.0
   104.117    31.658    13.102    34.000     0.011      95       2    18.0    22.0
   104.102    31.644    13.102    34.000     0.021      60      37    20.0    22.0
   104.088    31.631    13.102    34.000     0.031      59      37    22.0    22.0
   104.074    31.618    13.102    34.000     0.040      57      37    24.0    22.0
   104.059    31.605    13.102    34.000     0.047      53      37    26.0    22.0
   104.045    31.592    13.102    34.000     0.070      54      37    28.0    22.0
   104.030    31.579    13.102    34.000     0.094      51      37    30.0    22.0
   104.016    31.565    13.102    34.000     0.098      50      37    32.0    22.0
   104.002    31.552    13.102    34.000     0.082      50      37    34.0    22.0
   103.987    31.539    13.102    34.000     0.074      46      37    36.0    22.0
   103.973    31.526    13.102    34.000     0.076      46      37    38.0    22.0
   103.958    31.513    13.102    34.000     0.071      44      37    40.0    22.0
   103.944    31.500    13.102    34.000     0.053      44      37    42.0    22.0
   103.930    31.486    13.102    34.000     0.041      40      37    44.0    22.0
   103.915    31.473    13.102    34.000     0.036      41      37    46.0    22.0
   103.901    31.460    13.102    34.000     0.025      40      37    48.0    22.0
   103.887    31.447    13.102    34.000     0.012       1       6    50.0    22.0
   103.872    31.434    13.102    34.000     0.018     100      30    52.0    22.0
   103.858    31.420    13.102    34.000     0.015     100      30    54.0    22.0
   103.844    31.407    13.102    34.000     0.020      98      30    56.0    22.0
   103.829    31.394    13.102    34.000     0.031      93      30    58.0    22.0
   103.815    31.381    13.102    34.000     0.048      87      32    60.0    22.0
   103.800    31.368    13.102    34.000     0.071      89      29    62.0    22.0
   103.786    31.355    13.102    34.000     0.095      84      31    64.0    22.0
   103.772    31.341    13.102    34.000     0.114      84      32    66.0    22.0
   103.758    31.328    13.102    34.000     0.125      90      31    68.0    22.0
   103.743    31.315    13.102    34.000     0.140      86      29    70.0    22.0
   103.729    31.302    13.102    34.000     0.173      69      37    72.0    22.0
   103.715    31.289    13.102    34.000     0.175      68      37    74.0    22.0
   103.700    31.275    13.102    34.000     0.164      68      37    76.0    22.0
   103.686    31.262    13.102    34.000     0.150      67      37    78.0    22.0
   104.259    31.766    11.984    34.000     0.004      23      25     0.0    20.0
   104.245    31.753    11.984    34.000     0.004      19      32     2.0    20.0
   104.231    31.739    11.984    34.000     0.003      22      29     4.0    20.0
   104.216    31.726    11.984    34.000     0.002      23      29     6.0    20.0
   104.202    31.713    11.984    34.000     0.003      70      20     8.0    20.0
   104.187    31.700    11.984    34.000     0.004      71      21    10.0    20.0
   104.173    31.687    11.984    34.000     0.006      72      21    12.0    20.0
   104.158    31.674    11.984    34.000     0.007      99       2    14.0    20.0
   104.144    31.661    11.984    34.000     0.016     100       2    16.0    20.0
   104.130    31.647    11.984    34.000     0.019      99       2    18.0    20.0
   104.115    31.634    11.984    34.000     0.021      99       2    20.0    20.0
   104.101    31.621    11.984    34.000     0.021      59      37    22.0    20.0
   104.086    31.608    11.984    34.000     0.046      59      37    24.0    20.0
   104.072    31.595    11.984    34.000     0.058      58      37    26.0    20.0
   104.057    31.582    11.984    34.000     0.057      56      37    28.0    20.0
   104.043    31.568    11.984    34.000     0.072      54      37    30.0    20.0
   104.029    31.555    11.984    34.000     0.076      53      37    32.0    20.0
   104.014    31.542    11.984    34.000     0.061      50      37    34.0    20.0
   104.000    31.529    11.984    34.000     0.069      48      37    36.0    20.0
   103.986    31.516    11.984    34.000     0.071      47      37    38.0    20.0
   103.971    31.503    11.984    34.000     0.064      46      37    40.0    20.0
   103.957    31.489    11.984    34.000     0.044      47      37    42.0    20.0
   103.942    31.476    11.984    34.000     0.034      43      37    44.0    20.0
   103.928    31.463    11.984    34.000     0.029      41      37    46.0    20.0
   103.914    31.450    11.984    34.000     0.024       1       6    48.0    20.0
   103.899    31.437    11.984    34.000     0.021       1       8    50.0    20.0
   103.885    31.423    11.984    34.000     0.026     100      31    52.0    20.0
   103.871    31.410    11.984    34.000     0.042     100      32    54.0    20.0
   103.856    31.397    11.984    34.000     0.043      99      32    56.0    20.0
   103.842    31.384    11.984    34.000     0.065      96      32    58.0    20.0
   103.828    31.371    11.984    34.000     0.081      95      32    60.0    20.0
   103.813    31.358    11.984    34.000     0.093      92      31    62.0    20.0
   103.799    31.344    11.984    34.000     0.114      93      32    64.0    20.0
   103.785    31.331    11.984    34.000     0.133      89      31    66.0    20.0
   103.770    31.318    11.984    34.000     0.165      87      32    68.0    20.0
   103.756    31.305    11.984    34.000     0.182      87      32    70.0    20.0
   103.742    31.292    11.984    34.000     0.219      83      33    72.0    20.0
   103.727    31.278    11.984    34.000     0.262      84      32    74.0    20.0
   103.713    31.265    11.984    34.000     0.238      85      32    76.0    20.0
   103.699    31.252    11.984    34.000     0.232      84      32    78.0    20.0
   104.272    31.755    10.865    34.000     0.003      18      29     0.0    18.0
   104.258    31.742    10.865    34.000     0.003      18      31     2.0    18.0
   104.243    31.729    10.865    34.000     0.003      64      14     4.0    18.0
   104.229    31.716    10.865    34.000     0.004      67      14     6.0    18.0
   104.214    31.703    10.865    34.000     0.004      67      18     8.0    18.0
   104.200    31.690    10.865    34.000     0.005      75      21    10.0    18.0
   104.186    31.677    10.865    34.000     0.006      75      21    12.0    18.0
   104.171    31.663    10.865    34.000     0.009      74      22    14.0    18.0
   104.157    31.650    10.865    34.000     0.015     100       2    16.0    18.0
   104.142    31.637    10.865    34.000     0.025     100       2    18.0    18.0
   104.128    31.624    10.865    34.000     0.029     100       2    20.0    18.0
   104.113    31.611    10.865    34.000     0.032     100       2    22.0    18.0
   104.099    31.598    10.865    34.000     0.045      67      35    24.0    18.0
   104.085    31.585    10.865    34.000     0.042      68      35    26.0    18.0
   104.070    31.571    10.865    34.000     0.075     100       2    28.0    18.0
   104.056    31.558    10.865    34.000     0.110      97       2    30.0    18.0
   104.041    31.545    10.865    34.000     0.098      98       2    32.0    18.0
   104.027    31.532    10.865    34.000     0.086     100       3    34.0    18.0
   104.013    31.519    10.865    34.000     0.065      99       3    36.0    18.0
   103.998    31.506    10.865    34.000     0.059      98       3    38.0    18.0
   103.984    31.492    10.865    34.000     0.046      98       2    40.0    18.0
   103.970    31.479    10.865    34.000     0.032      97       3    42.0    18.0
   103.955    31.466    10.865    34.000     0.029      46      37    44.0    18.0
   103.941    31.453    10.865    34.000     0.030      45      37    46.0    18.0
   103.926    31.440    10.865    34.000     0.029       1       5    48.0    18.0
   103.912    31.426    10.865    34.000     0.026       1       6    50.0    18.0
   103.898    31.413    10.865    34.000     0.034     100      32    52.0    18.0
   103.883    31.400    10.865    34.000     0.068     100      32    54.0    18.0
   103.869    31.387    10.865    34.000     0.074     100      31    56.0    18.0
   103.855    31.374    10.865    34.000     0.096     100      31    58.0    18.0
   103.840    31.361    10.865    34.000     0.103     100      31    60.0    18.0
   103.826    31.347    10.865    34.000     0.111      99      31    62.0    18.0
   103.812    31.334    10.865    34.000     0.124      96      32    64.0    18.0
   103.797    31.321    10.865    34.000     0.149      97      32    66.0    18.0
   103.783    31.308    10.865    34.000     0.154      91      31    68.0    18.0
   103.769    31.295    10.865    34.000     0.166      92      31    70.0    18.0
   103.754    31.281    10.865    34.000     0.201      84      31    72.0    18.0
   103.740    31.268    10.865    34.000     0.241      86      31    74.0    18.0
   103.726    31.255    10.865    34.000     0.276      85      31    76.0    18.0
   103.711    31.242    10.865    34.000     0.291       1      30    78.0    18.0
   104.285    31.745     9.747    34.000     0.004      68      10     0.0    16.0
   104.271    31.732     9.747    34.000     0.006      68      12     2.0    16.0
   104.256    31.719     9.747    34.000     0.006      66      11     4.0    16.0
   104.242    31.706     9.747    34.000     0.008      65      15     6.0    16.0
   104.227    31.693     9.747    34.000     0.007      67      16     8.0    16.0
   104.213    31.680     9.747    34.000     0.007      73      17    10.0    16.0
   104.198    31.666     9.747    34.000     0.008      73      19    12.0    16.0
   104.184    31.653     9.747    34.000     0.011      69      35    14.0    16.0
   104.169    31.640     9.747    34.000     0.019      69      35    16.0    16.0
   104.155    31.627     9.747    34.000     0.028      68      35    18.0    16.0
   104.141    31.614     9.747    34.000     0.040      68      35    20.0    16.0
   104.126    31.601     9.747    34.000     0.047      72      34    22.0    16.0
   104.112    31.587     9.747    34.000     0.072      69      35    24.0    16.0
   104.097    31.574     9.747    34.000     0.107      67      35    26.0    16.0
   104.083    31.561     9.747    34.000     0.098      65      35    28.0    16.0
   104.069    31.548     9.747    34.000     0.144     100       2    30.0    16.0
   104.054    31.535     9.747    34.000     0.190     100       2    32.0    16.0
   104.040    31.522     9.747    34.000     0.170     100       3    34.0    16.0
   104.025    31.508     9.747    34.000     0.143     100       3    36.0    16.0
   104.011    31.495     9.747    34.000     0.135     100       4    38.0    16.0
   103.997    31.482     9.747    34.000     0.134     100       4    40.0    16.0
   103.982    31.469     9.747    34.000     0.089      99       4    42.0    16.0
   103.968    31.456     9.747    34.000     0.059      98       4    44.0    16.0
   103.954    31.443     9.747    34.000     0.045      54      37    46.0    16.0
   103.939    31.429     9.747    34.000     0.053      52      37    48.0    16.0
   103.925    31.416     9.747    34.000     0.053      51      37    50.0    16.0
   103.910    31.403     9.747    34.000     0.046      50      37    52.0    16.0
   103.896    31.390     9.747    34.000     0.040     100      31    54.0    16.0
   103.882    31.377     9.747    34.000     0.072     100      32    56.0    16.0
   103.867    31.364     9.747    34.000     0.093     100      31    58.0    16.0
   103.853    31.350     9.747    34.000     0.108     100      32    60.0    16.0
   103.839    31.337     9.747    34.000     0.118     100      30    62.0    16.0
   103.824    31.324     9.747    34.000     0.115      98      32    64.0    16.0
   103.810    31.311     9.747    34.000     0.137      99      32    66.0    16.0
   103.796    31.298     9.747    34.000     0.142      99      31    68.0    16.0
   103.781    31.284     9.747    34.000     0.148      94      32    70.0    16.0
   103.767    31.271     9.747    34.000     0.151      95      32    72.0    16.0
   103.753    31.258     9.747    34.000     0.209       1      32    74.0    16.0
   103.738    31.245     9.747    34.000     0.236       1      30    76.0    16.0
   103.724    31.232     9.747    34.000     0.281       2      30    78.0    16.0
   104.298    31.735     8.629    34.000     0.006      68      11     0.0    14.0
   104.283    31.722     8.629    34.000     0.008      67      10     2.0    14.0
   104.269    31.709     8.629    34.000     0.009      68      13     4.0    14.0
   104.254    31.696     8.629    34.000     0.007      68      15     6.0    14.0
   104.240    31.682     8.629    34.000     0.005      63      14     8.0    14.0
   104.226    31.669     8.629    34.000     0.005      80      17    10.0    14.0
   104.211    31.656     8.629    34.000     0.007      80      20    12.0    14.0
   104.197    31.643     8.629    34.000     0.009      74      34    14.0    14.0
   104.182    31.630     8.629    34.000     0.019      72      35    16.0    14.0
   104.168    31.617     8.629    34.000     0.030      70      35    18.0    14.0
   104.153    31.604     8.629    34.000     0.048      72      35    20.0    14.0
   104.139    31.590     8.629    34.000     0.072      76      35    22.0    14.0
   104.125    31.577     8.629    34.000     0.118      74      35    24.0    14.0
   104.110    31.564     8.629    34.000     0.137      73      35    26.0    14.0
   104.096    31.551     8.629    34.000     0.171      68      36    28.0    14.0
   104.081    31.538     8.629    34.000     0.198      69      36    30.0    14.0
   104.067    31.525     8.629    34.000     0.193      69      36    32.0    14.0
   104.053    31.511     8.629    34.000     0.199      69      35    34.0    14.0
   104.038    31.498     8.629    34.000     0.176      69      35    36.0    14.0
   104.024    31.485     8.629    34.000     0.135     100       6    38.0    14.0
   104.009    31.472     8.629    34.000     0.130     100       6    40.0    14.0
   103.995    31.459     8.629    34.000     0.104     100       6    42.0    14.0
   103.981    31.446     8.629    34.000     0.089     100       7    44.0    14.0
   103.966    31.432     8.629    34.000     0.089      50      37    46.0    14.0
   103.952    31.419     8.629    34.000     0.104      51      37    48.0    14.0
   103.938    31.406     8.629    34.000     0.109      51      37    50.0    14.0
   103.923    31.393     8.629    34.000     0.099      52      37    52.0    14.0
   103.909    31.380     8.629    34.000     0.090      53      37    54.0    14.0
   103.894    31.366     8.629    34.000     0.083      45      37    56.0    14.0
   103.880    31.353     8.629    34.000     0.087      46      37    58.0    14.0
   103.866    31.340     8.629    34.000     0.080      46      37    60.0    14.0
   103.851    31.327     8.629    34.000     0.069     100      29    62.0    14.0
   103.837    31.314     8.629    34.000     0.082     100      31    64.0    14.0
   103.823    31.301     8.629    34.000     0.092     100      29    66.0    14.0
   103.808    31.287     8.629    34.000     0.093     100      29    68.0    14.0
   103.794    31.274     8.629    34.000     0.088      96      30    70.0    14.0
   103.780    31.261     8.629    34.000     0.089      97      30    72.0    14.0
   103.766    31.248     8.629    34.000     0.087      93      31    74.0    14.0
   103.751    31.235     8.629    34.000     0.114      88      31    76.0    14.0
   103.737    31.221     8.629    34.000     0.130      88      31    78.0    14.0
   104.310    31.725     7.510    34.000     0.009      64      14     0.0    12.0
   104.296    31.712     7.510    34.000     0.011      66      13     2.0    12.0
   104.282    31.698     7.510    34.000     0.017      69      11     4.0    12.0
   104.267    31.685     7.510    34.000     0.016      69      12     6.0    12.0
   104.253    31.672     7.510    34.000     0.015      65      12     8.0    12.0
   104.238    31.659     7.510    34.000     0.010      64      13    10.0    12.0
   104.224    31.646     7.510    34.000     0.009      78      14    12.0    12.0
   104.209    31.633     7.510    34.000     0.009      87      20    14.0    12.0
   104.195    31.620     7.510    34.000     0.010      84      22    16.0    12.0
   104.181    31.606     7.510    34.000     0.013      81      21    18.0    12.0
   104.166    31.593     7.510    34.000     0.025      77      35    20.0    12.0
   104.152    31.580     7.510    34.000     0.042      78      35    22.0    12.0
   104.137    31.567     7.510    34.000     0.080      79      35    24.0    12.0
   104.123    31.554     7.510    34.000     0.136      78      36    26.0    12.0
   104.108    31.541     7.510    34.000     0.164      77      36    28.0    12.0
   104.094    31.528     7.510    34.000     0.183      75      36    30.0    12.0
   104.080    31.514     7.510    34.000     0.237      70      36    32.0    12.0
   104.065    31.501     7.510    34.000     0.246      70      36    34.0    12.0
   104.051    31.488     7.510    34.000     0.198      73      37    36.0    12.0
   104.037    31.475     7.510    34.000     0.186      73      37    38.0    12.0
   104.022    31.462     7.510    34.000     0.138      73      37    40.0    12.0
   104.008    31.449     7.510    34.000     0.126      69      36    42.0    12.0
   103.993    31.435     7.510    34.000     0.106      69      36    44.0    12.0
   103.979    31.422     7.510    34.000     0.094      58      37    46.0    12.0
   103.965    31.409     7.510    34.000     0.103      53      37    48.0    12.0
   103.950    31.396     7.510    34.000     0.114      52      37    50.0    12.0
   103.936    31.383     7.510    34.000     0.125      52      37    52.0    12.0
   103.922    31.369     7.510    34.000     0.132      52      37    54.0    12.0
   103.907    31.356     7.510    34.000     0.150      49      37    56.0    12.0
   103.893    31.343     7.510    34.000     0.151      49      37    58.0    12.0
   103.879    31.330     7.510    34.000     0.151      50      37    60.0    12.0
   103.864    31.317     7.510    34.000     0.139      50      37    62.0    12.0
   103.850    31.304     7.510    34.000     0.109      50      37    64.0    12.0
   103.836    31.290     7.510    34.000     0.075      49      37    66.0    12.0
   103.821    31.277     7.510    34.000     0.037     100      32    68.0    12.0
   103.807    31.264     7.510    34.000     0.038     100      29    70.0    12.0
   103.793    31.251     7.510    34.000     0.033      99      29    72.0    12.0
   103.778    31.238     7.510    34.000     0.030     100      30    74.0    12.0
   103.764    31.224     7.510    34.000     0.023      98      31    76.0    12.0
   103.750    31.211     7.510    34.000     0.029      89      29    78.0    12.0
   104.323    31.715     6.392    34.000     0.013      70      12     0.0    10.0
   104.309    31.701     6.392    34.000     0.012      70      13     2.0    10.0
   104.294    31.688     6.392    34.000     0.013      73       9     4.0    10.0
   104.280    31.675     6.392    34.000     0.014      77      11     6.0    10.0
   104.265    31.662     6.392    34.000     0.018      77      11     8.0    10.0
   104.251    31.649     6.392    34.000     0.018      77      12    10.0    10.0
   104.237    31.636     6.392    34.000     0.017      76      12    12.0    10.0
   104.222    31.623     6.392    34.000     0.012      79      12    14.0    10.0
   104.208    31.609     6.392    34.000     0.010      82      19    16.0    10.0
   104.193    31.596     6.392    34.000     0.010      82      20    18.0    10.0
   104.179    31.583     6.392    34.000     0.021      77      35    20.0    10.0
   104.164    31.570     6.392    34.000     0.042      78      35    22.0    10.0
   104.150    31.557     6.392    34.000     0.060      79      35    24.0    10.0
   104.136    31.544     6.392    34.000     0.098      83      36    26.0    10.0
   104.121    31.530     6.392    34.000     0.133      82      36    28.0    10.0
   104.107    31.517     6.392    34.000     0.179      78      36    30.0    10.0
   104.092    31.504     6.392    34.000     0.221      79      36    32.0    10.0
   104.078    31.491     6.392    34.000     0.240      78      37    34.0    10.0
   104.064    31.478     6.392    34.000     0.256      76      37    36.0    10.0
   104.049    31.465     6.392    34.000     0.254      76      37    38.0    10.0
   104.035    31.451     6.392    34.000     0.221      78      37    40.0    10.0
   104.020    31.438     6.392    34.000     0.197      77      37    42.0    10.0
   104.006    31.425     6.392    34.000     0.152      74      37    44.0    10.0
   103.992    31.412     6.392    34.000     0.131      74      37    46.0    10.0
   103.977    31.399     6.392    34.000     0.094      60      37    48.0    10.0
   103.963    31.386     6.392    34.000     0.129      53      37    50.0    10.0
   103.949    31.372     6.392    34.000     0.174      53      37    52.0    10.0
   103.934    31.359     6.392    34.000     0.175      54      37    54.0    10.0
   103.920    31.346     6.392    34.000     0.182      54      37    56.0    10.0
   103.906    31.333     6.392    34.000     0.193      54      37    58.0    10.0
   103.891    31.320     6.392    34.000     0.204      54      37    60.0    10.0
   103.877    31.307     6.392    34.000     0.192      53      37    62.0    10.0
   103.863    31.293     6.392    34.000     0.165      56      37    64.0    10.0
   103.848    31.280     6.392    34.000     0.149      52      37    66.0    10.0
   103.834    31.267     6.392    34.000     0.135      52      37    68.0    10.0
   103.820    31.254     6.392    34.000     0.066      55      37    70.0    10.0
   103.805    31.241     6.392    34.000     0.056      48      37    72.0    10.0
   103.791    31.227     6.392    34.000     0.031      48      37    74.0    10.0
   103.777    31.214     6.392    34.000     0.026      48      37    76.0    10.0
   103.762    31.201     6.392    34.000     0.016      48      37    78.0    10.0
   104.336    31.704     5.274    34.000     0.007      76       9     0.0     8.0
   104.322    31.691     5.274    34.000     0.008      79       6     2.0     8.0
   104.307    31.678     5.274    34.000     0.009      79       8     4.0     8.0
   104.293    31.665     5.274    34.000     0.010      79       9     6.0     8.0
   104.278    31.652     5.274    34.000     0.009      82       8     8.0     8.0
   104.264    31.639     5.274    34.000     0.010      82       9    10.0     8.0
   104.249    31.625     5.274    34.000     0.010      83      11    12.0     8.0
   104.235    31.612     5.274    34.000     0.009      83      11    14.0     8.0
   104.220    31.599     5.274    34.000     0.008      71      27    16.0     8.0
   104.206    31.586     5.274    34.000     0.008      71      28    18.0     8.0
   104.192    31.573     5.274    34.000     0.008      72      29    20.0     8.0
   104.177    31.560     5.274    34.000     0.015      86      37    22.0     8.0
   104.163    31.547     5.274    34.000     0.027      85      37    24.0     8.0
   104.148    31.533     5.274    34.000     0.050      82      37    26.0     8.0
   104.134    31.520     5.274    34.000     0.068      79      37    28.0     8.0
   104.120    31.507     5.274    34.000     0.107      83      37    30.0     8.0
   104.105    31.494     5.274    34.000     0.170      83      37    32.0     8.0
   104.091    31.481     5.274    34.000     0.206      81      37    34.0     8.0
   104.076    31.468     5.274    34.000     0.250      80      37    36.0     8.0
   104.062    31.454     5.274    34.000     0.303      82      37    38.0     8.0
   104.048    31.441     5.274    34.000     0.293      84      37    40.0     8.0
   104.033    31.428     5.274    34.000     0.261      78      37    42.0     8.0
   104.019    31.415     5.274    34.000     0.251      77      37    44.0     8.0
   104.004    31.402     5.274    34.000     0.244      76      37    46.0     8.0
   103.990    31.389     5.274    34.000     0.219      77      37    48.0     8.0
   103.976    31.375     5.274    34.000     0.176      77      37    50.0     8.0
   103.961    31.362     5.274    34.000     0.142      70      37    52.0     8.0
   103.947    31.349     5.274    34.000     0.167      68      37    54.0     8.0
   103.933    31.336     5.274    34.000     0.164      68      37    56.0     8.0
   103.918    31.323     5.274    34.000     0.154      68      37    58.0     8.0
   103.904    31.310     5.274    34.000     0.128      65      37    60.0     8.0
   103.890    31.296     5.274    34.000     0.109      64      37    62.0     8.0
   103.875    31.283     5.274    34.000     0.097      63      37    64.0     8.0
   103.861    31.270     5.274    34.000     0.083      58      37    66.0     8.0
   103.847    31.257     5.274    34.000     0.082      57      37    68.0     8.0
   103.832    31.244     5.274    34.000     0.065      57      37    70.0     8.0
   103.818    31.230     5.274    34.000     0.040      59      37    72.0     8.0
   103.804    31.217     5.274    34.000     0.032      54      37    74.0     8.0
   103.789    31.204     5.274    34.000     0.021      56      37    76.0     8.0
   103.775    31.191     5.274    34.000     0.019      57      37    78.0     8.0
   104.349    31.694     4.155    34.000     0.006      99       1     0.0     6.0
   104.334    31.681     4.155    34.000     0.004      86       4     2.0     6.0
   104.320    31.668     4.155    34.000     0.004      85       6     4.0     6.0
   104.305    31.655     4.155    34.000     0.005      85       7     6.0     6.0
   104.291    31.641     4.155    34.000     0.005      86       7     8.0     6.0
   104.276    31.628     4.155    34.000     0.007      87       7    10.0     6.0
   104.262    31.615     4.155    34.000     0.006      86      10    12.0     6.0
   104.248    31.602     4.155    34.000     0.007      86      11    14.0     6.0
   104.233    31.589     4.155    34.000     0.004      86      16    16.0     6.0
   104.219    31.576     4.155    34.000     0.004      86      20    18.0     6.0
   104.204    31.563     4.155    34.000     0.005      86      22    20.0     6.0
   104.190    31.549     4.155    34.000     0.007      92      37    22.0     6.0
   104.175    31.536     4.155    34.000     0.014      91      37    24.0     6.0
   104.161    31.523     4.155    34.000     0.018      91      37    26.0     6.0
   104.147    31.510     4.155    34.000     0.032      93      37    28.0     6.0
   104.132    31.497     4.155    34.000     0.042      92      37    30.0     6.0
   104.118    31.484     4.155    34.000     0.074      88      37    32.0     6.0
   104.103    31.471     4.155    34.000     0.103      88      37    34.0     6.0
   104.089    31.457     4.155    34.000     0.119      90      37    36.0     6.0
   104.075    31.444     4.155    34.000     0.140      85      37    38.0     6.0
   104.060    31.431     4.155    34.000     0.189      85      37    40.0     6.0
   104.046    31.418     4.155    34.000     0.199      83      37    42.0     6.0
   104.032    31.405     4.155    34.000     0.232      81      37    44.0     6.0
   104.017    31.392     4.155    34.000     0.241      80      37    46.0     6.0
   104.003    31.378     4.155    34.000     0.266      80      37    48.0     6.0
   103.988    31.365     4.155    34.000     0.265      79      37    50.0     6.0
   103.974    31.352     4.155    34.000     0.274      78      37    52.0     6.0
   103.960    31.339     4.155    34.000     0.231      79      37    54.0     6.0
   103.945    31.326     4.155    34.000     0.213      77      37    56.0     6.0
   103.931    31.312     4.155    34.000     0.195      76      37    58.0     6.0
   103.917    31.299     4.155    34.000     0.158      76      37    60.0     6.0
   103.902    31.286     4.155    34.000     0.148      74      37    62.0     6.0
   103.888    31.273     4.155    34.000     0.135      73      37    64.0     6.0
   103.874    31.260     4.155    34.000     0.091      72      37    66.0     6.0
   103.859    31.247     4.155    34.000     0.065      71      37    68.0     6.0
   103.845    31.233     4.155    34.000     0.041      73      37    70.0     6.0
   103.831    31.220     4.155    34.000     0.032      47      32    72.0     6.0
   103.816    31.207     4.155    34.000     0.033      48      33    74.0     6.0
   103.802    31.194     4.155    34.000     0.028      49      33    76.0     6.0
   103.788    31.181     4.155    34.000     0.030      39      34    78.0     6.0
   104.361    31.684     3.037    34.000     0.003      74       9     0.0     4.0
   104.347    31.671     3.037    34.000     0.004      74       9     2.0     4.0
   104.333    31.657     3.037    34.000     0.004      73      10     4.0     4.0
   104.318    31.644     3.037    34.000     0.003      90       8     6.0     4.0
   104.304    31.631     3.037    34.000     0.004      69      11     8.0     4.0
   104.289    31.618     3.037    34.000     0.004      89      13    10.0     4.0
   104.275    31.605     3.037    34.000     0.004      69      12    12.0     4.0
   104.260    31.592     3.037    34.000     0.004      66      12    14.0     4.0
   104.246    31.579     3.037    34.000     0.006      66      17    16.0     4.0
   104.231    31.566     3.037    34.000     0.007      66      18    18.0     4.0
   104.217    31.552     3.037    34.000     0.009      73      13    20.0     4.0
   104.203    31.539     3.037    34.000     0.009      73      14    22.0     4.0
   104.188    31.526     3.037    34.000     0.012      75      12    24.0     4.0
   104.174    31.513     3.037    34.000     0.013      74      15    26.0     4.0
   104.159    31.500     3.037    34.000     0.013      74      17    28.0     4.0
   104.145    31.487     3.037    34.000     0.014      98      37    30.0     4.0
   104.131    31.473     3.037    34.000     0.018      98      37    32.0     4.0
   104.116    31.460     3.037    34.000     0.027     100      37    34.0     4.0
   104.102    31.447     3.037    34.000     0.046      89      37    36.0     4.0
   104.087    31.434     3.037    34.000     0.090      87      37    38.0     4.0
   104.073    31.421     3.037    34.000     0.127      91      37    40.0     4.0
   104.059    31.408     3.037    34.000     0.154      89      37    42.0     4.0
   104.044    31.394     3.037    34.000     0.171      85      37    44.0     4.0
   104.030    31.381     3.037    34.000     0.208      83      37    46.0     4.0
   104.016    31.368     3.037    34.000     0.234      83      37    48.0     4.0
   104.001    31.355     3.037    34.000     0.270      81      37    50.0     4.0
   103.987    31.342     3.037    34.000     0.293      82      37    52.0     4.0
   103.972    31.329     3.037    34.000     0.295      81      37    54.0     4.0
   103.958    31.315     3.037    34.000     0.292      81      37    56.0     4.0
   103.944    31.302     3.037    34.000     0.261      81      37    58.0     4.0
   103.929    31.289     3.037    34.000     0.239      82      37    60.0     4.0
   103.915    31.276     3.037    34.000     0.150      81      37    62.0     4.0
   103.901    31.263     3.037    34.000     0.124      78      37    64.0     4.0
   103.886    31.250     3.037    34.000     0.111      77      37    66.0     4.0
   103.872    31.236     3.037    34.000     0.084      76      37    68.0     4.0
   103.858    31.223     3.037    34.000     0.057      77      37    70.0     4.0
   103.843    31.210     3.037    34.000     0.033      80      37    72.0     4.0
   103.829    31.197     3.037    34.000     0.024      50      32    74.0     4.0
   103.815    31.184     3.037    34.000     0.026      52      33    76.0     4.0
   103.801    31.170     3.037    34.000     0.028      54      33    78.0     4.0
   104.374    31.674     1.918    34.000     0.003      75      10     0.0     2.0
   104.360    31.660     1.918    34.000     0.004      73      10     2.0     2.0
   104.345    31.647     1.918    34.000     0.003      73      10     4.0     2.0
   104.331    31.634     1.918    34.000     0.003      72      11     6.0     2.0
   104.316    31.621     1.918    34.000     0.003      73      14     8.0     2.0
   104.302    31.608     1.918    34.000     0.003      73      15    10.0     2.0
   104.287    31.595     1.918    34.000     0.007      71      12    12.0     2.0
   104.273    31.582     1.918    34.000     0.007      71      13    14.0     2.0
   104.259    31.568     1.918    34.000     0.006      67      13    16.0     2.0
   104.244    31.555     1.918    34.000     0.006      76      12    18.0     2.0
   104.230    31.542     1.918    34.000     0.008      76      13    20.0     2.0
   104.215    31.529     1.918    34.000     0.008      70      25    22.0     2.0
   104.201    31.516     1.918    34.000     0.009      79      11    24.0     2.0
   104.187    31.503     1.918    34.000     0.008      69      28    26.0     2.0
   104.172    31.490     1.918    34.000     0.007      76      18    28.0     2.0
   104.158    31.476     1.918    34.000     0.008      76      21    30.0     2.0
   104.143    31.463     1.918    34.000     0.009      81      22    32.0     2.0
   104.129    31.450     1.918    34.000     0.014     100      37    34.0     2.0
   104.115    31.437     1.918    34.000     0.024      91      37    36.0     2.0
   104.100    31.424     1.918    34.000     0.044      92      37    38.0     2.0
   104.086    31.411     1.918    34.000     0.067      96      37    40.0     2.0
   104.071    31.397     1.918    34.000     0.099      93      37    42.0     2.0
   104.057    31.384     1.918    34.000     0.122      90      37    44.0     2.0
   104.043    31.371     1.918    34.000     0.169      87      37    46.0     2.0
   104.028    31.358     1.918    34.000     0.230      87      37    48.0     2.0
   104.014    31.345     1.918    34.000     0.234      88      37    50.0     2.0
   104.000    31.332     1.918    34.000     0.242      87      37    52.0     2.0
   103.985    31.318     1.918    34.000     0.276      85      37    54.0     2.0
   103.971    31.305     1.918    34.000     0.287      86      37    56.0     2.0
   103.957    31.292     1.918    34.000     0.296      86      37    58.0     2.0
   103.942    31.279     1.918    34.000     0.281      85      37    60.0     2.0
   103.928    31.266     1.918    34.000     0.213      84      37    62.0     2.0
   103.914    31.253     1.918    34.000     0.154      83      37    64.0     2.0
   103.899    31.239     1.918    34.000     0.119      81      37    66.0     2.0
   103.885    31.226     1.918    34.000     0.095      80      37    68.0     2.0
   103.871    31.213     1.918    34.000     0.065      80      37    70.0     2.0
   103.856    31.200     1.918    34.000     0.033      83      37    72.0     2.0
   103.842    31.187     1.918    34.000     0.023      59      34    74.0     2.0
   103.828    31.173     1.918    34.000     0.029      54      33    76.0     2.0
   103.813    31.160     1.918    34.000     0.032      56      34    78.0     2.0
   104.387    31.663     0.800    34.000     0.004      80      11     0.0     0.0
   104.372    31.650     0.800    34.000     0.007      78      10     2.0     0.0
   104.358    31.637     0.800    34.000     0.005      77      10     4.0     0.0
   104.344    31.624     0.800    34.000     0.004      75      11     6.0     0.0
   104.329    31.611     0.800    34.000     0.004      74      11     8.0     0.0
   104.315    31.598     0.800    34.000     0.004      78      18    10.0     0.0
   104.300    31.584     0.800    34.000     0.004      77      20    12.0     0.0
   104.286    31.571     0.800    34.000     0.006      71      11    14.0     0.0
   104.271    31.558     0.800    34.000     0.006      71      13    16.0     0.0
   104.257    31.545     0.800    34.000     0.006      71      17    18.0     0.0
   104.242    31.532     0.800    34.000     0.007      71      28    20.0     0.0
   104.228    31.519     0.800    34.000     0.009      72      28    22.0     0.0
   104.214    31.506     0.800    34.000     0.010      70      26    24.0     0.0
   104.199    31.492     0.800    34.000     0.009      72      23    26.0     0.0
   104.185    31.479     0.800    34.000     0.010      84      22    28.0     0.0
   104.170    31.466     0.800    34.000     0.012      84      24    30.0     0.0
   104.156    31.453     0.800    34.000     0.017      83      24    32.0     0.0
   104.142    31.440     0.800    34.000     0.018      83      26    34.0     0.0
   104.127    31.427     0.800    34.000     0.018      83      27    36.0     0.0
   104.113    31.414     0.800    34.000     0.030      99      37    38.0     0.0
   104.099    31.400     0.800    34.000     0.055      99      37    40.0     0.0
   104.084    31.387     0.800    34.000     0.073     100      37    42.0     0.0
   104.070    31.374     0.800    34.000     0.097      95      37    44.0     0.0
   104.055    31.361     0.800    34.000     0.132      92      37    46.0     0.0
   104.041    31.348     0.800    34.000     0.173      91      37    48.0     0.0
   104.027    31.335     0.800    34.000     0.212      90      37    50.0     0.0
   104.012    31.321     0.800    34.000     0.238      90      37    52.0     0.0
   103.998    31.308     0.800    34.000     0.248      90      37    54.0     0.0
   103.984    31.295     0.800    34.000     0.271      87      37    56.0     0.0
   103.969    31.282     0.800    34.000     0.272      88      37    58.0     0.0
   103.955    31.269     0.800    34.000     0.262      89      37    60.0     0.0
   103.941    31.255     0.800    34.000     0.218      90      37    62.0     0.0
   103.926    31.242     0.800    34.000     0.158      88      37    64.0     0.0
   103.912    31.229     0.800    34.000     0.122      85      37    66.0     0.0
   103.898    31.216     0.800    34.000     0.089      85      37    68.0     0.0
   103.883    31.203     0.800    34.000     0.085      82      37    70.0     0.0
   103.869    31.190     0.800    34.000     0.053      79      37    72.0     0.0
   103.855    31.176     0.800    34.000     0.040      16       5    74.0     0.0
   103.840    31.163     0.800    34.000     0.048      13       5    76.0     0.0
   103.826    31.150     0.800    34.000     0.060      59      33    78.0     0.0
