   103.535    31.374    23.947    34.000     0.025      98      37     0.0    40.0
   103.521    31.360    23.947    34.000     0.031     100      37     2.0    40.0
   103.507    31.347    23.947    34.000     0.035     100      37     4.0    40.0
   103.492    31.334    23.947    34.000     0.028      99      37     6.0    40.0
   103.478    31.321    23.947    34.000     0.027      97      37     8.0    40.0
   103.464    31.308    23.947    34.000     0.025      96      37    10.0    40.0
   103.449    31.295    23.947    34.000     0.024      94      37    12.0    40.0
   103.435    31.281    23.947    34.000     0.023     100      37    14.0    40.0
   103.421    31.268    23.947    34.000     0.025     100      37    16.0    40.0
   103.406    31.255    23.947    34.000     0.025     100      37    18.0    40.0
   103.392    31.242    23.947    34.000     0.020      45      16    20.0    40.0
   103.378    31.229    23.947    34.000     0.022      41      18    22.0    40.0
   103.363    31.216    23.947    34.000     0.029      48      17    24.0    40.0
   103.349    31.202    23.947    34.000     0.032      48      18    26.0    40.0
   103.335    31.189    23.947    34.000     0.035      45      18    28.0    40.0
   103.320    31.176    23.947    34.000     0.045      51      18    30.0    40.0
   103.306    31.163    23.947    34.000     0.070      51      18    32.0    40.0
   103.292    31.150    23.947    34.000     0.064      51      18    34.0    40.0
   103.277    31.136    23.947    34.000     0.090      49      17    36.0    40.0
   103.263    31.123    23.947    34.000     0.101      51      19    38.0    40.0
   103.249    31.110    23.947    34.000     0.116      50      20    40.0    40.0
   103.235    31.097    23.947    34.000     0.139      53      19    42.0    40.0
   103.220    31.084    23.947    34.000     0.149      50      19    44.0    40.0
   103.206    31.070    23.947    34.000     0.187      49      23    46.0    40.0
   103.192    31.057    23.947    34.000     0.234      47      25    48.0    40.0
   103.178    31.044    23.947    34.000     0.222      49      25    50.0    40.0
   103.163    31.031    23.947    34.000     0.214      46      24    52.0    40.0
   103.149    31.018    23.947    34.000     0.194      48      25    54.0    40.0
   103.135    31.004    23.947    34.000     0.159      52      25    56.0    40.0
   103.120    30.991    23.947    34.000     0.131      51      27    58.0    40.0
   103.106    30.978    23.947    34.000     0.104      54      24    60.0    40.0
   103.092    30.965    23.947    34.000     0.063      44      24    62.0    40.0
   103.078    30.951    23.947    34.000     0.060      43      25    64.0    40.0
   103.548    31.363    22.829    34.000     0.020     100      37     0.0    38.0
   103.534    31.350    22.829    34.000     0.022      98      37     2.0    38.0
   103.519    31.337    22.829    34.000     0.033     100      37     4.0    38.0
   103.505    31.324    22.829    34.000     0.041     100      37     6.0    38.0
   103.491    31.311    22.829    34.000     0.036     100      37     8.0    38.0
   103.476    31.298    22.829    34.000     0.037     100      37    10.0    38.0
   103.462    31.284    22.829    34.000     0.038     100      37    12.0    38.0
   103.448    31.271    22.829    34.000     0.042     100      37    14.0    38.0
   103.433    31.258    22.829    34.000     0.042      99      37    16.0    38.0
   103.419    31.245    22.829    34.000     0.034      98      37    18.0    38.0
   103.405    31.232    22.829    34.000     0.032      96      37    20.0    38.0
   103.390    31.218    22.829    34.000     0.043      49      16    22.0    38.0
   103.376    31.205    22.829    34.000     0.061      46      17    24.0    38.0
   103.362    31.192    22.829    34.000     0.055      48      13    26.0    38.0
   103.347    31.179    22.829    34.000     0.063      48      13    28.0    38.0
   103.333    31.166    22.829    34.000     0.071      47      12    30.0    38.0
   103.319    31.153    22.829    34.000     0.082      49      13    32.0    38.0
   103.305    31.139    22.829    34.000     0.075      51      17    34.0    38.0
   103.290    31.126    22.829    34.000     0.082      51      16    36.0    38.0
   103.276    31.113    22.829    34.000     0.103      53      19    38.0    38.0
   103.262    31.100    22.829    34.000     0.118      52      20    40.0    38.0
   103.247    31.087    22.829    34.000     0.138      53      20    42.0    38.0
   103.233    31.073    22.829    34.000     0.165      51      23    44.0    38.0
   103.219    31.060    22.829    34.000     0.215      48      24    46.0    38.0
   103.204    31.047    22.829    34.000     0.284      48      23    48.0    38.0
   103.190    31.034    22.829    34.000     0.294      48      23    50.0    38.0
   103.176    31.021    22.829    34.000     0.298      46      25    52.0    38.0
   103.162    31.007    22.829    34.000     0.306      45      25    54.0    38.0
   103.147    30.994    22.829    34.000     0.306      47      27    56.0    38.0
   103.133    30.981    22.829    34.000     0.251      46      26    58.0    38.0
   103.119    30.968    22.829    34.000     0.213      50      28    60.0    38.0
   103.105    30.954    22.829    34.000     0.143      51      27    62.0    38.0
   103.090    30.941    22.829    34.000     0.130      39      24    64.0    38.0
   103.561    31.353    21.710    34.000     0.015     100      37     0.0    36.0
   103.547    31.340    21.710    34.000     0.016     100      37     2.0    36.0
   103.532    31.327    21.710    34.000     0.022     100      37     4.0    36.0
   103.518    31.314    21.710    34.000     0.030     100      37     6.0    36.0
   103.503    31.301    21.710    34.000     0.033     100      37     8.0    36.0
   103.489    31.287    21.710    34.000     0.042     100      37    10.0    36.0
   103.475    31.274    21.710    34.000     0.044     100      37    12.0    36.0
   103.460    31.261    21.710    34.000     0.051     100      37    14.0    36.0
   103.446    31.248    21.710    34.000     0.045     100      37    16.0    36.0
   103.432    31.235    21.710    34.000     0.040      96      37    18.0    36.0
   103.417    31.221    21.710    34.000     0.044      56       8    20.0    36.0
   103.403    31.208    21.710    34.000     0.060      49      12    22.0    36.0
   103.389    31.195    21.710    34.000     0.067      47      13    24.0    36.0
   103.374    31.182    21.710    34.000     0.072      47      12    26.0    36.0
   103.360    31.169    21.710    34.000     0.072      51      10    28.0    36.0
   103.346    31.156    21.710    34.000     0.081      48      12    30.0    36.0
   103.332    31.142    21.710    34.000     0.073      45      11    32.0    36.0
   103.317    31.129    21.710    34.000     0.068      44      11    34.0    36.0
   103.303    31.116    21.710    34.000     0.065      50      14    36.0    36.0
   103.289    31.103    21.710    34.000     0.071      51      20    38.0    36.0
   103.274    31.090    21.710    34.000     0.098      54      20    40.0    36.0
   103.260    31.076    21.710    34.000     0.127      53      20    42.0    36.0
   103.246    31.063    21.710    34.000     0.162      48      23    44.0    36.0
   103.231    31.050    21.710    34.000     0.203      50      24    46.0    36.0
   103.217    31.037    21.710    34.000     0.249      50      24    48.0    36.0
   103.203    31.024    21.710    34.000     0.272      49      25    50.0    36.0
   103.189    31.010    21.710    34.000     0.299      45      23    52.0    36.0
   103.174    30.997    21.710    34.000     0.339      45      25    54.0    36.0
   103.160    30.984    21.710    34.000     0.363      42      23    56.0    36.0
   103.146    30.971    21.710    34.000     0.358      44      25    58.0    36.0
   103.132    30.958    21.710    34.000     0.330      48      25    60.0    36.0
   103.117    30.944    21.710    34.000     0.287      47      25    62.0    36.0
   103.103    30.931    21.710    34.000     0.212      47      25    64.0    36.0
   103.574    31.343    20.592    34.000     0.010      37       8     0.0    34.0
   103.559    31.330    20.592    34.000     0.013     100      37     2.0    34.0
   103.545    31.317    20.592    34.000     0.020     100      37     4.0    34.0
   103.531    31.303    20.592    34.000     0.024     100      37     6.0    34.0
   103.516    31.290    20.592    34.000     0.033     100      37     8.0    34.0
   103.502    31.277    20.592    34.000     0.043     100      37    10.0    34.0
   103.487    31.264    20.592    34.000     0.040     100      37    12.0    34.0
   103.473    31.251    20.592    34.000     0.050     100      37    14.0    34.0
   103.459    31.238    20.592    34.000     0.051     100      37    16.0    34.0
   103.444    31.224    20.592    34.000     0.058      56       9    18.0    34.0
   103.430    31.211    20.592    34.000     0.069      54       9    20.0    34.0
   103.416    31.198    20.592    34.000     0.077      51      10    22.0    34.0
   103.401    31.185    20.592    34.000     0.089      52      11    24.0    34.0
   103.387    31.172    20.592    34.000     0.084      49      10    26.0    34.0
   103.373    31.159    20.592    34.000     0.087      48      10    28.0    34.0
   103.359    31.145    20.592    34.000     0.078      45      10    30.0    34.0
   103.344    31.132    20.592    34.000     0.076      47      11    32.0    34.0
   103.330    31.119    20.592    34.000     0.067      45      11    34.0    34.0
   103.316    31.106    20.592    34.000     0.057      51      14    36.0    34.0
   103.301    31.093    20.592    34.000     0.052      53      22    38.0    34.0
   103.287    31.079    20.592    34.000     0.064      52      21    40.0    34.0
   103.273    31.066    20.592    34.000     0.086      55      21    42.0    34.0
   103.258    31.053    20.592    34.000     0.136      50      24    44.0    34.0
   103.244    31.040    20.592    34.000     0.189      50      23    46.0    34.0
   103.230    31.027    20.592    34.000     0.214      49      23    48.0    34.0
   103.216    31.013    20.592    34.000     0.246      50      23    50.0    34.0
   103.201    31.000    20.592    34.000     0.273      47      23    52.0    34.0
   103.187    30.987    20.592    34.000     0.324      45      23    54.0    34.0
   103.173    30.974    20.592    34.000     0.336      45      23    56.0    34.0
   103.159    30.961    20.592    34.000     0.337      44      23    58.0    34.0
   103.144    30.947    20.592    34.000     0.329      44      23    60.0    34.0
   103.130    30.934    20.592    34.000     0.282      44      23    62.0    34.0
   103.116    30.921    20.592    34.000     0.248      50      27    64.0    34.0
   103.586    31.333    19.474    34.000     0.014      64       1     0.0    32.0
   103.572    31.320    19.474    34.000     0.019      48       4     2.0    32.0
   103.558    31.306    19.474    34.000     0.026      51       4     4.0    32.0
   103.543    31.293    19.474    34.000     0.036      51       2     6.0    32.0
   103.529    31.280    19.474    34.000     0.045      51       4     8.0    32.0
   103.515    31.267    19.474    34.000     0.057      51       4    10.0    32.0
   103.500    31.254    19.474    34.000     0.060      51       2    12.0    32.0
   103.486    31.241    19.474    34.000     0.059      50       2    14.0    32.0
   103.472    31.227    19.474    34.000     0.076      55       4    16.0    32.0
   103.457    31.214    19.474    34.000     0.074      56       3    18.0    32.0
   103.443    31.201    19.474    34.000     0.074      54       4    20.0    32.0
   103.429    31.188    19.474    34.000     0.074      51       4    22.0    32.0
   103.414    31.175    19.474    34.000     0.068      56      10    24.0    32.0
   103.400    31.162    19.474    34.000     0.071      52      11    26.0    32.0
   103.386    31.148    19.474    34.000     0.069      46      11    28.0    32.0
   103.371    31.135    19.474    34.000     0.067      47      11    30.0    32.0
   103.357    31.122    19.474    34.000     0.062      47      11    32.0    32.0
   103.343    31.109    19.474    34.000     0.052      50      12    34.0    32.0
   103.328    31.096    19.474    34.000     0.038      50      13    36.0    32.0
   103.314    31.082    19.474    34.000     0.028      53      15    38.0    32.0
   103.300    31.069    19.474    34.000     0.028      54      20    40.0    32.0
   103.285    31.056    19.474    34.000     0.044      49      24    42.0    32.0
   103.271    31.043    19.474    34.000     0.071      55      27    44.0    32.0
   103.257    31.030    19.474    34.000     0.100      53      27    46.0    32.0
   103.243    31.016    19.474    34.000     0.117      51      26    48.0    32.0
   103.228    31.003    19.474    34.000     0.149      49      27    50.0    32.0
   103.214    30.990    19.474    34.000     0.186      50      27    52.0    32.0
   103.200    30.977    19.474    34.000     0.196      49      26    54.0    32.0
   103.186    30.964    19.474    34.000     0.202      49      26    56.0    32.0
   103.171    30.950    19.474    34.000     0.199      45      23    58.0    32.0
   103.157    30.937    19.474    34.000     0.191      49      26    60.0    32.0
   103.143    30.924    19.474    34.000     0.181      49      25    62.0    32.0
   103.129    30.911    19.474    34.000     0.168      50      25    64.0    32.0
   103.599    31.323    18.355    34.000     0.019      66       1     0.0    30.0
   103.585    31.309    18.355    34.000     0.039      51       3     2.0    30.0
   103.570    31.296    18.355    34.000     0.038      49       6     4.0    30.0
   103.556    31.283    18.355    34.000     0.046      50       5     6.0    30.0
   103.542    31.270    18.355    34.000     0.066      51       4     8.0    30.0
   103.527    31.257    18.355    34.000     0.077      52       4    10.0    30.0
   103.513    31.244    18.355    34.000     0.096      56       1    12.0    30.0
   103.499    31.230    18.355    34.000     0.111      55       1    14.0    30.0
   103.484    31.217    18.355    34.000     0.118      51       4    16.0    30.0
   103.470    31.204    18.355    34.000     0.116      51       3    18.0    30.0
   103.456    31.191    18.355    34.000     0.103      49       4    20.0    30.0
   103.441    31.178    18.355    34.000     0.090      48       2    22.0    30.0
   103.427    31.164    18.355    34.000     0.085      47       2    24.0    30.0
   103.413    31.151    18.355    34.000     0.076      46       2    26.0    30.0
   103.398    31.138    18.355    34.000     0.050      44       2    28.0    30.0
   103.384    31.125    18.355    34.000     0.045      45       8    30.0    30.0
   103.370    31.112    18.355    34.000     0.040      49      11    32.0    30.0
   103.355    31.099    18.355    34.000     0.028      98      37    34.0    30.0
   103.341    31.085    18.355    34.000     0.018      47      11    36.0    30.0
   103.327    31.072    18.355    34.000     0.013      41       7    38.0    30.0
   103.312    31.059    18.355    34.000     0.012      51      27    40.0    30.0
   103.298    31.046    18.355    34.000     0.021      52      27    42.0    30.0
   103.284    31.033    18.355    34.000     0.028      51      26    44.0    30.0
   103.270    31.019    18.355    34.000     0.036      55      27    46.0    30.0
   103.255    31.006    18.355    34.000     0.058      54      27    48.0    30.0
   103.241    30.993    18.355    34.000     0.099      51      27    50.0    30.0
   103.227    30.980    18.355    34.000     0.116      51      26    52.0    30.0
   103.213    30.967    18.355    34.000     0.133      51      26    54.0    30.0
   103.198    30.953    18.355    34.000     0.138      51      25    56.0    30.0
   103.184    30.940    18.355    34.000     0.129      52      25    58.0    30.0
   103.170    30.927    18.355    34.000     0.119      52      24    60.0    30.0
   103.156    30.914    18.355    34.000     0.095      50      25    62.0    30.0
   103.141    30.901    18.355    34.000     0.087      50      25    64.0    30.0
   103.612    31.312    17.237    34.000     0.033      66       1     0.0    28.0
   103.597    31.299    17.237    34.000     0.044      55       2     2.0    28.0
   103.583    31.286    17.237    34.000     0.054      55       1     4.0    28.0
   103.569    31.273    17.237    34.000     0.062      58       1     6.0    28.0
   103.554    31.260    17.237    34.000     0.093      60       1     8.0    28.0
   103.540    31.246    17.237    34.000     0.106      61       1    10.0    28.0
   103.526    31.233    17.237    34.000     0.124      59       1    12.0    28.0
   103.511    31.220    17.237    34.000     0.128      58       1    14.0    28.0
   103.497    31.207    17.237    34.000     0.129      58       1    16.0    28.0
   103.483    31.194    17.237    34.000     0.122      58       1    18.0    28.0
   103.468    31.181    17.237    34.000     0.109      55       1    20.0    28.0
   103.454    31.167    17.237    34.000     0.103      55       1    22.0    28.0
   103.440    31.154    17.237    34.000     0.080      53       1    24.0    28.0
   103.425    31.141    17.237    34.000     0.075     100      31    26.0    28.0
   103.411    31.128    17.237    34.000     0.058     100      33    28.0    28.0
   103.397    31.115    17.237    34.000     0.055     100      31    30.0    28.0
   103.382    31.102    17.237    34.000     0.045     100      30    32.0    28.0
   103.368    31.088    17.237    34.000     0.044     100      30    34.0    28.0
   103.354    31.075    17.237    34.000     0.033      99      29    36.0    28.0
   103.339    31.062    17.237    34.000     0.024     100      29    38.0    28.0
   103.325    31.049    17.237    34.000     0.019     100      24    40.0    28.0
   103.311    31.036    17.237    34.000     0.012     100      20    42.0    28.0
   103.297    31.022    17.237    34.000     0.012     100      17    44.0    28.0
   103.282    31.009    17.237    34.000     0.011     100      16    46.0    28.0
   103.268    30.996    17.237    34.000     0.008     100      14    48.0    28.0
   103.254    30.983    17.237    34.000     0.013      57      28    50.0    28.0
   103.240    30.970    17.237    34.000     0.018      56      27    52.0    28.0
   103.225    30.956    17.237    34.000     0.019      55      26    54.0    28.0
   103.211    30.943    17.237    34.000     0.024      49      27    56.0    28.0
   103.197    30.930    17.237    34.000     0.025      48      27    58.0    28.0
   103.182    30.917    17.237    34.000     0.029      47      26    60.0    28.0
   103.168    30.904    17.237    34.000     0.026      47      25    62.0    28.0
   103.154    30.890    17.237    34.000     0.023      47      27    64.0    28.0
   103.624    31.302    16.118    34.000     0.036      71       1     0.0    26.0
   103.610    31.289    16.118    34.000     0.040      70       1     2.0    26.0
   103.596    31.276    16.118    34.000     0.046      60       1     4.0    26.0
   103.581    31.263    16.118    34.000     0.070      60       1     6.0    26.0
   103.567    31.249    16.118    34.000     0.094      60       1     8.0    26.0
   103.553    31.236    16.118    34.000     0.104      59       1    10.0    26.0
   103.538    31.223    16.118    34.000     0.115      63       1    12.0    26.0
   103.524    31.210    16.118    34.000     0.118      62       1    14.0    26.0
   103.510    31.197    16.118    34.000     0.121      62       1    16.0    26.0
   103.495    31.184    16.118    34.000     0.135      99      31    18.0    26.0
   103.481    31.170    16.118    34.000     0.173     100      31    20.0    26.0
   103.467    31.157    16.118    34.000     0.210     100      30    22.0    26.0
   103.452    31.144    16.118    34.000     0.196      99      31    24.0    26.0
   103.438    31.131    16.118    34.000     0.195     100      31    26.0    26.0
   103.424    31.118    16.118    34.000     0.174      99      32    28.0    26.0
   103.409    31.105    16.118    34.000     0.168      99      32    30.0    26.0
   103.395    31.091    16.118    34.000     0.160      98      29    32.0    26.0
   103.381    31.078    16.118    34.000     0.151      99      29    34.0    26.0
   103.366    31.065    16.118    34.000     0.125      98      29    36.0    26.0
   103.352    31.052    16.118    34.000     0.127      98      22    38.0    26.0
   103.338    31.039    16.118    34.000     0.124      97      20    40.0    26.0
   103.324    31.025    16.118    34.000     0.119      97      18    42.0    26.0
   103.309    31.012    16.118    34.000     0.121      95      16    44.0    26.0
   103.295    30.999    16.118    34.000     0.118      96      16    46.0    26.0
   103.281    30.986    16.118    34.000     0.101      97      12    48.0    26.0
   103.266    30.973    16.118    34.000     0.098      96      13    50.0    26.0
   103.252    30.959    16.118    34.000     0.092      96      12    52.0    26.0
   103.238    30.946    16.118    34.000     0.098      95      12    54.0    26.0
   103.224    30.933    16.118    34.000     0.081      95      10    56.0    26.0
   103.209    30.920    16.118    34.000     0.074      99       7    58.0    26.0
   103.195    30.907    16.118    34.000     0.070      99       7    60.0    26.0
   103.181    30.893    16.118    34.000     0.051     100       6    62.0    26.0
   103.167    30.880    16.118    34.000     0.047     100       7    64.0    26.0
   103.637    31.292    15.000    34.000     0.031      76       1     0.0    24.0
   103.623    31.279    15.000    34.000     0.035      75       1     2.0    24.0
   103.608    31.266    15.000    34.000     0.043      66       5     4.0    24.0
   103.594    31.252    15.000    34.000     0.073      68       4     6.0    24.0
   103.580    31.239    15.000    34.000     0.089      66       1     8.0    24.0
   103.565    31.226    15.000    34.000     0.097      65       1    10.0    24.0
   103.551    31.213    15.000    34.000     0.100      67       1    12.0    24.0
   103.537    31.200    15.000    34.000     0.105      67       1    14.0    24.0
   103.522    31.187    15.000    34.000     0.104      61       1    16.0    24.0
   103.508    31.173    15.000    34.000     0.162     100      29    18.0    24.0
   103.494    31.160    15.000    34.000     0.191     100      32    20.0    24.0
   103.479    31.147    15.000    34.000     0.232     100      32    22.0    24.0
   103.465    31.134    15.000    34.000     0.263      98      30    24.0    24.0
   103.451    31.121    15.000    34.000     0.281      99      30    26.0    24.0
   103.436    31.107    15.000    34.000     0.293      94      28    28.0    24.0
   103.422    31.094    15.000    34.000     0.325      95      28    30.0    24.0
   103.408    31.081    15.000    34.000     0.347      95      27    32.0    24.0
   103.393    31.068    15.000    34.000     0.362      94      26    34.0    24.0
   103.379    31.055    15.000    34.000     0.376      94      26    36.0    24.0
   103.365    31.042    15.000    34.000     0.384      93      24    38.0    24.0
   103.351    31.028    15.000    34.000     0.406      93      21    40.0    24.0
   103.336    31.015    15.000    34.000     0.394      92      21    42.0    24.0
   103.322    31.002    15.000    34.000     0.364      95      21    44.0    24.0
   103.308    30.989    15.000    34.000     0.344      96      19    46.0    24.0
   103.293    30.976    15.000    34.000     0.312      97      17    48.0    24.0
   103.279    30.962    15.000    34.000     0.264      97      16    50.0    24.0
   103.265    30.949    15.000    34.000     0.218      96      15    52.0    24.0
   103.251    30.936    15.000    34.000     0.188      96      13    54.0    24.0
   103.236    30.923    15.000    34.000     0.130      98       7    56.0    24.0
   103.222    30.910    15.000    34.000     0.099      99       6    58.0    24.0
   103.208    30.896    15.000    34.000     0.075      98       6    60.0    24.0
   103.194    30.883    15.000    34.000     0.055     100       8    62.0    24.0
   103.179    30.870    15.000    34.000     0.054     100       7    64.0    24.0
   103.650    31.282    13.882    34.000     0.039      80       3     0.0    22.0
   103.635    31.268    13.882    34.000     0.055      77       3     2.0    22.0
   103.621    31.255    13.882    34.000     0.073      74       4     4.0    22.0
   103.607    31.242    13.882    34.000     0.127      74       4     6.0    22.0
   103.592    31.229    13.882    34.000     0.134      74       4     8.0    22.0
   103.578    31.216    13.882    34.000     0.165      76       4    10.0    22.0
   103.564    31.203    13.882    34.000     0.173      77       4    12.0    22.0
   103.549    31.189    13.882    34.000     0.158      76       5    14.0    22.0
   103.535    31.176    13.882    34.000     0.143      75       4    16.0    22.0
   103.521    31.163    13.882    34.000     0.125     100      30    18.0    22.0
   103.506    31.150    13.882    34.000     0.166     100      28    20.0    22.0
   103.492    31.137    13.882    34.000     0.195     100      29    22.0    22.0
   103.478    31.124    13.882    34.000     0.215     100      24    24.0    22.0
   103.463    31.110    13.882    34.000     0.278      99      22    26.0    22.0
   103.449    31.097    13.882    34.000     0.324      99      26    28.0    22.0
   103.435    31.084    13.882    34.000     0.403      97      25    30.0    22.0
   103.420    31.071    13.882    34.000     0.499      96      23    32.0    22.0
   103.406    31.058    13.882    34.000     0.545      95      24    34.0    22.0
   103.392    31.045    13.882    34.000     0.578      95      24    36.0    22.0
   103.378    31.031    13.882    34.000     0.603      95      23    38.0    22.0
   103.363    31.018    13.882    34.000     0.613      95      23    40.0    22.0
   103.349    31.005    13.882    34.000     0.614      94      23    42.0    22.0
   103.335    30.992    13.882    34.000     0.601      94      22    44.0    22.0
   103.320    30.979    13.882    34.000     0.574      94      22    46.0    22.0
   103.306    30.965    13.882    34.000     0.524      92      22    48.0    22.0
   103.292    30.952    13.882    34.000     0.434      95      21    50.0    22.0
   103.278    30.939    13.882    34.000     0.366      97      20    52.0    22.0
   103.263    30.926    13.882    34.000     0.285      95      20    54.0    22.0
   103.249    30.913    13.882    34.000     0.209      86      30    56.0    22.0
   103.235    30.899    13.882    34.000     0.159      84      29    58.0    22.0
   103.221    30.886    13.882    34.000     0.121      80      32    60.0    22.0
   103.206    30.873    13.882    34.000     0.099      82      32    62.0    22.0
   103.192    30.860    13.882    34.000     0.071      79      32    64.0    22.0
   103.663    31.271    12.763    34.000     0.049      86       3     0.0    20.0
   103.648    31.258    12.763    34.000     0.094      85       3     2.0    20.0
   103.634    31.245    12.763    34.000     0.133      84       3     4.0    20.0
   103.619    31.232    12.763    34.000     0.183      79       3     6.0    20.0
   103.605    31.219    12.763    34.000     0.247      80       3     8.0    20.0
   103.591    31.206    12.763    34.000     0.291      81       3    10.0    20.0
   103.576    31.192    12.763    34.000     0.264      79       3    12.0    20.0
   103.562    31.179    12.763    34.000     0.259      83       4    14.0    20.0
   103.548    31.166    12.763    34.000     0.247      82       5    16.0    20.0
   103.533    31.153    12.763    34.000     0.218      83       5    18.0    20.0
   103.519    31.140    12.763    34.000     0.198      82       6    20.0    20.0
   103.505    31.127    12.763    34.000     0.178      85       6    22.0    20.0
   103.490    31.113    12.763    34.000     0.217     100      20    24.0    20.0
   103.476    31.100    12.763    34.000     0.299      97      19    26.0    20.0
   103.462    31.087    12.763    34.000     0.398      98      19    28.0    20.0
   103.447    31.074    12.763    34.000     0.482      99      19    30.0    20.0
   103.433    31.061    12.763    34.000     0.582      96      21    32.0    20.0
   103.419    31.048    12.763    34.000     0.635      95      22    34.0    20.0
   103.405    31.034    12.763    34.000     0.677      95      22    36.0    20.0
   103.390    31.021    12.763    34.000     0.705      95      23    38.0    20.0
   103.376    31.008    12.763    34.000     0.720      95      23    40.0    20.0
   103.362    30.995    12.763    34.000     0.726      94      23    42.0    20.0
   103.347    30.982    12.763    34.000     0.720      94      23    44.0    20.0
   103.333    30.968    12.763    34.000     0.702      94      23    46.0    20.0
   103.319    30.955    12.763    34.000     0.671      94      24    48.0    20.0
   103.305    30.942    12.763    34.000     0.630      94      24    50.0    20.0
   103.290    30.929    12.763    34.000     0.574      95      24    52.0    20.0
   103.276    30.916    12.763    34.000     0.498      96      23    54.0    20.0
   103.262    30.902    12.763    34.000     0.412      91      28    56.0    20.0
   103.248    30.889    12.763    34.000     0.355      89      29    58.0    20.0
   103.233    30.876    12.763    34.000     0.267      90      29    60.0    20.0
   103.219    30.863    12.763    34.000     0.182      88      30    62.0    20.0
   103.205    30.850    12.763    34.000     0.144      83      33    64.0    20.0
   103.675    31.261    11.645    34.000     0.051      97       4     0.0    18.0
   103.661    31.248    11.645    34.000     0.085      94       3     2.0    18.0
   103.647    31.235    11.645    34.000     0.110      91       3     4.0    18.0
   103.632    31.222    11.645    34.000     0.166      90       3     6.0    18.0
   103.618    31.209    11.645    34.000     0.223      85       3     8.0    18.0
   103.603    31.195    11.645    34.000     0.354      88       4    10.0    18.0
   103.589    31.182    11.645    34.000     0.385      87       4    12.0    18.0
   103.575    31.169    11.645    34.000     0.403      87       4    14.0    18.0
   103.560    31.156    11.645    34.000     0.411      87       5    16.0    18.0
   103.546    31.143    11.645    34.000     0.420      89       6    18.0    18.0
   103.532    31.130    11.645    34.000     0.425      89       6    20.0    18.0
   103.517    31.116    11.645    34.000     0.436      94       8    22.0    18.0
   103.503    31.103    11.645    34.000     0.461      94       9    24.0    18.0
   103.489    31.090    11.645    34.000     0.482      93      10    26.0    18.0
   103.474    31.077    11.645    34.000     0.492      92      10    28.0    18.0
   103.460    31.064    11.645    34.000     0.562      96      16    30.0    18.0
   103.446    31.051    11.645    34.000     0.624      96      18    32.0    18.0
   103.432    31.037    11.645    34.000     0.670      95      20    34.0    18.0
   103.417    31.024    11.645    34.000     0.715      94      21    36.0    18.0
   103.403    31.011    11.645    34.000     0.742      94      22    38.0    18.0
   103.389    30.998    11.645    34.000     0.762      94      22    40.0    18.0
   103.374    30.985    11.645    34.000     0.768      94      23    42.0    18.0
   103.360    30.971    11.645    34.000     0.766      94      24    44.0    18.0
   103.346    30.958    11.645    34.000     0.755      94      24    46.0    18.0
   103.332    30.945    11.645    34.000     0.734      94      25    48.0    18.0
   103.317    30.932    11.645    34.000     0.705      94      26    50.0    18.0
   103.303    30.919    11.645    34.000     0.669      94      26    52.0    18.0
   103.289    30.905    11.645    34.000     0.626      95      27    54.0    18.0
   103.274    30.892    11.645    34.000     0.568      95      28    56.0    18.0
   103.260    30.879    11.645    34.000     0.486      93      31    58.0    18.0
   103.246    30.866    11.645    34.000     0.406      91      29    60.0    18.0
   103.232    30.853    11.645    34.000     0.309      91      30    62.0    18.0
   103.217    30.839    11.645    34.000     0.236      93      31    64.0    18.0
   103.688    31.251    10.526    34.000     0.083      45      37     0.0    16.0
   103.674    31.238    10.526    34.000     0.090      49      37     2.0    16.0
   103.659    31.225    10.526    34.000     0.106     100       3     4.0    16.0
   103.645    31.211    10.526    34.000     0.140      99       3     6.0    16.0
   103.631    31.198    10.526    34.000     0.219      96       3     8.0    16.0
   103.616    31.185    10.526    34.000     0.319      93       3    10.0    16.0
   103.602    31.172    10.526    34.000     0.419      93       4    12.0    16.0
   103.587    31.159    10.526    34.000     0.455      93       4    14.0    16.0
   103.573    31.146    10.526    34.000     0.483      94       5    16.0    16.0
   103.559    31.132    10.526    34.000     0.506      94       6    18.0    16.0
   103.544    31.119    10.526    34.000     0.525      94       6    20.0    16.0
   103.530    31.106    10.526    34.000     0.542      94       7    22.0    16.0
   103.516    31.093    10.526    34.000     0.554      94       8    24.0    16.0
   103.501    31.080    10.526    34.000     0.571      93       9    26.0    16.0
   103.487    31.067    10.526    34.000     0.587      93      11    28.0    16.0
   103.473    31.053    10.526    34.000     0.611      93      13    30.0    16.0
   103.459    31.040    10.526    34.000     0.633      94      15    32.0    16.0
   103.444    31.027    10.526    34.000     0.668      94      17    34.0    16.0
   103.430    31.014    10.526    34.000     0.696      94      19    36.0    16.0
   103.416    31.001    10.526    34.000     0.723      93      20    38.0    16.0
   103.401    30.988    10.526    34.000     0.738      93      21    40.0    16.0
   103.387    30.974    10.526    34.000     0.749      93      22    42.0    16.0
   103.373    30.961    10.526    34.000     0.750      93      23    44.0    16.0
   103.358    30.948    10.526    34.000     0.745      93      24    46.0    16.0
   103.344    30.935    10.526    34.000     0.733      94      25    48.0    16.0
   103.330    30.922    10.526    34.000     0.718      94      26    50.0    16.0
   103.316    30.908    10.526    34.000     0.696      95      26    52.0    16.0
   103.301    30.895    10.526    34.000     0.671      95      27    54.0    16.0
   103.287    30.882    10.526    34.000     0.630      96      28    56.0    16.0
   103.273    30.869    10.526    34.000     0.587      96      28    58.0    16.0
   103.259    30.856    10.526    34.000     0.503      95      31    60.0    16.0
   103.244    30.842    10.526    34.000     0.410      94      28    62.0    16.0
   103.230    30.829    10.526    34.000     0.290      98      32    64.0    16.0
   103.701    31.241     9.408    34.000     0.130      49      37     0.0    14.0
   103.686    31.228     9.408    34.000     0.141      47      37     2.0    14.0
   103.672    31.214     9.408    34.000     0.154      44      37     4.0    14.0
   103.658    31.201     9.408    34.000     0.169      47      37     6.0    14.0
   103.643    31.188     9.408    34.000     0.239     100       3     8.0    14.0
   103.629    31.175     9.408    34.000     0.383      98       3    10.0    14.0
   103.614    31.162     9.408    34.000     0.452      99       4    12.0    14.0
   103.600    31.149     9.408    34.000     0.490      99       5    14.0    14.0
   103.586    31.135     9.408    34.000     0.517      98       5    16.0    14.0
   103.571    31.122     9.408    34.000     0.538      98       5    18.0    14.0
   103.557    31.109     9.408    34.000     0.554      97       6    20.0    14.0
   103.543    31.096     9.408    34.000     0.558      97       6    22.0    14.0
   103.528    31.083     9.408    34.000     0.568      96       7    24.0    14.0
   103.514    31.070     9.408    34.000     0.559      96       7    26.0    14.0
   103.500    31.056     9.408    34.000     0.550      92       9    28.0    14.0
   103.486    31.043     9.408    34.000     0.566      91      12    30.0    14.0
   103.471    31.030     9.408    34.000     0.595      92      13    32.0    14.0
   103.457    31.017     9.408    34.000     0.619      92      15    34.0    14.0
   103.443    31.004     9.408    34.000     0.643      93      17    36.0    14.0
   103.428    30.991     9.408    34.000     0.665      93      19    38.0    14.0
   103.414    30.977     9.408    34.000     0.676      93      20    40.0    14.0
   103.400    30.964     9.408    34.000     0.683      93      21    42.0    14.0
   103.385    30.951     9.408    34.000     0.693      94      23    44.0    14.0
   103.371    30.938     9.408    34.000     0.695      94      24    46.0    14.0
   103.357    30.925     9.408    34.000     0.694      95      25    48.0    14.0
   103.343    30.911     9.408    34.000     0.688      95      26    50.0    14.0
   103.328    30.898     9.408    34.000     0.682      96      26    52.0    14.0
   103.314    30.885     9.408    34.000     0.673      97      26    54.0    14.0
   103.300    30.872     9.408    34.000     0.647      97      27    56.0    14.0
   103.286    30.859     9.408    34.000     0.620      98      27    58.0    14.0
   103.271    30.845     9.408    34.000     0.559      99      28    60.0    14.0
   103.257    30.832     9.408    34.000     0.459      97      27    62.0    14.0
   103.243    30.819     9.408    34.000     0.358      98      28    64.0    14.0
   103.713    31.230     8.290    34.000     0.149      51      37     0.0    12.0
   103.699    31.217     8.290    34.000     0.153      52      37     2.0    12.0
   103.685    31.204     8.290    34.000     0.171      53      37     4.0    12.0
   103.670    31.191     8.290    34.000     0.181      52      37     6.0    12.0
   103.656    31.178     8.290    34.000     0.242     100       4     8.0    12.0
   103.642    31.165     8.290    34.000     0.319     100       3    10.0    12.0
   103.627    31.152     8.290    34.000     0.439     100       3    12.0    12.0
   103.613    31.138     8.290    34.000     0.525     100       5    14.0    12.0
   103.598    31.125     8.290    34.000     0.563     100       6    16.0    12.0
   103.584    31.112     8.290    34.000     0.591     100       7    18.0    12.0
   103.570    31.099     8.290    34.000     0.607     100       8    20.0    12.0
   103.555    31.086     8.290    34.000     0.617     100       9    22.0    12.0
   103.541    31.073     8.290    34.000     0.624     100      10    24.0    12.0
   103.527    31.059     8.290    34.000     0.620     100      11    26.0    12.0
   103.513    31.046     8.290    34.000     0.613     100      11    28.0    12.0
   103.498    31.033     8.290    34.000     0.594     100      11    30.0    12.0
   103.484    31.020     8.290    34.000     0.574     100      12    32.0    12.0
   103.470    31.007     8.290    34.000     0.543      93      15    34.0    12.0
   103.455    30.994     8.290    34.000     0.565      93      17    36.0    12.0
   103.441    30.980     8.290    34.000     0.578      94      18    38.0    12.0
   103.427    30.967     8.290    34.000     0.596      94      20    40.0    12.0
   103.412    30.954     8.290    34.000     0.604      95      21    42.0    12.0
   103.398    30.941     8.290    34.000     0.623      95      22    44.0    12.0
   103.384    30.928     8.290    34.000     0.631      96      23    46.0    12.0
   103.370    30.914     8.290    34.000     0.649      97      24    48.0    12.0
   103.355    30.901     8.290    34.000     0.655      97      25    50.0    12.0
   103.341    30.888     8.290    34.000     0.667      98      25    52.0    12.0
   103.327    30.875     8.290    34.000     0.662      98      25    54.0    12.0
   103.313    30.862     8.290    34.000     0.652      99      26    56.0    12.0
   103.298    30.848     8.290    34.000     0.629      99      26    58.0    12.0
   103.284    30.835     8.290    34.000     0.592     100      27    60.0    12.0
   103.270    30.822     8.290    34.000     0.527     100      29    62.0    12.0
   103.255    30.809     8.290    34.000     0.446     100      32    64.0    12.0
   103.726    31.220     7.171    34.000     0.184      58      37     0.0    10.0
   103.712    31.207     7.171    34.000     0.173      58      37     2.0    10.0
   103.697    31.194     7.171    34.000     0.179      52      37     4.0    10.0
   103.683    31.181     7.171    34.000     0.203      53      37     6.0    10.0
   103.669    31.168     7.171    34.000     0.224     100       3     8.0    10.0
   103.654    31.154     7.171    34.000     0.266     100       4    10.0    10.0
   103.640    31.141     7.171    34.000     0.331     100       4    12.0    10.0
   103.626    31.128     7.171    34.000     0.408     100       5    14.0    10.0
   103.611    31.115     7.171    34.000     0.537     100       5    16.0    10.0
   103.597    31.102     7.171    34.000     0.581     100       7    18.0    10.0
   103.583    31.089     7.171    34.000     0.609     100       8    20.0    10.0
   103.568    31.075     7.171    34.000     0.623     100       9    22.0    10.0
   103.554    31.062     7.171    34.000     0.633     100      10    24.0    10.0
   103.540    31.049     7.171    34.000     0.636     100      11    26.0    10.0
   103.525    31.036     7.171    34.000     0.637     100      12    28.0    10.0
   103.511    31.023     7.171    34.000     0.635     100      13    30.0    10.0
   103.497    31.010     7.171    34.000     0.629     100      15    32.0    10.0
   103.482    30.996     7.171    34.000     0.626     100      16    34.0    10.0
   103.468    30.983     7.171    34.000     0.625     100      17    36.0    10.0
   103.454    30.970     7.171    34.000     0.628     100      19    38.0    10.0
   103.439    30.957     7.171    34.000     0.636     100      20    40.0    10.0
   103.425    30.944     7.171    34.000     0.648     100      21    42.0    10.0
   103.411    30.931     7.171    34.000     0.665     100      22    44.0    10.0
   103.397    30.917     7.171    34.000     0.679     100      23    46.0    10.0
   103.382    30.904     7.171    34.000     0.693     100      23    48.0    10.0
   103.368    30.891     7.171    34.000     0.699     100      24    50.0    10.0
   103.354    30.878     7.171    34.000     0.704     100      24    52.0    10.0
   103.339    30.865     7.171    34.000     0.699     100      25    54.0    10.0
   103.325    30.851     7.171    34.000     0.686     100      25    56.0    10.0
   103.311    30.838     7.171    34.000     0.667     100      26    58.0    10.0
   103.297    30.825     7.171    34.000     0.622     100      28    60.0    10.0
   103.282    30.812     7.171    34.000     0.575     100      30    62.0    10.0
   103.268    30.799     7.171    34.000     0.481     100      32    64.0    10.0
   103.739    31.210     6.053    34.000     0.189      55      37     0.0     8.0
   103.724    31.197     6.053    34.000     0.220      57      37     2.0     8.0
   103.710    31.184     6.053    34.000     0.223      57      37     4.0     8.0
   103.696    31.171     6.053    34.000     0.223      57      37     6.0     8.0
   103.681    31.157     6.053    34.000     0.220      57      37     8.0     8.0
   103.667    31.144     6.053    34.000     0.209      57      37    10.0     8.0
   103.653    31.131     6.053    34.000     0.212     100       5    12.0     8.0
   103.638    31.118     6.053    34.000     0.263     100       4    14.0     8.0
   103.624    31.105     6.053    34.000     0.348     100       6    16.0     8.0
   103.610    31.092     6.053    34.000     0.379     100       6    18.0     8.0
   103.595    31.078     6.053    34.000     0.466     100       6    20.0     8.0
   103.581    31.065     6.053    34.000     0.496     100       8    22.0     8.0
   103.567    31.052     6.053    34.000     0.510     100       9    24.0     8.0
   103.552    31.039     6.053    34.000     0.508     100      10    26.0     8.0
   103.538    31.026     6.053    34.000     0.515     100      11    28.0     8.0
   103.524    31.013     6.053    34.000     0.511     100      12    30.0     8.0
   103.509    30.999     6.053    34.000     0.511     100      13    32.0     8.0
   103.495    30.986     6.053    34.000     0.512     100      14    34.0     8.0
   103.481    30.973     6.053    34.000     0.515     100      16    36.0     8.0
   103.466    30.960     6.053    34.000     0.524     100      17    38.0     8.0
   103.452    30.947     6.053    34.000     0.537     100      19    40.0     8.0
   103.438    30.934     6.053    34.000     0.551     100      20    42.0     8.0
   103.423    30.920     6.053    34.000     0.571     100      21    44.0     8.0
   103.409    30.907     6.053    34.000     0.585     100      22    46.0     8.0
   103.395    30.894     6.053    34.000     0.599     100      23    48.0     8.0
   103.381    30.881     6.053    34.000     0.608     100      24    50.0     8.0
   103.366    30.868     6.053    34.000     0.606     100      25    52.0     8.0
   103.352    30.854     6.053    34.000     0.603     100      26    54.0     8.0
   103.338    30.841     6.053    34.000     0.593     100      28    56.0     8.0
   103.324    30.828     6.053    34.000     0.561     100      29    58.0     8.0
   103.309    30.815     6.053    34.000     0.547     100      30    60.0     8.0
   103.295    30.802     6.053    34.000     0.508     100      31    62.0     8.0
   103.281    30.788     6.053    34.000     0.416     100      32    64.0     8.0
   103.751    31.200     4.935    34.000     0.141      58      37     0.0     6.0
   103.737    31.187     4.935    34.000     0.161      58      37     2.0     6.0
   103.723    31.173     4.935    34.000     0.157      57      37     4.0     6.0
   103.708    31.160     4.935    34.000     0.149      60      37     6.0     6.0
   103.694    31.147     4.935    34.000     0.143      60      37     8.0     6.0
   103.680    31.134     4.935    34.000     0.137      60      37    10.0     6.0
   103.665    31.121     4.935    34.000     0.126      60      37    12.0     6.0
   103.651    31.108     4.935    34.000     0.115      62      37    14.0     6.0
   103.637    31.095     4.935    34.000     0.135     100       6    16.0     6.0
   103.622    31.081     4.935    34.000     0.155     100       7    18.0     6.0
   103.608    31.068     4.935    34.000     0.209     100       7    20.0     6.0
   103.594    31.055     4.935    34.000     0.238     100       7    22.0     6.0
   103.579    31.042     4.935    34.000     0.284     100       8    24.0     6.0
   103.565    31.029     4.935    34.000     0.328     100       9    26.0     6.0
   103.551    31.016     4.935    34.000     0.316     100      10    28.0     6.0
   103.536    31.002     4.935    34.000     0.315     100      11    30.0     6.0
   103.522    30.989     4.935    34.000     0.327     100      12    32.0     6.0
   103.508    30.976     4.935    34.000     0.329     100      14    34.0     6.0
   103.493    30.963     4.935    34.000     0.335     100      15    36.0     6.0
   103.479    30.950     4.935    34.000     0.348     100      18    38.0     6.0
   103.465    30.937     4.935    34.000     0.355     100      20    40.0     6.0
   103.450    30.923     4.935    34.000     0.372     100      19    42.0     6.0
   103.436    30.910     4.935    34.000     0.386     100      20    44.0     6.0
   103.422    30.897     4.935    34.000     0.402     100      22    46.0     6.0
   103.408    30.884     4.935    34.000     0.420     100      23    48.0     6.0
   103.393    30.871     4.935    34.000     0.423     100      24    50.0     6.0
   103.379    30.857     4.935    34.000     0.431     100      25    52.0     6.0
   103.365    30.844     4.935    34.000     0.435     100      26    54.0     6.0
   103.351    30.831     4.935    34.000     0.432     100      27    56.0     6.0
   103.336    30.818     4.935    34.000     0.425     100      28    58.0     6.0
   103.322    30.805     4.935    34.000     0.414     100      29    60.0     6.0
   103.308    30.791     4.935    34.000     0.392     100      31    62.0     6.0
   103.294    30.778     4.935    34.000     0.330     100      30    64.0     6.0
   103.764    31.189     3.816    34.000     0.121      66      37     0.0     4.0
   103.750    31.176     3.816    34.000     0.119      65      37     2.0     4.0
   103.735    31.163     3.816    34.000     0.103      66      37     4.0     4.0
   103.721    31.150     3.816    34.000     0.093      65      37     6.0     4.0
   103.707    31.137     3.816    34.000     0.079      67      37     8.0     4.0
   103.692    31.124     3.816    34.000     0.061      67      37    10.0     4.0
   103.678    31.111     3.816    34.000     0.049      68      37    12.0     4.0
   103.664    31.097     3.816    34.000     0.035      76      37    14.0     4.0
   103.649    31.084     3.816    34.000     0.033      75      37    16.0     4.0
   103.635    31.071     3.816    34.000     0.029      75      37    18.0     4.0
   103.621    31.058     3.816    34.000     0.025      76      37    20.0     4.0
   103.606    31.045     3.816    34.000     0.022      76      37    22.0     4.0
   103.592    31.032     3.816    34.000     0.017      76      37    24.0     4.0
   103.578    31.018     3.816    34.000     0.012     100       9    26.0     4.0
   103.563    31.005     3.816    34.000     0.016     100      10    28.0     4.0
   103.549    30.992     3.816    34.000     0.028     100       9    30.0     4.0
   103.535    30.979     3.816    34.000     0.043     100      11    32.0     4.0
   103.520    30.966     3.816    34.000     0.056     100      12    34.0     4.0
   103.506    30.953     3.816    34.000     0.065     100      13    36.0     4.0
   103.492    30.939     3.816    34.000     0.083     100      14    38.0     4.0
   103.477    30.926     3.816    34.000     0.099     100      15    40.0     4.0
   103.463    30.913     3.816    34.000     0.121     100      17    42.0     4.0
   103.449    30.900     3.816    34.000     0.130     100      19    44.0     4.0
   103.435    30.887     3.816    34.000     0.137     100      20    46.0     4.0
   103.420    30.874     3.816    34.000     0.174     100      21    48.0     4.0
   103.406    30.860     3.816    34.000     0.185     100      23    50.0     4.0
   103.392    30.847     3.816    34.000     0.194     100      25    52.0     4.0
   103.377    30.834     3.816    34.000     0.188     100      26    54.0     4.0
   103.363    30.821     3.816    34.000     0.190     100      28    56.0     4.0
   103.349    30.808     3.816    34.000     0.187     100      29    58.0     4.0
   103.335    30.794     3.816    34.000     0.178     100      28    60.0     4.0
   103.320    30.781     3.816    34.000     0.186      68       1    62.0     4.0
   103.306    30.768     3.816    34.000     0.205      68       1    64.0     4.0
   103.777    31.179     2.698    34.000     0.080      71      37     0.0     2.0
   103.762    31.166     2.698    34.000     0.070      72      37     2.0     2.0
   103.748    31.153     2.698    34.000     0.063      72      37     4.0     2.0
   103.734    31.140     2.698    34.000     0.043      73      37     6.0     2.0
   103.719    31.127     2.698    34.000     0.032      75      37     8.0     2.0
   103.705    31.114     2.698    34.000     0.027      75      37    10.0     2.0
   103.691    31.100     2.698    34.000     0.016      76      37    12.0     2.0
   103.676    31.087     2.698    34.000     0.011      65      37    14.0     2.0
   103.662    31.074     2.698    34.000     0.008       1       1    16.0     2.0
   103.648    31.061     2.698    34.000     0.009       3       1    18.0     2.0
   103.633    31.048     2.698    34.000     0.011       1       1    20.0     2.0
   103.619    31.035     2.698    34.000     0.010       1       2    22.0     2.0
   103.605    31.021     2.698    34.000     0.011       3       2    24.0     2.0
   103.590    31.008     2.698    34.000     0.012       1       2    26.0     2.0
   103.576    30.995     2.698    34.000     0.009       1       2    28.0     2.0
   103.562    30.982     2.698    34.000     0.006      81      37    30.0     2.0
   103.547    30.969     2.698    34.000     0.005      79      37    32.0     2.0
   103.533    30.956     2.698    34.000     0.006     100      15    34.0     2.0
   103.519    30.942     2.698    34.000     0.011     100      15    36.0     2.0
   103.504    30.929     2.698    34.000     0.015     100      15    38.0     2.0
   103.490    30.916     2.698    34.000     0.021     100      19    40.0     2.0
   103.476    30.903     2.698    34.000     0.019     100      21    42.0     2.0
   103.462    30.890     2.698    34.000     0.016     100      22    44.0     2.0
   103.447    30.877     2.698    34.000     0.020       1      36    46.0     2.0
   103.433    30.863     2.698    34.000     0.036       1      36    48.0     2.0
   103.419    30.850     2.698    34.000     0.050       1      36    50.0     2.0
   103.404    30.837     2.698    34.000     0.057       1      36    52.0     2.0
   103.390    30.824     2.698    34.000     0.062       1      36    54.0     2.0
   103.376    30.811     2.698    34.000     0.067       1      37    56.0     2.0
   103.362    30.797     2.698    34.000     0.071       1      37    58.0     2.0
   103.347    30.784     2.698    34.000     0.074       1      37    60.0     2.0
   103.333    30.771     2.698    34.000     0.076       1      37    62.0     2.0
   103.319    30.758     2.698    34.000     0.065       1      37    64.0     2.0
   103.789    31.169     1.579    34.000     0.047      75      37     0.0     0.0
   103.775    31.156     1.579    34.000     0.041      77      37     2.0     0.0
   103.761    31.143     1.579    34.000     0.032      72      37     4.0     0.0
   103.746    31.130     1.579    34.000     0.025      72      37     6.0     0.0
   103.732    31.116     1.579    34.000     0.018      69      37     8.0     0.0
   103.718    31.103     1.579    34.000     0.014      68      37    10.0     0.0
   103.703    31.090     1.579    34.000     0.016       1       2    12.0     0.0
   103.689    31.077     1.579    34.000     0.019       1       2    14.0     0.0
   103.675    31.064     1.579    34.000     0.019       1       2    16.0     0.0
   103.660    31.051     1.579    34.000     0.024       1       2    18.0     0.0
   103.646    31.038     1.579    34.000     0.019       1       2    20.0     0.0
   103.632    31.024     1.579    34.000     0.015       1       2    22.0     0.0
   103.617    31.011     1.579    34.000     0.016       1       2    24.0     0.0
   103.603    30.998     1.579    34.000     0.014       1       2    26.0     0.0
   103.589    30.985     1.579    34.000     0.013       1       2    28.0     0.0
   103.574    30.972     1.579    34.000     0.011       1       2    30.0     0.0
   103.560    30.959     1.579    34.000     0.009      88      37    32.0     0.0
   103.546    30.945     1.579    34.000     0.010      88      37    34.0     0.0
   103.531    30.932     1.579    34.000     0.007      87      37    36.0     0.0
   103.517    30.919     1.579    34.000     0.004      53       1    38.0     0.0
   103.503    30.906     1.579    34.000     0.005       1      25    40.0     0.0
   103.488    30.893     1.579    34.000     0.008      46       1    42.0     0.0
   103.474    30.880     1.579    34.000     0.022      46       4    44.0     0.0
   103.460    30.866     1.579    34.000     0.033      46       4    46.0     0.0
   103.446    30.853     1.579    34.000     0.039      45       4    48.0     0.0
   103.431    30.840     1.579    34.000     0.040      44       4    50.0     0.0
   103.417    30.827     1.579    34.000     0.039      42       5    52.0     0.0
   103.403    30.814     1.579    34.000     0.041       1      36    54.0     0.0
   103.389    30.800     1.579    34.000     0.044       3      37    56.0     0.0
   103.374    30.787     1.579    34.000     0.048       1      36    58.0     0.0
   103.360    30.774     1.579    34.000     0.049       1      36    60.0     0.0
   103.346    30.761     1.579    34.000     0.051       1      36    62.0     0.0
   103.332    30.748     1.579    34.000     0.049       2      37    64.0     0.0
