   104.700    32.381    33.161    54.000     0.014      40      34     0.0    40.0
   104.685    32.368    33.161    54.000     0.016      35      32     2.0    40.0
   104.670    32.355    33.161    54.000     0.014      40      33     4.0    40.0
   104.655    32.342    33.161    54.000     0.017      31      31     6.0    40.0
   104.641    32.329    33.161    54.000     0.015      31      32     8.0    40.0
   104.626    32.316    33.161    54.000     0.015      30      33    10.0    40.0
   104.611    32.303    33.161    54.000     0.011      40      26    12.0    40.0
   104.596    32.290    33.161    54.000     0.017      37      24    14.0    40.0
   104.581    32.278    33.161    54.000     0.020      38      22    16.0    40.0
   104.567    32.265    33.161    54.000     0.023      38      23    18.0    40.0
   104.552    32.252    33.161    54.000     0.027      37      25    20.0    40.0
   104.537    32.239    33.161    54.000     0.028      37      23    22.0    40.0
   104.522    32.226    33.161    54.000     0.027      36      20    24.0    40.0
   104.508    32.213    33.161    54.000     0.022      36      22    26.0    40.0
   104.493    32.200    33.161    54.000     0.018      94       1    28.0    40.0
   104.478    32.187    33.161    54.000     0.018      94       1    30.0    40.0
   104.463    32.174    33.161    54.000     0.015      37      23    32.0    40.0
   104.449    32.161    33.161    54.000     0.015      98       1    34.0    40.0
   104.434    32.148    33.161    54.000     0.015      98       1    36.0    40.0
   104.419    32.135    33.161    54.000     0.014      98       1    38.0    40.0
   104.404    32.122    33.161    54.000     0.012      98       1    40.0    40.0
   104.390    32.109    33.161    54.000     0.018      49       5    42.0    40.0
   104.375    32.096    33.161    54.000     0.017      48       6    44.0    40.0
   104.360    32.083    33.161    54.000     0.024      46       6    46.0    40.0
   104.346    32.070    33.161    54.000     0.037      44       8    48.0    40.0
   104.331    32.057    33.161    54.000     0.046      44       8    50.0    40.0
   104.316    32.044    33.161    54.000     0.046      42       8    52.0    40.0
   104.301    32.031    33.161    54.000     0.053      40       7    54.0    40.0
   104.287    32.018    33.161    54.000     0.052      39       8    56.0    40.0
   104.272    32.005    33.161    54.000     0.037      40       8    58.0    40.0
   104.257    31.992    33.161    54.000     0.031      38       9    60.0    40.0
   104.243    31.979    33.161    54.000     0.021      39      11    62.0    40.0
   104.228    31.966    33.161    54.000     0.021      41      12    64.0    40.0
   104.709    32.374    31.543    54.000     0.019      44      34     0.0    38.0
   104.694    32.361    31.543    54.000     0.015      23      36     2.0    38.0
   104.679    32.348    31.543    54.000     0.015      25      37     4.0    38.0
   104.664    32.335    31.543    54.000     0.015      26      37     6.0    38.0
   104.649    32.322    31.543    54.000     0.013      42      28     8.0    38.0
   104.635    32.309    31.543    54.000     0.014      43      29    10.0    38.0
   104.620    32.296    31.543    54.000     0.012      43      29    12.0    38.0
   104.605    32.283    31.543    54.000     0.012      16      36    14.0    38.0
   104.590    32.270    31.543    54.000     0.010      30      32    16.0    38.0
   104.576    32.257    31.543    54.000     0.011      33      29    18.0    38.0
   104.561    32.244    31.543    54.000     0.016      34      29    20.0    38.0
   104.546    32.231    31.543    54.000     0.016      32      29    22.0    38.0
   104.531    32.218    31.543    54.000     0.017      31      29    24.0    38.0
   104.517    32.205    31.543    54.000     0.020      37      32    26.0    38.0
   104.502    32.192    31.543    54.000     0.022      29      29    28.0    38.0
   104.487    32.179    31.543    54.000     0.024      38      32    30.0    38.0
   104.472    32.166    31.543    54.000     0.026      33      32    32.0    38.0
   104.458    32.154    31.543    54.000     0.034      37      32    34.0    38.0
   104.443    32.141    31.543    54.000     0.038      37      33    36.0    38.0
   104.428    32.128    31.543    54.000     0.030      37      33    38.0    38.0
   104.413    32.115    31.543    54.000     0.026      36      24    40.0    38.0
   104.399    32.102    31.543    54.000     0.031      36      26    42.0    38.0
   104.384    32.089    31.543    54.000     0.027      43       7    44.0    38.0
   104.369    32.076    31.543    54.000     0.038      43       9    46.0    38.0
   104.355    32.063    31.543    54.000     0.057      40       8    48.0    38.0
   104.340    32.050    31.543    54.000     0.066      42      11    50.0    38.0
   104.325    32.037    31.543    54.000     0.068      41      10    52.0    38.0
   104.310    32.024    31.543    54.000     0.053      39       9    54.0    38.0
   104.296    32.011    31.543    54.000     0.032      37       9    56.0    38.0
   104.281    31.998    31.543    54.000     0.029      42       9    58.0    38.0
   104.266    31.985    31.543    54.000     0.021      37      10    60.0    38.0
   104.252    31.972    31.543    54.000     0.016      81       1    62.0    38.0
   104.237    31.959    31.543    54.000     0.024      26       3    64.0    38.0
   104.718    32.366    29.925    54.000     0.024      21      37     0.0    36.0
   104.703    32.353    29.925    54.000     0.022      20      37     2.0    36.0
   104.688    32.340    29.925    54.000     0.023      44      30     4.0    36.0
   104.673    32.328    29.925    54.000     0.018      23      37     6.0    36.0
   104.658    32.315    29.925    54.000     0.021      21      36     8.0    36.0
   104.644    32.302    29.925    54.000     0.022      45      27    10.0    36.0
   104.629    32.289    29.925    54.000     0.021      20      36    12.0    36.0
   104.614    32.276    29.925    54.000     0.017      15      37    14.0    36.0
   104.599    32.263    29.925    54.000     0.019      12      37    16.0    36.0
   104.585    32.250    29.925    54.000     0.015      14      37    18.0    36.0
   104.570    32.237    29.925    54.000     0.023      29      31    20.0    36.0
   104.555    32.224    29.925    54.000     0.033      33      31    22.0    36.0
   104.540    32.211    29.925    54.000     0.046      29      31    24.0    36.0
   104.526    32.198    29.925    54.000     0.051      26      31    26.0    36.0
   104.511    32.185    29.925    54.000     0.065      26      31    28.0    36.0
   104.496    32.172    29.925    54.000     0.060      24      31    30.0    36.0
   104.481    32.159    29.925    54.000     0.063      33      31    32.0    36.0
   104.467    32.146    29.925    54.000     0.055      30      31    34.0    36.0
   104.452    32.133    29.925    54.000     0.065      29      31    36.0    36.0
   104.437    32.120    29.925    54.000     0.047      30      33    38.0    36.0
   104.422    32.107    29.925    54.000     0.043      31      34    40.0    36.0
   104.408    32.094    29.925    54.000     0.037      34      34    42.0    36.0
   104.393    32.081    29.925    54.000     0.038      37      26    44.0    36.0
   104.378    32.068    29.925    54.000     0.055      37      23    46.0    36.0
   104.364    32.055    29.925    54.000     0.065      38      17    48.0    36.0
   104.349    32.042    29.925    54.000     0.061      38      16    50.0    36.0
   104.334    32.029    29.925    54.000     0.054      41      12    52.0    36.0
   104.319    32.016    29.925    54.000     0.049      41      10    54.0    36.0
   104.305    32.003    29.925    54.000     0.036      43      13    56.0    36.0
   104.290    31.990    29.925    54.000     0.027      44      10    58.0    36.0
   104.275    31.977    29.925    54.000     0.027      83       1    60.0    36.0
   104.261    31.964    29.925    54.000     0.026      83       1    62.0    36.0
   104.246    31.951    29.925    54.000     0.022      31       7    64.0    36.0
   104.727    32.359    28.307    54.000     0.019      27      37     0.0    34.0
   104.712    32.346    28.307    54.000     0.017      26      37     2.0    34.0
   104.697    32.333    28.307    54.000     0.014      46      31     4.0    34.0
   104.682    32.320    28.307    54.000     0.015      45      31     6.0    34.0
   104.667    32.307    28.307    54.000     0.018      46      32     8.0    34.0
   104.653    32.294    28.307    54.000     0.021      46      30    10.0    34.0
   104.638    32.281    28.307    54.000     0.023      46      30    12.0    34.0
   104.623    32.268    28.307    54.000     0.028      44      30    14.0    34.0
   104.608    32.255    28.307    54.000     0.022      44      30    16.0    34.0
   104.594    32.242    28.307    54.000     0.019      44      31    18.0    34.0
   104.579    32.230    28.307    54.000     0.023      37      31    20.0    34.0
   104.564    32.217    28.307    54.000     0.045      36      31    22.0    34.0
   104.549    32.204    28.307    54.000     0.048      34      31    24.0    34.0
   104.534    32.191    28.307    54.000     0.054      33      31    26.0    34.0
   104.520    32.178    28.307    54.000     0.057      32      31    28.0    34.0
   104.505    32.165    28.307    54.000     0.090      29      31    30.0    34.0
   104.490    32.152    28.307    54.000     0.108      30      31    32.0    34.0
   104.476    32.139    28.307    54.000     0.113      28      31    34.0    34.0
   104.461    32.126    28.307    54.000     0.134      27      31    36.0    34.0
   104.446    32.113    28.307    54.000     0.101      25      31    38.0    34.0
   104.431    32.100    28.307    54.000     0.068      27      31    40.0    34.0
   104.417    32.087    28.307    54.000     0.056      31      35    42.0    34.0
   104.402    32.074    28.307    54.000     0.041      35      25    44.0    34.0
   104.387    32.061    28.307    54.000     0.063      35      23    46.0    34.0
   104.372    32.048    28.307    54.000     0.065      39      23    48.0    34.0
   104.358    32.035    28.307    54.000     0.066      39      23    50.0    34.0
   104.343    32.022    28.307    54.000     0.059      39      21    52.0    34.0
   104.328    32.009    28.307    54.000     0.052      40      18    54.0    34.0
   104.314    31.996    28.307    54.000     0.053      41      16    56.0    34.0
   104.299    31.983    28.307    54.000     0.030      41      12    58.0    34.0
   104.284    31.970    28.307    54.000     0.025      40       8    60.0    34.0
   104.270    31.957    28.307    54.000     0.025      77       1    62.0    34.0
   104.255    31.944    28.307    54.000     0.026      78       1    64.0    34.0
   104.736    32.352    26.689    54.000     0.006      40      33     0.0    32.0
   104.721    32.339    26.689    54.000     0.009      40      33     2.0    32.0
   104.706    32.326    26.689    54.000     0.012      39      33     4.0    32.0
   104.691    32.313    26.689    54.000     0.010      40      33     6.0    32.0
   104.676    32.300    26.689    54.000     0.011      33      33     8.0    32.0
   104.662    32.287    26.689    54.000     0.014      48      32    10.0    32.0
   104.647    32.274    26.689    54.000     0.019      48      32    12.0    32.0
   104.632    32.261    26.689    54.000     0.031      48      32    14.0    32.0
   104.617    32.248    26.689    54.000     0.043      46      32    16.0    32.0
   104.602    32.235    26.689    54.000     0.043      45      32    18.0    32.0
   104.588    32.222    26.689    54.000     0.042      45      32    20.0    32.0
   104.573    32.209    26.689    54.000     0.039      46      34    22.0    32.0
   104.558    32.196    26.689    54.000     0.032      40      31    24.0    32.0
   104.543    32.183    26.689    54.000     0.038      38      32    26.0    32.0
   104.529    32.170    26.689    54.000     0.039      34      31    28.0    32.0
   104.514    32.157    26.689    54.000     0.055      28      32    30.0    32.0
   104.499    32.144    26.689    54.000     0.073      29      32    32.0    32.0
   104.484    32.131    26.689    54.000     0.091      30      31    34.0    32.0
   104.470    32.118    26.689    54.000     0.108      30      31    36.0    32.0
   104.455    32.105    26.689    54.000     0.091      29      31    38.0    32.0
   104.440    32.093    26.689    54.000     0.099      27      31    40.0    32.0
   104.426    32.080    26.689    54.000     0.060      26      31    42.0    32.0
   104.411    32.067    26.689    54.000     0.054      32      23    44.0    32.0
   104.396    32.054    26.689    54.000     0.052      31      21    46.0    32.0
   104.381    32.041    26.689    54.000     0.053      37      24    48.0    32.0
   104.367    32.028    26.689    54.000     0.053      37      21    50.0    32.0
   104.352    32.015    26.689    54.000     0.048      41      23    52.0    32.0
   104.337    32.002    26.689    54.000     0.042      41      24    54.0    32.0
   104.323    31.989    26.689    54.000     0.028      40      23    56.0    32.0
   104.308    31.976    26.689    54.000     0.026      78       1    58.0    32.0
   104.293    31.963    26.689    54.000     0.030      77       1    60.0    32.0
   104.279    31.950    26.689    54.000     0.030      77       1    62.0    32.0
   104.264    31.937    26.689    54.000     0.030      75       2    64.0    32.0
   104.745    32.344    25.071    54.000     0.005      82      32     0.0    30.0
   104.730    32.331    25.071    54.000     0.010      37      35     2.0    30.0
   104.715    32.318    25.071    54.000     0.011      36      35     4.0    30.0
   104.700    32.305    25.071    54.000     0.013      38      35     6.0    30.0
   104.685    32.292    25.071    54.000     0.016      38      33     8.0    30.0
   104.671    32.279    25.071    54.000     0.017      38      34    10.0    30.0
   104.656    32.267    25.071    54.000     0.020      43      35    12.0    30.0
   104.641    32.254    25.071    54.000     0.020      40      35    14.0    30.0
   104.626    32.241    25.071    54.000     0.025      48      34    16.0    30.0
   104.611    32.228    25.071    54.000     0.033      47      33    18.0    30.0
   104.597    32.215    25.071    54.000     0.044      47      33    20.0    30.0
   104.582    32.202    25.071    54.000     0.038      46      34    22.0    30.0
   104.567    32.189    25.071    54.000     0.042      43      33    24.0    30.0
   104.552    32.176    25.071    54.000     0.045      43      33    26.0    30.0
   104.538    32.163    25.071    54.000     0.043      47      33    28.0    30.0
   104.523    32.150    25.071    54.000     0.032      45      32    30.0    30.0
   104.508    32.137    25.071    54.000     0.029      29      32    32.0    30.0
   104.493    32.124    25.071    54.000     0.034      29      32    34.0    30.0
   104.479    32.111    25.071    54.000     0.036      29      32    36.0    30.0
   104.464    32.098    25.071    54.000     0.031      31      32    38.0    30.0
   104.449    32.085    25.071    54.000     0.027      31      33    40.0    30.0
   104.435    32.072    25.071    54.000     0.024      35      19    42.0    30.0
   104.420    32.059    25.071    54.000     0.027      34      14    44.0    30.0
   104.405    32.046    25.071    54.000     0.025      31      15    46.0    30.0
   104.390    32.033    25.071    54.000     0.027      31      11    48.0    30.0
   104.376    32.020    25.071    54.000     0.025      29      15    50.0    30.0
   104.361    32.007    25.071    54.000     0.020      30      17    52.0    30.0
   104.346    31.994    25.071    54.000     0.027      67       2    54.0    30.0
   104.332    31.981    25.071    54.000     0.030      67       2    56.0    30.0
   104.317    31.968    25.071    54.000     0.036      66       2    58.0    30.0
   104.302    31.955    25.071    54.000     0.044      68       2    60.0    30.0
   104.288    31.942    25.071    54.000     0.054      60       3    62.0    30.0
   104.273    31.929    25.071    54.000     0.059      60       3    64.0    30.0
   104.753    32.337    23.452    54.000     0.017      81      32     0.0    28.0
   104.739    32.324    23.452    54.000     0.012      69      36     2.0    28.0
   104.724    32.311    23.452    54.000     0.015      92      18     4.0    28.0
   104.709    32.298    23.452    54.000     0.015      92      20     6.0    28.0
   104.694    32.285    23.452    54.000     0.024      12       1     8.0    28.0
   104.679    32.272    23.452    54.000     0.019      13       1    10.0    28.0
   104.665    32.259    23.452    54.000     0.016      12       4    12.0    28.0
   104.650    32.246    23.452    54.000     0.016      12       4    14.0    28.0
   104.635    32.233    23.452    54.000     0.019      45      35    16.0    28.0
   104.620    32.220    23.452    54.000     0.020      45      35    18.0    28.0
   104.606    32.207    23.452    54.000     0.020      45      35    20.0    28.0
   104.591    32.194    23.452    54.000     0.022      48      34    22.0    28.0
   104.576    32.181    23.452    54.000     0.023      48      34    24.0    28.0
   104.561    32.169    23.452    54.000     0.026      48      34    26.0    28.0
   104.547    32.156    23.452    54.000     0.024      47      34    28.0    28.0
   104.532    32.143    23.452    54.000     0.013      43      34    30.0    28.0
   104.517    32.130    23.452    54.000     0.010      49      31    32.0    28.0
   104.502    32.117    23.452    54.000     0.009      48      30    34.0    28.0
   104.488    32.104    23.452    54.000     0.007      49      30    36.0    28.0
   104.473    32.091    23.452    54.000     0.007      27      27    38.0    28.0
   104.458    32.078    23.452    54.000     0.009      28      28    40.0    28.0
   104.443    32.065    23.452    54.000     0.010      26      28    42.0    28.0
   104.429    32.052    23.452    54.000     0.011      25      26    44.0    28.0
   104.414    32.039    23.452    54.000     0.012      21      19    46.0    28.0
   104.399    32.026    23.452    54.000     0.010      21      26    48.0    28.0
   104.385    32.013    23.452    54.000     0.013      25      20    50.0    28.0
   104.370    32.000    23.452    54.000     0.019      64       3    52.0    28.0
   104.355    31.987    23.452    54.000     0.032      67       3    54.0    28.0
   104.341    31.974    23.452    54.000     0.055      63       3    56.0    28.0
   104.326    31.961    23.452    54.000     0.082      63       3    58.0    28.0
   104.311    31.948    23.452    54.000     0.114      63       3    60.0    28.0
   104.296    31.935    23.452    54.000     0.123      62       3    62.0    28.0
   104.282    31.922    23.452    54.000     0.124      62       3    64.0    28.0
   104.762    32.329    21.834    54.000     0.029      12       1     0.0    26.0
   104.748    32.316    21.834    54.000     0.035      15       1     2.0    26.0
   104.733    32.304    21.834    54.000     0.043      12       1     4.0    26.0
   104.718    32.291    21.834    54.000     0.047      12       1     6.0    26.0
   104.703    32.278    21.834    54.000     0.068      11       1     8.0    26.0
   104.688    32.265    21.834    54.000     0.077      11       1    10.0    26.0
   104.674    32.252    21.834    54.000     0.060      12       1    12.0    26.0
   104.659    32.239    21.834    54.000     0.047      13       1    14.0    26.0
   104.644    32.226    21.834    54.000     0.034      13       4    16.0    26.0
   104.629    32.213    21.834    54.000     0.022      11       4    18.0    26.0
   104.615    32.200    21.834    54.000     0.010      47      36    20.0    26.0
   104.600    32.187    21.834    54.000     0.010      46      35    22.0    26.0
   104.585    32.174    21.834    54.000     0.006      46      35    24.0    26.0
   104.570    32.161    21.834    54.000     0.005      52      32    26.0    26.0
   104.556    32.148    21.834    54.000     0.005      51      31    28.0    26.0
   104.541    32.135    21.834    54.000     0.005      51      31    30.0    26.0
   104.526    32.122    21.834    54.000     0.004      49      31    32.0    26.0
   104.511    32.109    21.834    54.000     0.004      47      32    34.0    26.0
   104.497    32.096    21.834    54.000     0.002      30       7    36.0    26.0
   104.482    32.083    21.834    54.000     0.003      21       8    38.0    26.0
   104.467    32.070    21.834    54.000     0.005      15      13    40.0    26.0
   104.452    32.057    21.834    54.000     0.014      17      18    42.0    26.0
   104.438    32.044    21.834    54.000     0.019      16      18    44.0    26.0
   104.423    32.032    21.834    54.000     0.021      17      10    46.0    26.0
   104.408    32.019    21.834    54.000     0.020      13      31    48.0    26.0
   104.394    32.006    21.834    54.000     0.025      13      29    50.0    26.0
   104.379    31.993    21.834    54.000     0.022      14      26    52.0    26.0
   104.364    31.980    21.834    54.000     0.028      64       3    54.0    26.0
   104.349    31.967    21.834    54.000     0.045      65       4    56.0    26.0
   104.335    31.954    21.834    54.000     0.064      64       4    58.0    26.0
   104.320    31.941    21.834    54.000     0.080      60       5    60.0    26.0
   104.305    31.928    21.834    54.000     0.097      61       5    62.0    26.0
   104.291    31.915    21.834    54.000     0.108      61       5    64.0    26.0
   104.771    32.322    20.216    54.000     0.049      18       1     0.0    24.0
   104.757    32.309    20.216    54.000     0.051      18       1     2.0    24.0
   104.742    32.296    20.216    54.000     0.051      16       1     4.0    24.0
   104.727    32.283    20.216    54.000     0.059      11       3     6.0    24.0
   104.712    32.270    20.216    54.000     0.085      10       1     8.0    24.0
   104.697    32.257    20.216    54.000     0.078      11       1    10.0    24.0
   104.683    32.244    20.216    54.000     0.088      13       3    12.0    24.0
   104.668    32.231    20.216    54.000     0.084      12       1    14.0    24.0
   104.653    32.219    20.216    54.000     0.062      12       3    16.0    24.0
   104.638    32.206    20.216    54.000     0.042      17       1    18.0    24.0
   104.624    32.193    20.216    54.000     0.032      17       1    20.0    24.0
   104.609    32.180    20.216    54.000     0.023      19       1    22.0    24.0
   104.594    32.167    20.216    54.000     0.018      17       1    24.0    24.0
   104.579    32.154    20.216    54.000     0.009      16       3    26.0    24.0
   104.564    32.141    20.216    54.000     0.007      17       3    28.0    24.0
   104.550    32.128    20.216    54.000     0.005      66      37    30.0    24.0
   104.535    32.115    20.216    54.000     0.004      31       3    32.0    24.0
   104.520    32.102    20.216    54.000     0.003      33       2    34.0    24.0
   104.506    32.089    20.216    54.000     0.003      30       3    36.0    24.0
   104.491    32.076    20.216    54.000     0.002      12      12    38.0    24.0
   104.476    32.063    20.216    54.000     0.004      16      25    40.0    24.0
   104.461    32.050    20.216    54.000     0.011      14      18    42.0    24.0
   104.447    32.037    20.216    54.000     0.015      13      25    44.0    24.0
   104.432    32.024    20.216    54.000     0.020      13      25    46.0    24.0
   104.417    32.011    20.216    54.000     0.023      12      26    48.0    24.0
   104.403    31.998    20.216    54.000     0.025      15      30    50.0    24.0
   104.388    31.985    20.216    54.000     0.029      13      29    52.0    24.0
   104.373    31.972    20.216    54.000     0.027      13      30    54.0    24.0
   104.358    31.959    20.216    54.000     0.023      59       5    56.0    24.0
   104.344    31.946    20.216    54.000     0.031      59       5    58.0    24.0
   104.329    31.933    20.216    54.000     0.037      59       5    60.0    24.0
   104.314    31.920    20.216    54.000     0.032      59       5    62.0    24.0
   104.300    31.907    20.216    54.000     0.026      57       5    64.0    24.0
   104.780    32.315    18.598    54.000     0.064      28       1     0.0    22.0
   104.766    32.302    18.598    54.000     0.072      27       2     2.0    22.0
   104.751    32.289    18.598    54.000     0.077      25       2     4.0    22.0
   104.736    32.276    18.598    54.000     0.077      24       2     6.0    22.0
   104.721    32.263    18.598    54.000     0.077      22       2     8.0    22.0
   104.706    32.250    18.598    54.000     0.070      19       1    10.0    22.0
   104.692    32.237    18.598    54.000     0.064      16       3    12.0    22.0
   104.677    32.224    18.598    54.000     0.061      17       3    14.0    22.0
   104.662    32.211    18.598    54.000     0.054      17       3    16.0    22.0
   104.647    32.198    18.598    54.000     0.045      17       3    18.0    22.0
   104.632    32.185    18.598    54.000     0.038      13       3    20.0    22.0
   104.618    32.172    18.598    54.000     0.032      16       3    22.0    22.0
   104.603    32.159    18.598    54.000     0.030      16       3    24.0    22.0
   104.588    32.146    18.598    54.000     0.027      15       3    26.0    22.0
   104.573    32.133    18.598    54.000     0.022      14       2    28.0    22.0
   104.559    32.120    18.598    54.000     0.021      12       3    30.0    22.0
   104.544    32.108    18.598    54.000     0.022      12       3    32.0    22.0
   104.529    32.095    18.598    54.000     0.016      11       3    34.0    22.0
   104.514    32.082    18.598    54.000     0.015       9       4    36.0    22.0
   104.500    32.069    18.598    54.000     0.011       8       4    38.0    22.0
   104.485    32.056    18.598    54.000     0.010       8       4    40.0    22.0
   104.470    32.043    18.598    54.000     0.005      10       7    42.0    22.0
   104.456    32.030    18.598    54.000     0.004      60      13    44.0    22.0
   104.441    32.017    18.598    54.000     0.005      14      29    46.0    22.0
   104.426    32.004    18.598    54.000     0.010      12      29    48.0    22.0
   104.411    31.991    18.598    54.000     0.016      26      26    50.0    22.0
   104.397    31.978    18.598    54.000     0.018      26      25    52.0    22.0
   104.382    31.965    18.598    54.000     0.022      18      27    54.0    22.0
   104.367    31.952    18.598    54.000     0.022      19      26    56.0    22.0
   104.353    31.939    18.598    54.000     0.035      25      32    58.0    22.0
   104.338    31.926    18.598    54.000     0.043      26      34    60.0    22.0
   104.323    31.913    18.598    54.000     0.043      26      34    62.0    22.0
   104.309    31.900    18.598    54.000     0.040      26      34    64.0    22.0
   104.789    32.307    16.980    54.000     0.082      26       2     0.0    20.0
   104.774    32.294    16.980    54.000     0.094      24       2     2.0    20.0
   104.760    32.281    16.980    54.000     0.090      25       2     4.0    20.0
   104.745    32.268    16.980    54.000     0.071      69      32     6.0    20.0
   104.730    32.256    16.980    54.000     0.073      69      32     8.0    20.0
   104.715    32.243    16.980    54.000     0.073      68      32    10.0    20.0
   104.701    32.230    16.980    54.000     0.073      80      34    12.0    20.0
   104.686    32.217    16.980    54.000     0.078      81      33    14.0    20.0
   104.671    32.204    16.980    54.000     0.073      77      32    16.0    20.0
   104.656    32.191    16.980    54.000     0.063      77      32    18.0    20.0
   104.641    32.178    16.980    54.000     0.047      76      30    20.0    20.0
   104.627    32.165    16.980    54.000     0.041      17       2    22.0    20.0
   104.612    32.152    16.980    54.000     0.041      13       3    24.0    20.0
   104.597    32.139    16.980    54.000     0.053      12       3    26.0    20.0
   104.582    32.126    16.980    54.000     0.060      12       3    28.0    20.0
   104.568    32.113    16.980    54.000     0.058      13       3    30.0    20.0
   104.553    32.100    16.980    54.000     0.050      12       3    32.0    20.0
   104.538    32.087    16.980    54.000     0.039      17       3    34.0    20.0
   104.523    32.074    16.980    54.000     0.032       9       3    36.0    20.0
   104.509    32.061    16.980    54.000     0.031      12       3    38.0    20.0
   104.494    32.048    16.980    54.000     0.025      10       3    40.0    20.0
   104.479    32.035    16.980    54.000     0.016      11       3    42.0    20.0
   104.465    32.022    16.980    54.000     0.008      10       3    44.0    20.0
   104.450    32.009    16.980    54.000     0.005      32      26    46.0    20.0
   104.435    31.996    16.980    54.000     0.010      32      26    48.0    20.0
   104.420    31.983    16.980    54.000     0.016      25      26    50.0    20.0
   104.406    31.970    16.980    54.000     0.032      22      27    52.0    20.0
   104.391    31.958    16.980    54.000     0.041      27      24    54.0    20.0
   104.376    31.945    16.980    54.000     0.059      24      25    56.0    20.0
   104.362    31.932    16.980    54.000     0.061      25      27    58.0    20.0
   104.347    31.919    16.980    54.000     0.082      24      27    60.0    20.0
   104.332    31.906    16.980    54.000     0.091      26      29    62.0    20.0
   104.318    31.893    16.980    54.000     0.084      27      30    64.0    20.0
   104.798    32.300    15.362    54.000     0.121      27       2     0.0    18.0
   104.783    32.287    15.362    54.000     0.129      77      32     2.0    18.0
   104.769    32.274    15.362    54.000     0.171      77      32     4.0    18.0
   104.754    32.261    15.362    54.000     0.228      76      32     6.0    18.0
   104.739    32.248    15.362    54.000     0.275      75      33     8.0    18.0
   104.724    32.235    15.362    54.000     0.280      75      32    10.0    18.0
   104.709    32.222    15.362    54.000     0.236      74      32    12.0    18.0
   104.695    32.209    15.362    54.000     0.223      77      33    14.0    18.0
   104.680    32.196    15.362    54.000     0.241      78      33    16.0    18.0
   104.665    32.183    15.362    54.000     0.229      77      33    18.0    18.0
   104.650    32.170    15.362    54.000     0.206      76      33    20.0    18.0
   104.636    32.158    15.362    54.000     0.169      77      31    22.0    18.0
   104.621    32.145    15.362    54.000     0.144      77      29    24.0    18.0
   104.606    32.132    15.362    54.000     0.094      79      30    26.0    18.0
   104.591    32.119    15.362    54.000     0.067      77      29    28.0    18.0
   104.577    32.106    15.362    54.000     0.067      16       2    30.0    18.0
   104.562    32.093    15.362    54.000     0.055      15       2    32.0    18.0
   104.547    32.080    15.362    54.000     0.059      21       2    34.0    18.0
   104.532    32.067    15.362    54.000     0.051      17       3    36.0    18.0
   104.518    32.054    15.362    54.000     0.049      15       4    38.0    18.0
   104.503    32.041    15.362    54.000     0.043      13       3    40.0    18.0
   104.488    32.028    15.362    54.000     0.036      13       3    42.0    18.0
   104.473    32.015    15.362    54.000     0.024      19       4    44.0    18.0
   104.459    32.002    15.362    54.000     0.012      17       3    46.0    18.0
   104.444    31.989    15.362    54.000     0.010      30       4    48.0    18.0
   104.429    31.976    15.362    54.000     0.015      28      27    50.0    18.0
   104.415    31.963    15.362    54.000     0.019      31      25    52.0    18.0
   104.400    31.950    15.362    54.000     0.035      23      26    54.0    18.0
   104.385    31.937    15.362    54.000     0.053      23      28    56.0    18.0
   104.371    31.924    15.362    54.000     0.073      20      31    58.0    18.0
   104.356    31.911    15.362    54.000     0.109      22      29    60.0    18.0
   104.341    31.898    15.362    54.000     0.134      27      18    62.0    18.0
   104.327    31.885    15.362    54.000     0.159      26      21    64.0    18.0
   104.807    32.292    13.744    54.000     0.048      84      34     0.0    16.0
   104.792    32.280    13.744    54.000     0.100      82      34     2.0    16.0
   104.778    32.267    13.744    54.000     0.153      79      35     4.0    16.0
   104.763    32.254    13.744    54.000     0.217      78      34     6.0    16.0
   104.748    32.241    13.744    54.000     0.260      78      34     8.0    16.0
   104.733    32.228    13.744    54.000     0.303      77      33    10.0    16.0
   104.718    32.215    13.744    54.000     0.316      76      33    12.0    16.0
   104.704    32.202    13.744    54.000     0.318      76      33    14.0    16.0
   104.689    32.189    13.744    54.000     0.304      74      33    16.0    16.0
   104.674    32.176    13.744    54.000     0.270      76      34    18.0    16.0
   104.659    32.163    13.744    54.000     0.251      79      33    20.0    16.0
   104.645    32.150    13.744    54.000     0.236      77      33    22.0    16.0
   104.630    32.137    13.744    54.000     0.203      76      33    24.0    16.0
   104.615    32.124    13.744    54.000     0.143      79      34    26.0    16.0
   104.600    32.111    13.744    54.000     0.092      76      34    28.0    16.0
   104.586    32.098    13.744    54.000     0.067      76      25    30.0    16.0
   104.571    32.085    13.744    54.000     0.073      25       1    32.0    16.0
   104.556    32.072    13.744    54.000     0.084      27       2    34.0    16.0
   104.541    32.059    13.744    54.000     0.093      24       2    36.0    16.0
   104.527    32.047    13.744    54.000     0.109      24       2    38.0    16.0
   104.512    32.034    13.744    54.000     0.107      23       2    40.0    16.0
   104.497    32.021    13.744    54.000     0.112      21       2    42.0    16.0
   104.482    32.008    13.744    54.000     0.089      22       2    44.0    16.0
   104.468    31.995    13.744    54.000     0.061      21       2    46.0    16.0
   104.453    31.982    13.744    54.000     0.038      25       3    48.0    16.0
   104.438    31.969    13.744    54.000     0.026      27       2    50.0    16.0
   104.424    31.956    13.744    54.000     0.024      29       3    52.0    16.0
   104.409    31.943    13.744    54.000     0.022      93       9    54.0    16.0
   104.394    31.930    13.744    54.000     0.038      92       9    56.0    16.0
   104.380    31.917    13.744    54.000     0.063      94      12    58.0    16.0
   104.365    31.904    13.744    54.000     0.093      94      13    60.0    16.0
   104.350    31.891    13.744    54.000     0.141      92      13    62.0    16.0
   104.336    31.878    13.744    54.000     0.162      23      21    64.0    16.0
   104.816    32.285    12.126    54.000     0.036      89      35     0.0    14.0
   104.801    32.272    12.126    54.000     0.069      89      35     2.0    14.0
   104.786    32.259    12.126    54.000     0.086      88      35     4.0    14.0
   104.772    32.246    12.126    54.000     0.117      86      35     6.0    14.0
   104.757    32.233    12.126    54.000     0.145      87      35     8.0    14.0
   104.742    32.220    12.126    54.000     0.164      86      35    10.0    14.0
   104.727    32.207    12.126    54.000     0.182      82      34    12.0    14.0
   104.713    32.195    12.126    54.000     0.183      83      34    14.0    14.0
   104.698    32.182    12.126    54.000     0.177      82      35    16.0    14.0
   104.683    32.169    12.126    54.000     0.167      79      34    18.0    14.0
   104.668    32.156    12.126    54.000     0.153      82      35    20.0    14.0
   104.653    32.143    12.126    54.000     0.138      83      35    22.0    14.0
   104.639    32.130    12.126    54.000     0.125      83      35    24.0    14.0
   104.624    32.117    12.126    54.000     0.096      82      35    26.0    14.0
   104.609    32.104    12.126    54.000     0.070      74      27    28.0    14.0
   104.594    32.091    12.126    54.000     0.058      75      30    30.0    14.0
   104.580    32.078    12.126    54.000     0.055      33       1    32.0    14.0
   104.565    32.065    12.126    54.000     0.059      30       1    34.0    14.0
   104.550    32.052    12.126    54.000     0.079      26       2    36.0    14.0
   104.536    32.039    12.126    54.000     0.142      24       2    38.0    14.0
   104.521    32.026    12.126    54.000     0.153      24       2    40.0    14.0
   104.506    32.013    12.126    54.000     0.131      23       2    42.0    14.0
   104.491    32.000    12.126    54.000     0.107      21       2    44.0    14.0
   104.477    31.987    12.126    54.000     0.078      23       2    46.0    14.0
   104.462    31.974    12.126    54.000     0.063      23       2    48.0    14.0
   104.447    31.961    12.126    54.000     0.040      21       3    50.0    14.0
   104.433    31.948    12.126    54.000     0.036      20       3    52.0    14.0
   104.418    31.935    12.126    54.000     0.036      96      14    54.0    14.0
   104.403    31.922    12.126    54.000     0.043      97      14    56.0    14.0
   104.388    31.909    12.126    54.000     0.052      93      14    58.0    14.0
   104.374    31.896    12.126    54.000     0.076      91      14    60.0    14.0
   104.359    31.884    12.126    54.000     0.080      89      16    62.0    14.0
   104.344    31.871    12.126    54.000     0.099      19      15    64.0    14.0
   104.825    32.278    10.508    54.000     0.011      48       1     0.0    12.0
   104.810    32.265    10.508    54.000     0.025      94      35     2.0    12.0
   104.795    32.252    10.508    54.000     0.044      94      35     4.0    12.0
   104.781    32.239    10.508    54.000     0.054      92      36     6.0    12.0
   104.766    32.226    10.508    54.000     0.059      93      35     8.0    12.0
   104.751    32.213    10.508    54.000     0.067      90      35    10.0    12.0
   104.736    32.200    10.508    54.000     0.068      89      35    12.0    12.0
   104.722    32.187    10.508    54.000     0.061      89      35    14.0    12.0
   104.707    32.174    10.508    54.000     0.050      86      35    16.0    12.0
   104.692    32.161    10.508    54.000     0.046      46       1    18.0    12.0
   104.677    32.148    10.508    54.000     0.042      45       1    20.0    12.0
   104.662    32.135    10.508    54.000     0.045      41       1    22.0    12.0
   104.648    32.122    10.508    54.000     0.040      77      20    24.0    12.0
   104.633    32.109    10.508    54.000     0.057      76      26    26.0    12.0
   104.618    32.097    10.508    54.000     0.069      76      27    28.0    12.0
   104.603    32.084    10.508    54.000     0.068      75      28    30.0    12.0
   104.589    32.071    10.508    54.000     0.067      74      28    32.0    12.0
   104.574    32.058    10.508    54.000     0.060      77      34    34.0    12.0
   104.559    32.045    10.508    54.000     0.059      76      34    36.0    12.0
   104.544    32.032    10.508    54.000     0.054      75      34    38.0    12.0
   104.530    32.019    10.508    54.000     0.042      74      34    40.0    12.0
   104.515    32.006    10.508    54.000     0.043      28       1    42.0    12.0
   104.500    31.993    10.508    54.000     0.043      25       2    44.0    12.0
   104.486    31.980    10.508    54.000     0.044      25       2    46.0    12.0
   104.471    31.967    10.508    54.000     0.041      31       1    48.0    12.0
   104.456    31.954    10.508    54.000     0.041      32       1    50.0    12.0
   104.441    31.941    10.508    54.000     0.051      89       8    52.0    12.0
   104.427    31.928    10.508    54.000     0.055      89       8    54.0    12.0
   104.412    31.915    10.508    54.000     0.046      88       9    56.0    12.0
   104.397    31.902    10.508    54.000     0.048      89      12    58.0    12.0
   104.383    31.889    10.508    54.000     0.038      84      15    60.0    12.0
   104.368    31.876    10.508    54.000     0.038      14      11    62.0    12.0
   104.353    31.863    10.508    54.000     0.042      15      13    64.0    12.0
   104.834    32.270     8.890    54.000     0.016      63       2     0.0    10.0
   104.819    32.257     8.890    54.000     0.019      72       2     2.0    10.0
   104.804    32.244     8.890    54.000     0.024      72       2     4.0    10.0
   104.790    32.231     8.890    54.000     0.027      69       2     6.0    10.0
   104.775    32.219     8.890    54.000     0.026      72       2     8.0    10.0
   104.760    32.206     8.890    54.000     0.023      71       2    10.0    10.0
   104.745    32.193     8.890    54.000     0.022      67       2    12.0    10.0
   104.730    32.180     8.890    54.000     0.023      76       3    14.0    10.0
   104.716    32.167     8.890    54.000     0.026      75       4    16.0    10.0
   104.701    32.154     8.890    54.000     0.021      73       4    18.0    10.0
   104.686    32.141     8.890    54.000     0.024      66       9    20.0    10.0
   104.671    32.128     8.890    54.000     0.027      65       7    22.0    10.0
   104.657    32.115     8.890    54.000     0.031      65       7    24.0    10.0
   104.642    32.102     8.890    54.000     0.051      76      22    26.0    10.0
   104.627    32.089     8.890    54.000     0.062      76      26    28.0    10.0
   104.612    32.076     8.890    54.000     0.079      75      26    30.0    10.0
   104.598    32.063     8.890    54.000     0.090      77      27    32.0    10.0
   104.583    32.050     8.890    54.000     0.092      76      28    34.0    10.0
   104.568    32.037     8.890    54.000     0.088      77      31    36.0    10.0
   104.553    32.024     8.890    54.000     0.100      76      33    38.0    10.0
   104.539    32.011     8.890    54.000     0.102      76      33    40.0    10.0
   104.524    31.998     8.890    54.000     0.100      76      33    42.0    10.0
   104.509    31.986     8.890    54.000     0.095      75      33    44.0    10.0
   104.495    31.973     8.890    54.000     0.094      73      33    46.0    10.0
   104.480    31.960     8.890    54.000     0.109      68      32    48.0    10.0
   104.465    31.947     8.890    54.000     0.114      68      33    50.0    10.0
   104.450    31.934     8.890    54.000     0.095      69      33    52.0    10.0
   104.436    31.921     8.890    54.000     0.080      72      33    54.0    10.0
   104.421    31.908     8.890    54.000     0.087      70      33    56.0    10.0
   104.406    31.895     8.890    54.000     0.065      71      32    58.0    10.0
   104.392    31.882     8.890    54.000     0.071      69      32    60.0    10.0
   104.377    31.869     8.890    54.000     0.073      77      11    62.0    10.0
   104.362    31.856     8.890    54.000     0.078      76      11    64.0    10.0
   104.843    32.263     7.272    54.000     0.032      77       2     0.0     8.0
   104.828    32.250     7.272    54.000     0.042      77       2     2.0     8.0
   104.813    32.237     7.272    54.000     0.047      76       2     4.0     8.0
   104.799    32.224     7.272    54.000     0.061      74       2     6.0     8.0
   104.784    32.211     7.272    54.000     0.064      74       2     8.0     8.0
   104.769    32.198     7.272    54.000     0.062      74       2    10.0     8.0
   104.754    32.185     7.272    54.000     0.065      74       2    12.0     8.0
   104.739    32.172     7.272    54.000     0.059      76       2    14.0     8.0
   104.725    32.159     7.272    54.000     0.066      70       4    16.0     8.0
   104.710    32.147     7.272    54.000     0.054      71       5    18.0     8.0
   104.695    32.134     7.272    54.000     0.052      70       5    20.0     8.0
   104.680    32.121     7.272    54.000     0.054      70       6    22.0     8.0
   104.666    32.108     7.272    54.000     0.056      71       7    24.0     8.0
   104.651    32.095     7.272    54.000     0.054      70       8    26.0     8.0
   104.636    32.082     7.272    54.000     0.054      77      23    28.0     8.0
   104.621    32.069     7.272    54.000     0.080      77      26    30.0     8.0
   104.607    32.056     7.272    54.000     0.107      78      28    32.0     8.0
   104.592    32.043     7.272    54.000     0.110      78      28    34.0     8.0
   104.577    32.030     7.272    54.000     0.125      82      27    36.0     8.0
   104.562    32.017     7.272    54.000     0.135      80      29    38.0     8.0
   104.548    32.004     7.272    54.000     0.148      78      30    40.0     8.0
   104.533    31.991     7.272    54.000     0.157      76      33    42.0     8.0
   104.518    31.978     7.272    54.000     0.166      76      33    44.0     8.0
   104.503    31.965     7.272    54.000     0.168      75      33    46.0     8.0
   104.489    31.952     7.272    54.000     0.148      76      31    48.0     8.0
   104.474    31.939     7.272    54.000     0.153      69      30    50.0     8.0
   104.459    31.926     7.272    54.000     0.176      71      31    52.0     8.0
   104.445    31.913     7.272    54.000     0.155      70      28    54.0     8.0
   104.430    31.900     7.272    54.000     0.135      68      28    56.0     8.0
   104.415    31.887     7.272    54.000     0.115      76      15    58.0     8.0
   104.401    31.874     7.272    54.000     0.142      74      15    60.0     8.0
   104.386    31.861     7.272    54.000     0.153      72      15    62.0     8.0
   104.371    31.848     7.272    54.000     0.152      71      15    64.0     8.0
   104.852    32.255     5.654    54.000     0.051      78       2     0.0     6.0
   104.837    32.243     5.654    54.000     0.067      80       2     2.0     6.0
   104.822    32.230     5.654    54.000     0.080      83       2     4.0     6.0
   104.807    32.217     5.654    54.000     0.105      84       2     6.0     6.0
   104.793    32.204     5.654    54.000     0.113      83       2     8.0     6.0
   104.778    32.191     5.654    54.000     0.119      82       2    10.0     6.0
   104.763    32.178     5.654    54.000     0.130      81       2    12.0     6.0
   104.748    32.165     5.654    54.000     0.118      79       2    14.0     6.0
   104.734    32.152     5.654    54.000     0.113      77       2    16.0     6.0
   104.719    32.139     5.654    54.000     0.107      76       2    18.0     6.0
   104.704    32.126     5.654    54.000     0.097      79       3    20.0     6.0
   104.689    32.113     5.654    54.000     0.088      79       3    22.0     6.0
   104.674    32.100     5.654    54.000     0.077      80       4    24.0     6.0
   104.660    32.087     5.654    54.000     0.065      76       4    26.0     6.0
   104.645    32.074     5.654    54.000     0.057      76       4    28.0     6.0
   104.630    32.061     5.654    54.000     0.041      81      18    30.0     6.0
   104.616    32.049     5.654    54.000     0.060      78      24    32.0     6.0
   104.601    32.036     5.654    54.000     0.088      77      26    34.0     6.0
   104.586    32.023     5.654    54.000     0.128      79      29    36.0     6.0
   104.571    32.010     5.654    54.000     0.160      79      30    38.0     6.0
   104.557    31.997     5.654    54.000     0.178      81      28    40.0     6.0
   104.542    31.984     5.654    54.000     0.190      80      26    42.0     6.0
   104.527    31.971     5.654    54.000     0.204      77      21    44.0     6.0
   104.512    31.958     5.654    54.000     0.205      73      26    46.0     6.0
   104.498    31.945     5.654    54.000     0.225      74      27    48.0     6.0
   104.483    31.932     5.654    54.000     0.201      75      28    50.0     6.0
   104.468    31.919     5.654    54.000     0.244      70      23    52.0     6.0
   104.454    31.906     5.654    54.000     0.238      70      23    54.0     6.0
   104.439    31.893     5.654    54.000     0.251      70      23    56.0     6.0
   104.424    31.880     5.654    54.000     0.254      70      23    58.0     6.0
   104.410    31.867     5.654    54.000     0.247      69      21    60.0     6.0
   104.395    31.854     5.654    54.000     0.211      68      23    62.0     6.0
   104.380    31.841     5.654    54.000     0.181      68      18    64.0     6.0
   104.861    32.248     4.036    54.000     0.069      88       2     0.0     4.0
   104.846    32.235     4.036    54.000     0.078      89       1     2.0     4.0
   104.831    32.222     4.036    54.000     0.087      94       1     4.0     4.0
   104.816    32.209     4.036    54.000     0.096      93       1     6.0     4.0
   104.802    32.196     4.036    54.000     0.101      92       1     8.0     4.0
   104.787    32.183     4.036    54.000     0.104      91       1    10.0     4.0
   104.772    32.171     4.036    54.000     0.113      89       2    12.0     4.0
   104.757    32.158     4.036    54.000     0.116      89       2    14.0     4.0
   104.742    32.145     4.036    54.000     0.121      86       2    16.0     4.0
   104.728    32.132     4.036    54.000     0.106      88       2    18.0     4.0
   104.713    32.119     4.036    54.000     0.093      84       2    20.0     4.0
   104.698    32.106     4.036    54.000     0.100      80       2    22.0     4.0
   104.683    32.093     4.036    54.000     0.110      81       2    24.0     4.0
   104.669    32.080     4.036    54.000     0.090      79       2    26.0     4.0
   104.654    32.067     4.036    54.000     0.097      88       2    28.0     4.0
   104.639    32.054     4.036    54.000     0.101      87       3    30.0     4.0
   104.624    32.041     4.036    54.000     0.099      85       3    32.0     4.0
   104.610    32.028     4.036    54.000     0.092      84       4    34.0     4.0
   104.595    32.015     4.036    54.000     0.077      84       5    36.0     4.0
   104.580    32.002     4.036    54.000     0.087      80      10    38.0     4.0
   104.566    31.989     4.036    54.000     0.130      79      15    40.0     4.0
   104.551    31.976     4.036    54.000     0.171      77      16    42.0     4.0
   104.536    31.963     4.036    54.000     0.203      76      18    44.0     4.0
   104.521    31.950     4.036    54.000     0.248      77      19    46.0     4.0
   104.507    31.937     4.036    54.000     0.259      78      21    48.0     4.0
   104.492    31.925     4.036    54.000     0.255      79      23    50.0     4.0
   104.477    31.912     4.036    54.000     0.227      78      25    52.0     4.0
   104.463    31.899     4.036    54.000     0.221      78      27    54.0     4.0
   104.448    31.886     4.036    54.000     0.210      78      29    56.0     4.0
   104.433    31.873     4.036    54.000     0.186      69      26    58.0     4.0
   104.418    31.860     4.036    54.000     0.199      71      28    60.0     4.0
   104.404    31.847     4.036    54.000     0.196      73      29    62.0     4.0
   104.389    31.834     4.036    54.000     0.192      72      30    64.0     4.0
   104.870    32.241     2.418    54.000     0.028     100       1     0.0     2.0
   104.855    32.228     2.418    54.000     0.022      99       1     2.0     2.0
   104.840    32.215     2.418    54.000     0.023      99       1     4.0     2.0
   104.825    32.202     2.418    54.000     0.021     100       1     6.0     2.0
   104.811    32.189     2.418    54.000     0.030     100       1     8.0     2.0
   104.796    32.176     2.418    54.000     0.040     100       1    10.0     2.0
   104.781    32.163     2.418    54.000     0.053      99       1    12.0     2.0
   104.766    32.150     2.418    54.000     0.065     100       1    14.0     2.0
   104.751    32.137     2.418    54.000     0.063      98       1    16.0     2.0
   104.737    32.124     2.418    54.000     0.056     100       1    18.0     2.0
   104.722    32.111     2.418    54.000     0.061     100       1    20.0     2.0
   104.707    32.098     2.418    54.000     0.068     100       1    22.0     2.0
   104.692    32.086     2.418    54.000     0.063      99       2    24.0     2.0
   104.678    32.073     2.418    54.000     0.056     100       2    26.0     2.0
   104.663    32.060     2.418    54.000     0.061      93       2    28.0     2.0
   104.648    32.047     2.418    54.000     0.063      93       2    30.0     2.0
   104.633    32.034     2.418    54.000     0.067      87       2    32.0     2.0
   104.619    32.021     2.418    54.000     0.082      86       2    34.0     2.0
   104.604    32.008     2.418    54.000     0.106      81       3    36.0     2.0
   104.589    31.995     2.418    54.000     0.147      80       3    38.0     2.0
   104.574    31.982     2.418    54.000     0.161      81       3    40.0     2.0
   104.560    31.969     2.418    54.000     0.165      81       4    42.0     2.0
   104.545    31.956     2.418    54.000     0.189      78       9    44.0     2.0
   104.530    31.943     2.418    54.000     0.201      76      13    46.0     2.0
   104.516    31.930     2.418    54.000     0.213      78      16    48.0     2.0
   104.501    31.917     2.418    54.000     0.185      78      18    50.0     2.0
   104.486    31.904     2.418    54.000     0.183      78      22    52.0     2.0
   104.471    31.891     2.418    54.000     0.182      78      24    54.0     2.0
   104.457    31.878     2.418    54.000     0.178      79      26    56.0     2.0
   104.442    31.865     2.418    54.000     0.174      79      28    58.0     2.0
   104.427    31.852     2.418    54.000     0.153      80      30    60.0     2.0
   104.413    31.839     2.418    54.000     0.142      84      31    62.0     2.0
   104.398    31.826     2.418    54.000     0.138      84      32    64.0     2.0
   104.879    32.233     0.800    54.000     0.010      99       1     0.0     0.0
   104.864    32.220     0.800    54.000     0.010     100       1     2.0     0.0
   104.849    32.207     0.800    54.000     0.010     100       1     4.0     0.0
   104.834    32.195     0.800    54.000     0.009     100       2     6.0     0.0
   104.819    32.182     0.800    54.000     0.005      94       2     8.0     0.0
   104.805    32.169     0.800    54.000     0.005      94       2    10.0     0.0
   104.790    32.156     0.800    54.000     0.005      99       2    12.0     0.0
   104.775    32.143     0.800    54.000     0.014     100       1    14.0     0.0
   104.760    32.130     0.800    54.000     0.029     100       1    16.0     0.0
   104.746    32.117     0.800    54.000     0.034      98       1    18.0     0.0
   104.731    32.104     0.800    54.000     0.037      99       1    20.0     0.0
   104.716    32.091     0.800    54.000     0.038     100       1    22.0     0.0
   104.701    32.078     0.800    54.000     0.036     100       2    24.0     0.0
   104.687    32.065     0.800    54.000     0.040      99       2    26.0     0.0
   104.672    32.052     0.800    54.000     0.047      99       2    28.0     0.0
   104.657    32.039     0.800    54.000     0.059      98       9    30.0     0.0
   104.642    32.026     0.800    54.000     0.064      97      10    32.0     0.0
   104.628    32.013     0.800    54.000     0.066      97      13    34.0     0.0
   104.613    32.000     0.800    54.000     0.101      88       2    36.0     0.0
   104.598    31.988     0.800    54.000     0.129      88       2    38.0     0.0
   104.583    31.975     0.800    54.000     0.136      88       2    40.0     0.0
   104.569    31.962     0.800    54.000     0.128      88       2    42.0     0.0
   104.554    31.949     0.800    54.000     0.131      88       4    44.0     0.0
   104.539    31.936     0.800    54.000     0.136      80      10    46.0     0.0
   104.525    31.923     0.800    54.000     0.135      84       9    48.0     0.0
   104.510    31.910     0.800    54.000     0.133      84      10    50.0     0.0
   104.495    31.897     0.800    54.000     0.132      82      20    52.0     0.0
   104.480    31.884     0.800    54.000     0.147      82      25    54.0     0.0
   104.466    31.871     0.800    54.000     0.149      83      28    56.0     0.0
   104.451    31.858     0.800    54.000     0.151      84      30    58.0     0.0
   104.436    31.845     0.800    54.000     0.136      85      31    60.0     0.0
   104.422    31.832     0.800    54.000     0.167       1      11    62.0     0.0
   104.407    31.819     0.800    54.000     0.197       1      13    64.0     0.0
