   104.700    32.381    33.161    54.000     0.004      51       8     0.0    40.0
   104.685    32.368    33.161    54.000     0.004      75       1     2.0    40.0
   104.670    32.355    33.161    54.000     0.004      85       2     4.0    40.0
   104.655    32.342    33.161    54.000     0.005      87       2     6.0    40.0
   104.641    32.329    33.161    54.000     0.006      85       2     8.0    40.0
   104.626    32.316    33.161    54.000     0.007      62       1    10.0    40.0
   104.611    32.303    33.161    54.000     0.012      60       1    12.0    40.0
   104.596    32.290    33.161    54.000     0.012      58       1    14.0    40.0
   104.581    32.278    33.161    54.000     0.009      56       1    16.0    40.0
   104.567    32.265    33.161    54.000     0.012      60       1    18.0    40.0
   104.552    32.252    33.161    54.000     0.013      58       1    20.0    40.0
   104.537    32.239    33.161    54.000     0.014      60       1    22.0    40.0
   104.522    32.226    33.161    54.000     0.015      62       1    24.0    40.0
   104.508    32.213    33.161    54.000     0.012      66       1    26.0    40.0
   104.493    32.200    33.161    54.000     0.014      67       1    28.0    40.0
   104.478    32.187    33.161    54.000     0.011      66       1    30.0    40.0
   104.463    32.174    33.161    54.000     0.010      66       1    32.0    40.0
   104.449    32.161    33.161    54.000     0.009      67       1    34.0    40.0
   104.434    32.148    33.161    54.000     0.006      67       1    36.0    40.0
   104.419    32.135    33.161    54.000     0.007      27      10    38.0    40.0
   104.404    32.122    33.161    54.000     0.010      24      10    40.0    40.0
   104.390    32.109    33.161    54.000     0.017      18       6    42.0    40.0
   104.375    32.096    33.161    54.000     0.020      19       7    44.0    40.0
   104.360    32.083    33.161    54.000     0.022      20       7    46.0    40.0
   104.346    32.070    33.161    54.000     0.020      17       7    48.0    40.0
   104.331    32.057    33.161    54.000     0.022      17       8    50.0    40.0
   104.316    32.044    33.161    54.000     0.025      19      17    52.0    40.0
   104.301    32.031    33.161    54.000     0.027      19      12    54.0    40.0
   104.287    32.018    33.161    54.000     0.033      20      28    56.0    40.0
   104.272    32.005    33.161    54.000     0.035      20      29    58.0    40.0
   104.257    31.992    33.161    54.000     0.042      24      26    60.0    40.0
   104.243    31.979    33.161    54.000     0.043      21      25    62.0    40.0
   104.228    31.966    33.161    54.000     0.040      20      27    64.0    40.0
   104.709    32.374    31.543    54.000     0.010      70       3     0.0    38.0
   104.694    32.361    31.543    54.000     0.021      73       3     2.0    38.0
   104.679    32.348    31.543    54.000     0.024      69       3     4.0    38.0
   104.664    32.335    31.543    54.000     0.021      69       3     6.0    38.0
   104.649    32.322    31.543    54.000     0.016      78       3     8.0    38.0
   104.635    32.309    31.543    54.000     0.022      80       3    10.0    38.0
   104.620    32.296    31.543    54.000     0.028      81       3    12.0    38.0
   104.605    32.283    31.543    54.000     0.023      80       3    14.0    38.0
   104.590    32.270    31.543    54.000     0.021      77       4    16.0    38.0
   104.576    32.257    31.543    54.000     0.025      77       4    18.0    38.0
   104.561    32.244    31.543    54.000     0.031      76       4    20.0    38.0
   104.546    32.231    31.543    54.000     0.025      73       4    22.0    38.0
   104.531    32.218    31.543    54.000     0.023      76       3    24.0    38.0
   104.517    32.205    31.543    54.000     0.018      72       4    26.0    38.0
   104.502    32.192    31.543    54.000     0.013      71       4    28.0    38.0
   104.487    32.179    31.543    54.000     0.006      72       4    30.0    38.0
   104.472    32.166    31.543    54.000     0.004      75       4    32.0    38.0
   104.458    32.154    31.543    54.000     0.006      26       4    34.0    38.0
   104.443    32.141    31.543    54.000     0.010      23       3    36.0    38.0
   104.428    32.128    31.543    54.000     0.014      21       3    38.0    38.0
   104.413    32.115    31.543    54.000     0.013      22       9    40.0    38.0
   104.399    32.102    31.543    54.000     0.022      17       4    42.0    38.0
   104.384    32.089    31.543    54.000     0.021      16       4    44.0    38.0
   104.369    32.076    31.543    54.000     0.022      17       4    46.0    38.0
   104.355    32.063    31.543    54.000     0.023      15       8    48.0    38.0
   104.340    32.050    31.543    54.000     0.027      17       8    50.0    38.0
   104.325    32.037    31.543    54.000     0.027      17      11    52.0    38.0
   104.310    32.024    31.543    54.000     0.032      18      13    54.0    38.0
   104.296    32.011    31.543    54.000     0.031      16      13    56.0    38.0
   104.281    31.998    31.543    54.000     0.032       8       7    58.0    38.0
   104.266    31.985    31.543    54.000     0.045       7       7    60.0    38.0
   104.252    31.972    31.543    54.000     0.047       7       7    62.0    38.0
   104.237    31.959    31.543    54.000     0.045      19      25    64.0    38.0
   104.718    32.366    29.925    54.000     0.036      73       3     0.0    36.0
   104.703    32.353    29.925    54.000     0.038      72       3     2.0    36.0
   104.688    32.340    29.925    54.000     0.038      76       3     4.0    36.0
   104.673    32.328    29.925    54.000     0.043      81       3     6.0    36.0
   104.658    32.315    29.925    54.000     0.053      77       3     8.0    36.0
   104.644    32.302    29.925    54.000     0.077      77       3    10.0    36.0
   104.629    32.289    29.925    54.000     0.074      78       3    12.0    36.0
   104.614    32.276    29.925    54.000     0.066      75       3    14.0    36.0
   104.599    32.263    29.925    54.000     0.071      71       3    16.0    36.0
   104.585    32.250    29.925    54.000     0.080      74       3    18.0    36.0
   104.570    32.237    29.925    54.000     0.075      73       3    20.0    36.0
   104.555    32.224    29.925    54.000     0.063      74       2    22.0    36.0
   104.540    32.211    29.925    54.000     0.041      73       3    24.0    36.0
   104.526    32.198    29.925    54.000     0.021      72       3    26.0    36.0
   104.511    32.185    29.925    54.000     0.010      76       3    28.0    36.0
   104.496    32.172    29.925    54.000     0.008      77       3    30.0    36.0
   104.481    32.159    29.925    54.000     0.009      21       2    32.0    36.0
   104.467    32.146    29.925    54.000     0.013      22       2    34.0    36.0
   104.452    32.133    29.925    54.000     0.018      22       2    36.0    36.0
   104.437    32.120    29.925    54.000     0.020      22       2    38.0    36.0
   104.422    32.107    29.925    54.000     0.020      20       3    40.0    36.0
   104.408    32.094    29.925    54.000     0.016      19       3    42.0    36.0
   104.393    32.081    29.925    54.000     0.017      88       6    44.0    36.0
   104.378    32.068    29.925    54.000     0.013      22      10    46.0    36.0
   104.364    32.055    29.925    54.000     0.020      22       5    48.0    36.0
   104.349    32.042    29.925    54.000     0.024      19       8    50.0    36.0
   104.334    32.029    29.925    54.000     0.023      21      12    52.0    36.0
   104.319    32.016    29.925    54.000     0.027      16       8    54.0    36.0
   104.305    32.003    29.925    54.000     0.024      17      15    56.0    36.0
   104.290    31.990    29.925    54.000     0.036       8       5    58.0    36.0
   104.275    31.977    29.925    54.000     0.038       8       6    60.0    36.0
   104.261    31.964    29.925    54.000     0.039       8       6    62.0    36.0
   104.246    31.951    29.925    54.000     0.041      81      34    64.0    36.0
   104.727    32.359    28.307    54.000     0.059      77       3     0.0    34.0
   104.712    32.346    28.307    54.000     0.065      77       3     2.0    34.0
   104.697    32.333    28.307    54.000     0.072      74       3     4.0    34.0
   104.682    32.320    28.307    54.000     0.080      74       3     6.0    34.0
   104.667    32.307    28.307    54.000     0.103      81       2     8.0    34.0
   104.653    32.294    28.307    54.000     0.125      76       3    10.0    34.0
   104.638    32.281    28.307    54.000     0.136      76       3    12.0    34.0
   104.623    32.268    28.307    54.000     0.148      72       4    14.0    34.0
   104.608    32.255    28.307    54.000     0.162      73       3    16.0    34.0
   104.594    32.242    28.307    54.000     0.158      73       3    18.0    34.0
   104.579    32.230    28.307    54.000     0.124      72       4    20.0    34.0
   104.564    32.217    28.307    54.000     0.067      72       3    22.0    34.0
   104.549    32.204    28.307    54.000     0.033      71       3    24.0    34.0
   104.534    32.191    28.307    54.000     0.019      76       3    26.0    34.0
   104.520    32.178    28.307    54.000     0.011       1      37    28.0    34.0
   104.505    32.165    28.307    54.000     0.014       1      37    30.0    34.0
   104.490    32.152    28.307    54.000     0.017      86       3    32.0    34.0
   104.476    32.139    28.307    54.000     0.020      87       3    34.0    34.0
   104.461    32.126    28.307    54.000     0.020      86       3    36.0    34.0
   104.446    32.113    28.307    54.000     0.017      87       3    38.0    34.0
   104.431    32.100    28.307    54.000     0.014      89       3    40.0    34.0
   104.417    32.087    28.307    54.000     0.012      24      15    42.0    34.0
   104.402    32.074    28.307    54.000     0.015      25      13    44.0    34.0
   104.387    32.061    28.307    54.000     0.019      25      13    46.0    34.0
   104.372    32.048    28.307    54.000     0.021      22      11    48.0    34.0
   104.358    32.035    28.307    54.000     0.027      22      11    50.0    34.0
   104.343    32.022    28.307    54.000     0.029      21      10    52.0    34.0
   104.328    32.009    28.307    54.000     0.033      19       7    54.0    34.0
   104.314    31.996    28.307    54.000     0.038      18       7    56.0    34.0
   104.299    31.983    28.307    54.000     0.048      19       7    58.0    34.0
   104.284    31.970    28.307    54.000     0.048      20       7    60.0    34.0
   104.270    31.957    28.307    54.000     0.056      18       7    62.0    34.0
   104.255    31.944    28.307    54.000     0.044      13       6    64.0    34.0
   104.736    32.352    26.689    54.000     0.085      78       5     0.0    32.0
   104.721    32.339    26.689    54.000     0.085      78       4     2.0    32.0
   104.706    32.326    26.689    54.000     0.084      78       4     4.0    32.0
   104.691    32.313    26.689    54.000     0.082      80       5     6.0    32.0
   104.676    32.300    26.689    54.000     0.086      75       5     8.0    32.0
   104.662    32.287    26.689    54.000     0.100      75       3    10.0    32.0
   104.647    32.274    26.689    54.000     0.109      73       3    12.0    32.0
   104.632    32.261    26.689    54.000     0.121      73       3    14.0    32.0
   104.617    32.248    26.689    54.000     0.114      72       3    16.0    32.0
   104.602    32.235    26.689    54.000     0.082      71       3    18.0    32.0
   104.588    32.222    26.689    54.000     0.042      76       3    20.0    32.0
   104.573    32.209    26.689    54.000     0.035      76       3    22.0    32.0
   104.558    32.196    26.689    54.000     0.029      80       2    24.0    32.0
   104.543    32.183    26.689    54.000     0.021      86       2    26.0    32.0
   104.529    32.170    26.689    54.000     0.023      87       2    28.0    32.0
   104.514    32.157    26.689    54.000     0.037      87       2    30.0    32.0
   104.499    32.144    26.689    54.000     0.034      86       2    32.0    32.0
   104.484    32.131    26.689    54.000     0.024      87       2    34.0    32.0
   104.470    32.118    26.689    54.000     0.019      83       2    36.0    32.0
   104.455    32.105    26.689    54.000     0.014      86       2    38.0    32.0
   104.440    32.093    26.689    54.000     0.010      85       2    40.0    32.0
   104.426    32.080    26.689    54.000     0.009      30       4    42.0    32.0
   104.411    32.067    26.689    54.000     0.008      28       4    44.0    32.0
   104.396    32.054    26.689    54.000     0.010      26      10    46.0    32.0
   104.381    32.041    26.689    54.000     0.011      25       4    48.0    32.0
   104.367    32.028    26.689    54.000     0.013      22       2    50.0    32.0
   104.352    32.015    26.689    54.000     0.020      21       2    52.0    32.0
   104.337    32.002    26.689    54.000     0.025      18       3    54.0    32.0
   104.323    31.989    26.689    54.000     0.030      20       4    56.0    32.0
   104.308    31.976    26.689    54.000     0.033      19       6    58.0    32.0
   104.293    31.963    26.689    54.000     0.040      19       4    60.0    32.0
   104.279    31.950    26.689    54.000     0.042      21       6    62.0    32.0
   104.264    31.937    26.689    54.000     0.049      22       7    64.0    32.0
   104.745    32.344    25.071    54.000     0.044      79       4     0.0    30.0
   104.730    32.331    25.071    54.000     0.041      77       2     2.0    30.0
   104.715    32.318    25.071    54.000     0.040      74       5     4.0    30.0
   104.700    32.305    25.071    54.000     0.042      74       2     6.0    30.0
   104.685    32.292    25.071    54.000     0.046      75       2     8.0    30.0
   104.671    32.279    25.071    54.000     0.045      75       2    10.0    30.0
   104.656    32.267    25.071    54.000     0.038      74       2    12.0    30.0
   104.641    32.254    25.071    54.000     0.033      76       2    14.0    30.0
   104.626    32.241    25.071    54.000     0.026      80       2    16.0    30.0
   104.611    32.228    25.071    54.000     0.027      81       2    18.0    30.0
   104.597    32.215    25.071    54.000     0.025      81       2    20.0    30.0
   104.582    32.202    25.071    54.000     0.020      83       2    22.0    30.0
   104.567    32.189    25.071    54.000     0.016      86       3    24.0    30.0
   104.552    32.176    25.071    54.000     0.016      85       2    26.0    30.0
   104.538    32.163    25.071    54.000     0.018      86       3    28.0    30.0
   104.523    32.150    25.071    54.000     0.016      82       2    30.0    30.0
   104.508    32.137    25.071    54.000     0.016      82       2    32.0    30.0
   104.493    32.124    25.071    54.000     0.012      81       2    34.0    30.0
   104.479    32.111    25.071    54.000     0.008      84       2    36.0    30.0
   104.464    32.098    25.071    54.000     0.005      53      33    38.0    30.0
   104.449    32.085    25.071    54.000     0.006      33       2    40.0    30.0
   104.435    32.072    25.071    54.000     0.006      33       2    42.0    30.0
   104.420    32.059    25.071    54.000     0.005      30       2    44.0    30.0
   104.405    32.046    25.071    54.000     0.005      28       2    46.0    30.0
   104.390    32.033    25.071    54.000     0.005      27       2    48.0    30.0
   104.376    32.020    25.071    54.000     0.009      22       2    50.0    30.0
   104.361    32.007    25.071    54.000     0.013      24       2    52.0    30.0
   104.346    31.994    25.071    54.000     0.017      22       2    54.0    30.0
   104.332    31.981    25.071    54.000     0.021      20       2    56.0    30.0
   104.317    31.968    25.071    54.000     0.025      20       2    58.0    30.0
   104.302    31.955    25.071    54.000     0.028      21       2    60.0    30.0
   104.288    31.942    25.071    54.000     0.025      20       2    62.0    30.0
   104.273    31.929    25.071    54.000     0.027      30       5    64.0    30.0
   104.753    32.337    23.452    54.000     0.009      39      37     0.0    28.0
   104.739    32.324    23.452    54.000     0.011      39      37     2.0    28.0
   104.724    32.311    23.452    54.000     0.010      36      37     4.0    28.0
   104.709    32.298    23.452    54.000     0.009      34      37     6.0    28.0
   104.694    32.285    23.452    54.000     0.009      42      37     8.0    28.0
   104.679    32.272    23.452    54.000     0.009      45      37    10.0    28.0
   104.665    32.259    23.452    54.000     0.008      43      37    12.0    28.0
   104.650    32.246    23.452    54.000     0.008      45      37    14.0    28.0
   104.635    32.233    23.452    54.000     0.014      49      36    16.0    28.0
   104.620    32.220    23.452    54.000     0.016      49      36    18.0    28.0
   104.606    32.207    23.452    54.000     0.019      46      36    20.0    28.0
   104.591    32.194    23.452    54.000     0.017      46      36    22.0    28.0
   104.576    32.181    23.452    54.000     0.019      49      36    24.0    28.0
   104.561    32.169    23.452    54.000     0.025      50      36    26.0    28.0
   104.547    32.156    23.452    54.000     0.027      49      36    28.0    28.0
   104.532    32.143    23.452    54.000     0.026      48      36    30.0    28.0
   104.517    32.130    23.452    54.000     0.022      44      36    32.0    28.0
   104.502    32.117    23.452    54.000     0.025       6       1    34.0    28.0
   104.488    32.104    23.452    54.000     0.026      51      35    36.0    28.0
   104.473    32.091    23.452    54.000     0.023       1       3    38.0    28.0
   104.458    32.078    23.452    54.000     0.020       6       1    40.0    28.0
   104.443    32.065    23.452    54.000     0.018       6       1    42.0    28.0
   104.429    32.052    23.452    54.000     0.015       6       1    44.0    28.0
   104.414    32.039    23.452    54.000     0.013      50      31    46.0    28.0
   104.399    32.026    23.452    54.000     0.012      50      33    48.0    28.0
   104.385    32.013    23.452    54.000     0.013      49      28    50.0    28.0
   104.370    32.000    23.452    54.000     0.023      49      22    52.0    28.0
   104.355    31.987    23.452    54.000     0.035      47      24    54.0    28.0
   104.341    31.974    23.452    54.000     0.044      48      26    56.0    28.0
   104.326    31.961    23.452    54.000     0.041      47      23    58.0    28.0
   104.311    31.948    23.452    54.000     0.037      45      21    60.0    28.0
   104.296    31.935    23.452    54.000     0.026      44      10    62.0    28.0
   104.282    31.922    23.452    54.000     0.022      43       7    64.0    28.0
   104.762    32.329    21.834    54.000     0.004      96       1     0.0    26.0
   104.748    32.316    21.834    54.000     0.005     100       1     2.0    26.0
   104.733    32.304    21.834    54.000     0.007     100       1     4.0    26.0
   104.718    32.291    21.834    54.000     0.005     100       1     6.0    26.0
   104.703    32.278    21.834    54.000     0.005      91       1     8.0    26.0
   104.688    32.265    21.834    54.000     0.005      48      37    10.0    26.0
   104.674    32.252    21.834    54.000     0.006      99       1    12.0    26.0
   104.659    32.239    21.834    54.000     0.006      98       1    14.0    26.0
   104.644    32.226    21.834    54.000     0.008      46      36    16.0    26.0
   104.629    32.213    21.834    54.000     0.015      56      37    18.0    26.0
   104.615    32.200    21.834    54.000     0.019      56      37    20.0    26.0
   104.600    32.187    21.834    54.000     0.022      56      37    22.0    26.0
   104.585    32.174    21.834    54.000     0.033      53      36    24.0    26.0
   104.570    32.161    21.834    54.000     0.047      52      36    26.0    26.0
   104.556    32.148    21.834    54.000     0.048      11       1    28.0    26.0
   104.541    32.135    21.834    54.000     0.064      51      36    30.0    26.0
   104.526    32.122    21.834    54.000     0.069      48      36    32.0    26.0
   104.511    32.109    21.834    54.000     0.073      45      36    34.0    26.0
   104.497    32.096    21.834    54.000     0.068      45      36    36.0    26.0
   104.482    32.083    21.834    54.000     0.076      10       1    38.0    26.0
   104.467    32.070    21.834    54.000     0.066      11       1    40.0    26.0
   104.452    32.057    21.834    54.000     0.059      12       1    42.0    26.0
   104.438    32.044    21.834    54.000     0.054      53      31    44.0    26.0
   104.423    32.032    21.834    54.000     0.058      51      31    46.0    26.0
   104.408    32.019    21.834    54.000     0.067      51      31    48.0    26.0
   104.394    32.006    21.834    54.000     0.056      51      30    50.0    26.0
   104.379    31.993    21.834    54.000     0.071      51      23    52.0    26.0
   104.364    31.980    21.834    54.000     0.072      52      24    54.0    26.0
   104.349    31.967    21.834    54.000     0.092      53      24    56.0    26.0
   104.335    31.954    21.834    54.000     0.110      50      26    58.0    26.0
   104.320    31.941    21.834    54.000     0.097      50      21    60.0    26.0
   104.305    31.928    21.834    54.000     0.061      48      20    62.0    26.0
   104.291    31.915    21.834    54.000     0.044      41      10    64.0    26.0
   104.771    32.322    20.216    54.000     0.007     100       1     0.0    24.0
   104.757    32.309    20.216    54.000     0.008     100       1     2.0    24.0
   104.742    32.296    20.216    54.000     0.006     100       1     4.0    24.0
   104.727    32.283    20.216    54.000     0.006     100       1     6.0    24.0
   104.712    32.270    20.216    54.000     0.007      66      37     8.0    24.0
   104.697    32.257    20.216    54.000     0.013      67      37    10.0    24.0
   104.683    32.244    20.216    54.000     0.019      71      37    12.0    24.0
   104.668    32.231    20.216    54.000     0.029      67      37    14.0    24.0
   104.653    32.219    20.216    54.000     0.027      66      37    16.0    24.0
   104.638    32.206    20.216    54.000     0.032      67      37    18.0    24.0
   104.624    32.193    20.216    54.000     0.027      66      37    20.0    24.0
   104.609    32.180    20.216    54.000     0.028      63      37    22.0    24.0
   104.594    32.167    20.216    54.000     0.039      54      36    24.0    24.0
   104.579    32.154    20.216    54.000     0.048      12       1    26.0    24.0
   104.564    32.141    20.216    54.000     0.055      11       1    28.0    24.0
   104.550    32.128    20.216    54.000     0.060      48      36    30.0    24.0
   104.535    32.115    20.216    54.000     0.067      47      36    32.0    24.0
   104.520    32.102    20.216    54.000     0.075      18       1    34.0    24.0
   104.506    32.089    20.216    54.000     0.080      16       1    36.0    24.0
   104.491    32.076    20.216    54.000     0.080      15       1    38.0    24.0
   104.476    32.063    20.216    54.000     0.076      10       1    40.0    24.0
   104.461    32.050    20.216    54.000     0.093      50      34    42.0    24.0
   104.447    32.037    20.216    54.000     0.095      50      34    44.0    24.0
   104.432    32.024    20.216    54.000     0.095      51      34    46.0    24.0
   104.417    32.011    20.216    54.000     0.087      51      33    48.0    24.0
   104.403    31.998    20.216    54.000     0.079      50      31    50.0    24.0
   104.388    31.985    20.216    54.000     0.090      50      29    52.0    24.0
   104.373    31.972    20.216    54.000     0.092      49      29    54.0    24.0
   104.358    31.959    20.216    54.000     0.105      48      26    56.0    24.0
   104.344    31.946    20.216    54.000     0.116      50      21    58.0    24.0
   104.329    31.933    20.216    54.000     0.154      50      26    60.0    24.0
   104.314    31.920    20.216    54.000     0.136      48      21    62.0    24.0
   104.300    31.907    20.216    54.000     0.094      49      17    64.0    24.0
   104.780    32.315    18.598    54.000     0.010      55      35     0.0    22.0
   104.766    32.302    18.598    54.000     0.015      56      36     2.0    22.0
   104.751    32.289    18.598    54.000     0.017      57      36     4.0    22.0
   104.736    32.276    18.598    54.000     0.016      58      36     6.0    22.0
   104.721    32.263    18.598    54.000     0.015      56      36     8.0    22.0
   104.706    32.250    18.598    54.000     0.022      65      37    10.0    22.0
   104.692    32.237    18.598    54.000     0.036      66      37    12.0    22.0
   104.677    32.224    18.598    54.000     0.040      63      37    14.0    22.0
   104.662    32.211    18.598    54.000     0.043      63      37    16.0    22.0
   104.647    32.198    18.598    54.000     0.043      69      37    18.0    22.0
   104.632    32.185    18.598    54.000     0.043      65      37    20.0    22.0
   104.618    32.172    18.598    54.000     0.040      64      37    22.0    22.0
   104.603    32.159    18.598    54.000     0.042      55      36    24.0    22.0
   104.588    32.146    18.598    54.000     0.049      55      36    26.0    22.0
   104.573    32.133    18.598    54.000     0.051      54      36    28.0    22.0
   104.559    32.120    18.598    54.000     0.045      50      36    30.0    22.0
   104.544    32.108    18.598    54.000     0.048      20       1    32.0    22.0
   104.529    32.095    18.598    54.000     0.049      20       1    34.0    22.0
   104.514    32.082    18.598    54.000     0.046      16       1    36.0    22.0
   104.500    32.069    18.598    54.000     0.045      15       1    38.0    22.0
   104.485    32.056    18.598    54.000     0.040      12       1    40.0    22.0
   104.470    32.043    18.598    54.000     0.034      11       1    42.0    22.0
   104.456    32.030    18.598    54.000     0.036      52      36    44.0    22.0
   104.441    32.017    18.598    54.000     0.047      52      36    46.0    22.0
   104.426    32.004    18.598    54.000     0.048      53      36    48.0    22.0
   104.411    31.991    18.598    54.000     0.044      53      35    50.0    22.0
   104.397    31.978    18.598    54.000     0.036      49      30    52.0    22.0
   104.382    31.965    18.598    54.000     0.044      50      30    54.0    22.0
   104.367    31.952    18.598    54.000     0.053      49      29    56.0    22.0
   104.353    31.939    18.598    54.000     0.064      52      34    58.0    22.0
   104.338    31.926    18.598    54.000     0.068      51      33    60.0    22.0
   104.323    31.913    18.598    54.000     0.073      50      22    62.0    22.0
   104.309    31.900    18.598    54.000     0.076      48      33    64.0    22.0
   104.789    32.307    16.980    54.000     0.008      50      36     0.0    20.0
   104.774    32.294    16.980    54.000     0.012      58      36     2.0    20.0
   104.760    32.281    16.980    54.000     0.024      57      36     4.0    20.0
   104.745    32.268    16.980    54.000     0.026      57      36     6.0    20.0
   104.730    32.256    16.980    54.000     0.027      60      36     8.0    20.0
   104.715    32.243    16.980    54.000     0.036      61      36    10.0    20.0
   104.701    32.230    16.980    54.000     0.046      60      36    12.0    20.0
   104.686    32.217    16.980    54.000     0.060      60      36    14.0    20.0
   104.671    32.204    16.980    54.000     0.058      60      36    16.0    20.0
   104.656    32.191    16.980    54.000     0.059      62      37    18.0    20.0
   104.641    32.178    16.980    54.000     0.062      62      36    20.0    20.0
   104.627    32.165    16.980    54.000     0.055      60      36    22.0    20.0
   104.612    32.152    16.980    54.000     0.042      63      37    24.0    20.0
   104.597    32.139    16.980    54.000     0.036      55      36    26.0    20.0
   104.582    32.126    16.980    54.000     0.033      56      36    28.0    20.0
   104.568    32.113    16.980    54.000     0.027      19       1    30.0    20.0
   104.553    32.100    16.980    54.000     0.025      18       1    32.0    20.0
   104.538    32.087    16.980    54.000     0.022      15       1    34.0    20.0
   104.523    32.074    16.980    54.000     0.021       8       1    36.0    20.0
   104.509    32.061    16.980    54.000     0.026      12       1    38.0    20.0
   104.494    32.048    16.980    54.000     0.026      11       1    40.0    20.0
   104.479    32.035    16.980    54.000     0.019      12       1    42.0    20.0
   104.465    32.022    16.980    54.000     0.019      57      36    44.0    20.0
   104.450    32.009    16.980    54.000     0.021      55      36    46.0    20.0
   104.435    31.996    16.980    54.000     0.022      54      36    48.0    20.0
   104.420    31.983    16.980    54.000     0.026      27       2    50.0    20.0
   104.406    31.970    16.980    54.000     0.037      26       1    52.0    20.0
   104.391    31.958    16.980    54.000     0.037      26       1    54.0    20.0
   104.376    31.945    16.980    54.000     0.052      55      36    56.0    20.0
   104.362    31.932    16.980    54.000     0.072      54      36    58.0    20.0
   104.347    31.919    16.980    54.000     0.074      53      33    60.0    20.0
   104.332    31.906    16.980    54.000     0.091      50      33    62.0    20.0
   104.318    31.893    16.980    54.000     0.099      50      33    64.0    20.0
   104.798    32.300    15.362    54.000     0.020      49      33     0.0    18.0
   104.783    32.287    15.362    54.000     0.017      51      33     2.0    18.0
   104.769    32.274    15.362    54.000     0.013      52      35     4.0    18.0
   104.754    32.261    15.362    54.000     0.011      50      32     6.0    18.0
   104.739    32.248    15.362    54.000     0.016      61      36     8.0    18.0
   104.724    32.235    15.362    54.000     0.023      59      36    10.0    18.0
   104.709    32.222    15.362    54.000     0.026      61      36    12.0    18.0
   104.695    32.209    15.362    54.000     0.034      63      36    14.0    18.0
   104.680    32.196    15.362    54.000     0.044      60      36    16.0    18.0
   104.665    32.183    15.362    54.000     0.042      60      36    18.0    18.0
   104.650    32.170    15.362    54.000     0.040      61      36    20.0    18.0
   104.636    32.158    15.362    54.000     0.040      62      36    22.0    18.0
   104.621    32.145    15.362    54.000     0.047      63      36    24.0    18.0
   104.606    32.132    15.362    54.000     0.026      63      36    26.0    18.0
   104.591    32.119    15.362    54.000     0.021      78      37    28.0    18.0
   104.577    32.106    15.362    54.000     0.023      75      37    30.0    18.0
   104.562    32.093    15.362    54.000     0.025      73      37    32.0    18.0
   104.547    32.080    15.362    54.000     0.022      74      37    34.0    18.0
   104.532    32.067    15.362    54.000     0.021      72      37    36.0    18.0
   104.518    32.054    15.362    54.000     0.014      74      37    38.0    18.0
   104.503    32.041    15.362    54.000     0.013      82      37    40.0    18.0
   104.488    32.028    15.362    54.000     0.014      45       7    42.0    18.0
   104.473    32.015    15.362    54.000     0.015      43       7    44.0    18.0
   104.459    32.002    15.362    54.000     0.021      40       8    46.0    18.0
   104.444    31.989    15.362    54.000     0.021      30       3    48.0    18.0
   104.429    31.976    15.362    54.000     0.031      29       2    50.0    18.0
   104.415    31.963    15.362    54.000     0.040      30       2    52.0    18.0
   104.400    31.950    15.362    54.000     0.044      29       2    54.0    18.0
   104.385    31.937    15.362    54.000     0.052      27       1    56.0    18.0
   104.371    31.924    15.362    54.000     0.058      59      36    58.0    18.0
   104.356    31.911    15.362    54.000     0.047      59      36    60.0    18.0
   104.341    31.898    15.362    54.000     0.067      53      36    62.0    18.0
   104.327    31.885    15.362    54.000     0.076      51      35    64.0    18.0
   104.807    32.292    13.744    54.000     0.012      36      20     0.0    16.0
   104.792    32.280    13.744    54.000     0.012      35      19     2.0    16.0
   104.778    32.267    13.744    54.000     0.015      37       8     4.0    16.0
   104.763    32.254    13.744    54.000     0.014      37       8     6.0    16.0
   104.748    32.241    13.744    54.000     0.011      72      37     8.0    16.0
   104.733    32.228    13.744    54.000     0.014      72      37    10.0    16.0
   104.718    32.215    13.744    54.000     0.015      26      11    12.0    16.0
   104.704    32.202    13.744    54.000     0.022      25      10    14.0    16.0
   104.689    32.189    13.744    54.000     0.022      25       9    16.0    16.0
   104.674    32.176    13.744    54.000     0.023      64      36    18.0    16.0
   104.659    32.163    13.744    54.000     0.022      61      36    20.0    16.0
   104.645    32.150    13.744    54.000     0.020      62      36    22.0    16.0
   104.630    32.137    13.744    54.000     0.018      76      37    24.0    16.0
   104.615    32.124    13.744    54.000     0.015      77      37    26.0    16.0
   104.600    32.111    13.744    54.000     0.020      81      37    28.0    16.0
   104.586    32.098    13.744    54.000     0.029      79      37    30.0    16.0
   104.571    32.085    13.744    54.000     0.031      79      37    32.0    16.0
   104.556    32.072    13.744    54.000     0.030      79      37    34.0    16.0
   104.541    32.059    13.744    54.000     0.024      78      37    36.0    16.0
   104.527    32.047    13.744    54.000     0.022      88      37    38.0    16.0
   104.512    32.034    13.744    54.000     0.022      86      37    40.0    16.0
   104.497    32.021    13.744    54.000     0.016      83      37    42.0    16.0
   104.482    32.008    13.744    54.000     0.014      82      37    44.0    16.0
   104.468    31.995    13.744    54.000     0.010      39       6    46.0    16.0
   104.453    31.982    13.744    54.000     0.009      34       4    48.0    16.0
   104.438    31.969    13.744    54.000     0.011      38       5    50.0    16.0
   104.424    31.956    13.744    54.000     0.012      38       4    52.0    16.0
   104.409    31.943    13.744    54.000     0.011       6      35    54.0    16.0
   104.394    31.930    13.744    54.000     0.013       1      37    56.0    16.0
   104.380    31.917    13.744    54.000     0.018       3      36    58.0    16.0
   104.365    31.904    13.744    54.000     0.017       1      34    60.0    16.0
   104.350    31.891    13.744    54.000     0.026       1      34    62.0    16.0
   104.336    31.878    13.744    54.000     0.028       1      34    64.0    16.0
   104.816    32.285    12.126    54.000     0.020      31      13     0.0    14.0
   104.801    32.272    12.126    54.000     0.020      29      15     2.0    14.0
   104.786    32.259    12.126    54.000     0.020      28      16     4.0    14.0
   104.772    32.246    12.126    54.000     0.020      29      17     6.0    14.0
   104.757    32.233    12.126    54.000     0.024      24      11     8.0    14.0
   104.742    32.220    12.126    54.000     0.018      25      10    10.0    14.0
   104.727    32.207    12.126    54.000     0.013      26       8    12.0    14.0
   104.713    32.195    12.126    54.000     0.009      29       6    14.0    14.0
   104.698    32.182    12.126    54.000     0.006      29       6    16.0    14.0
   104.683    32.169    12.126    54.000     0.006      17      20    18.0    14.0
   104.668    32.156    12.126    54.000     0.006      87      37    20.0    14.0
   104.653    32.143    12.126    54.000     0.008      85      37    22.0    14.0
   104.639    32.130    12.126    54.000     0.010      82      37    24.0    14.0
   104.624    32.117    12.126    54.000     0.012      82      37    26.0    14.0
   104.609    32.104    12.126    54.000     0.015      88      37    28.0    14.0
   104.594    32.091    12.126    54.000     0.015      87      37    30.0    14.0
   104.580    32.078    12.126    54.000     0.019      92      37    32.0    14.0
   104.565    32.065    12.126    54.000     0.015      91      37    34.0    14.0
   104.550    32.052    12.126    54.000     0.017      80      37    36.0    14.0
   104.536    32.039    12.126    54.000     0.016      82      37    38.0    14.0
   104.521    32.026    12.126    54.000     0.013      82      37    40.0    14.0
   104.506    32.013    12.126    54.000     0.025      15      35    42.0    14.0
   104.491    32.000    12.126    54.000     0.029      16      34    44.0    14.0
   104.477    31.987    12.126    54.000     0.025      16      34    46.0    14.0
   104.462    31.974    12.126    54.000     0.019      16      34    48.0    14.0
   104.447    31.961    12.126    54.000     0.011      15      34    50.0    14.0
   104.433    31.948    12.126    54.000     0.013      14      34    52.0    14.0
   104.418    31.935    12.126    54.000     0.016      12      34    54.0    14.0
   104.403    31.922    12.126    54.000     0.016       8      36    56.0    14.0
   104.388    31.909    12.126    54.000     0.016       8      36    58.0    14.0
   104.374    31.896    12.126    54.000     0.013       8      34    60.0    14.0
   104.359    31.884    12.126    54.000     0.018       9      33    62.0    14.0
   104.344    31.871    12.126    54.000     0.025      59      14    64.0    14.0
   104.825    32.278    10.508    54.000     0.039      28      17     0.0    12.0
   104.810    32.265    10.508    54.000     0.041      27      17     2.0    12.0
   104.795    32.252    10.508    54.000     0.039      27      17     4.0    12.0
   104.781    32.239    10.508    54.000     0.041      26      17     6.0    12.0
   104.766    32.226    10.508    54.000     0.025      27      17     8.0    12.0
   104.751    32.213    10.508    54.000     0.020      30      19    10.0    12.0
   104.736    32.200    10.508    54.000     0.019      31      20    12.0    12.0
   104.722    32.187    10.508    54.000     0.010      33      21    14.0    12.0
   104.707    32.174    10.508    54.000     0.006      15      13    16.0    12.0
   104.692    32.161    10.508    54.000     0.007      11      13    18.0    12.0
   104.677    32.148    10.508    54.000     0.008      11      14    20.0    12.0
   104.662    32.135    10.508    54.000     0.006       9      14    22.0    12.0
   104.648    32.122    10.508    54.000     0.008      91      37    24.0    12.0
   104.633    32.109    10.508    54.000     0.008      89      37    26.0    12.0
   104.618    32.097    10.508    54.000     0.008      16      34    28.0    12.0
   104.603    32.084    10.508    54.000     0.010      54       2    30.0    12.0
   104.589    32.071    10.508    54.000     0.009      53       2    32.0    12.0
   104.574    32.058    10.508    54.000     0.017      20      35    34.0    12.0
   104.559    32.045    10.508    54.000     0.019      19      35    36.0    12.0
   104.544    32.032    10.508    54.000     0.019      16      35    38.0    12.0
   104.530    32.019    10.508    54.000     0.029      15      35    40.0    12.0
   104.515    32.006    10.508    54.000     0.025      13      37    42.0    12.0
   104.500    31.993    10.508    54.000     0.025      54       2    44.0    12.0
   104.486    31.980    10.508    54.000     0.024      20      35    46.0    12.0
   104.471    31.967    10.508    54.000     0.026      17      36    48.0    12.0
   104.456    31.954    10.508    54.000     0.028      21      37    50.0    12.0
   104.441    31.941    10.508    54.000     0.033      20      35    52.0    12.0
   104.427    31.928    10.508    54.000     0.036      18      35    54.0    12.0
   104.412    31.915    10.508    54.000     0.033      50       3    56.0    12.0
   104.397    31.902    10.508    54.000     0.038      50       3    58.0    12.0
   104.383    31.889    10.508    54.000     0.046      59       7    60.0    12.0
   104.368    31.876    10.508    54.000     0.054      57       7    62.0    12.0
   104.353    31.863    10.508    54.000     0.057      59       9    64.0    12.0
   104.834    32.270     8.890    54.000     0.049      28      20     0.0    10.0
   104.819    32.257     8.890    54.000     0.056      23      18     2.0    10.0
   104.804    32.244     8.890    54.000     0.056      24      19     4.0    10.0
   104.790    32.231     8.890    54.000     0.052      24      20     6.0    10.0
   104.775    32.219     8.890    54.000     0.042      28      20     8.0    10.0
   104.760    32.206     8.890    54.000     0.037      29      20    10.0    10.0
   104.745    32.193     8.890    54.000     0.032      29      22    12.0    10.0
   104.730    32.180     8.890    54.000     0.030      31      23    14.0    10.0
   104.716    32.167     8.890    54.000     0.021      31      23    16.0    10.0
   104.701    32.154     8.890    54.000     0.013      32      25    18.0    10.0
   104.686    32.141     8.890    54.000     0.009       9      16    20.0    10.0
   104.671    32.128     8.890    54.000     0.009       9      17    22.0    10.0
   104.657    32.115     8.890    54.000     0.009       9      21    24.0    10.0
   104.642    32.102     8.890    54.000     0.008      22      37    26.0    10.0
   104.627    32.089     8.890    54.000     0.007      21      37    28.0    10.0
   104.612    32.076     8.890    54.000     0.007      23      37    30.0    10.0
   104.598    32.063     8.890    54.000     0.012      23      37    32.0    10.0
   104.583    32.050     8.890    54.000     0.010      23      37    34.0    10.0
   104.568    32.037     8.890    54.000     0.011      22      37    36.0    10.0
   104.553    32.024     8.890    54.000     0.015      19      37    38.0    10.0
   104.539    32.011     8.890    54.000     0.019      21      37    40.0    10.0
   104.524    31.998     8.890    54.000     0.018      20      37    42.0    10.0
   104.509    31.986     8.890    54.000     0.021      20      37    44.0    10.0
   104.495    31.973     8.890    54.000     0.026      61       2    46.0    10.0
   104.480    31.960     8.890    54.000     0.044      58       2    48.0    10.0
   104.465    31.947     8.890    54.000     0.057      58       3    50.0    10.0
   104.450    31.934     8.890    54.000     0.066      69       9    52.0    10.0
   104.436    31.921     8.890    54.000     0.089      58       3    54.0    10.0
   104.421    31.908     8.890    54.000     0.106      59       3    56.0    10.0
   104.406    31.895     8.890    54.000     0.113      58       3    58.0    10.0
   104.392    31.882     8.890    54.000     0.129      61      10    60.0    10.0
   104.377    31.869     8.890    54.000     0.134      61      10    62.0    10.0
   104.362    31.856     8.890    54.000     0.130      60      10    64.0    10.0
   104.843    32.263     7.272    54.000     0.031      24      22     0.0     8.0
   104.828    32.250     7.272    54.000     0.029      20      24     2.0     8.0
   104.813    32.237     7.272    54.000     0.031      20      22     4.0     8.0
   104.799    32.224     7.272    54.000     0.026      18      23     6.0     8.0
   104.784    32.211     7.272    54.000     0.016      21      22     8.0     8.0
   104.769    32.198     7.272    54.000     0.010      23      22    10.0     8.0
   104.754    32.185     7.272    54.000     0.007       6      13    12.0     8.0
   104.739    32.172     7.272    54.000     0.010       6      16    14.0     8.0
   104.725    32.159     7.272    54.000     0.012       6      17    16.0     8.0
   104.710    32.147     7.272    54.000     0.011       6      18    18.0     8.0
   104.695    32.134     7.272    54.000     0.008       6      21    20.0     8.0
   104.680    32.121     7.272    54.000     0.010      23      37    22.0     8.0
   104.666    32.108     7.272    54.000     0.013      24      37    24.0     8.0
   104.651    32.095     7.272    54.000     0.015      24      37    26.0     8.0
   104.636    32.082     7.272    54.000     0.015      23      37    28.0     8.0
   104.621    32.069     7.272    54.000     0.015      29      37    30.0     8.0
   104.607    32.056     7.272    54.000     0.016      28      37    32.0     8.0
   104.592    32.043     7.272    54.000     0.014      83      10    34.0     8.0
   104.577    32.030     7.272    54.000     0.020      81      10    36.0     8.0
   104.562    32.017     7.272    54.000     0.033      80      10    38.0     8.0
   104.548    32.004     7.272    54.000     0.037      77      10    40.0     8.0
   104.533    31.991     7.272    54.000     0.049      77      10    42.0     8.0
   104.518    31.978     7.272    54.000     0.064      74      10    44.0     8.0
   104.503    31.965     7.272    54.000     0.081      71       9    46.0     8.0
   104.489    31.952     7.272    54.000     0.104      70       6    48.0     8.0
   104.474    31.939     7.272    54.000     0.134      71       7    50.0     8.0
   104.459    31.926     7.272    54.000     0.123      65       3    52.0     8.0
   104.445    31.913     7.272    54.000     0.167      62       3    54.0     8.0
   104.430    31.900     7.272    54.000     0.155      62       3    56.0     8.0
   104.415    31.887     7.272    54.000     0.145      63       4    58.0     8.0
   104.401    31.874     7.272    54.000     0.147      60       3    60.0     8.0
   104.386    31.861     7.272    54.000     0.118      60       4    62.0     8.0
   104.371    31.848     7.272    54.000     0.103      60       6    64.0     8.0
   104.852    32.255     5.654    54.000     0.007      11      23     0.0     6.0
   104.837    32.243     5.654    54.000     0.007      12      29     2.0     6.0
   104.822    32.230     5.654    54.000     0.005      11      30     4.0     6.0
   104.807    32.217     5.654    54.000     0.005      15      27     6.0     6.0
   104.793    32.204     5.654    54.000     0.005       1       2     8.0     6.0
   104.778    32.191     5.654    54.000     0.006      70       2    10.0     6.0
   104.763    32.178     5.654    54.000     0.010      72       3    12.0     6.0
   104.748    32.165     5.654    54.000     0.011      74       2    14.0     6.0
   104.734    32.152     5.654    54.000     0.015      72       3    16.0     6.0
   104.719    32.139     5.654    54.000     0.012      73       3    18.0     6.0
   104.704    32.126     5.654    54.000     0.012      74       3    20.0     6.0
   104.689    32.113     5.654    54.000     0.015      33      37    22.0     6.0
   104.674    32.100     5.654    54.000     0.016      31      37    24.0     6.0
   104.660    32.087     5.654    54.000     0.024      83       2    26.0     6.0
   104.645    32.074     5.654    54.000     0.022      29      37    28.0     6.0
   104.630    32.061     5.654    54.000     0.023      78       3    30.0     6.0
   104.616    32.049     5.654    54.000     0.031      77       4    32.0     6.0
   104.601    32.036     5.654    54.000     0.040      78       4    34.0     6.0
   104.586    32.023     5.654    54.000     0.043      74       4    36.0     6.0
   104.571    32.010     5.654    54.000     0.057      74       4    38.0     6.0
   104.557    31.997     5.654    54.000     0.079      72       4    40.0     6.0
   104.542    31.984     5.654    54.000     0.111      73       4    42.0     6.0
   104.527    31.971     5.654    54.000     0.104      77       3    44.0     6.0
   104.512    31.958     5.654    54.000     0.110      74       5    46.0     6.0
   104.498    31.945     5.654    54.000     0.123      77       5    48.0     6.0
   104.483    31.932     5.654    54.000     0.138      69       3    50.0     6.0
   104.468    31.919     5.654    54.000     0.158      68       3    52.0     6.0
   104.454    31.906     5.654    54.000     0.150      68       3    54.0     6.0
   104.439    31.893     5.654    54.000     0.146      69       3    56.0     6.0
   104.424    31.880     5.654    54.000     0.115      68       3    58.0     6.0
   104.410    31.867     5.654    54.000     0.114      87      20    60.0     6.0
   104.395    31.854     5.654    54.000     0.152      87      20    62.0     6.0
   104.380    31.841     5.654    54.000     0.173      84      17    64.0     6.0
   104.861    32.248     4.036    54.000     0.018       9      15     0.0     4.0
   104.846    32.235     4.036    54.000     0.015       8      12     2.0     4.0
   104.831    32.222     4.036    54.000     0.016       9      11     4.0     4.0
   104.816    32.209     4.036    54.000     0.012       9       9     6.0     4.0
   104.802    32.196     4.036    54.000     0.010      10       6     8.0     4.0
   104.787    32.183     4.036    54.000     0.014      81       2    10.0     4.0
   104.772    32.171     4.036    54.000     0.017      80       2    12.0     4.0
   104.757    32.158     4.036    54.000     0.019      80       2    14.0     4.0
   104.742    32.145     4.036    54.000     0.020      79       2    16.0     4.0
   104.728    32.132     4.036    54.000     0.023      78       2    18.0     4.0
   104.713    32.119     4.036    54.000     0.024      81       2    20.0     4.0
   104.698    32.106     4.036    54.000     0.020      75       2    22.0     4.0
   104.683    32.093     4.036    54.000     0.023      77       2    24.0     4.0
   104.669    32.080     4.036    54.000     0.031      77       3    26.0     4.0
   104.654    32.067     4.036    54.000     0.026      76       3    28.0     4.0
   104.639    32.054     4.036    54.000     0.026      78       3    30.0     4.0
   104.624    32.041     4.036    54.000     0.026      77       3    32.0     4.0
   104.610    32.028     4.036    54.000     0.025      77       4    34.0     4.0
   104.595    32.015     4.036    54.000     0.027      93       2    36.0     4.0
   104.580    32.002     4.036    54.000     0.036      94       2    38.0     4.0
   104.566    31.989     4.036    54.000     0.043      90       2    40.0     4.0
   104.551    31.976     4.036    54.000     0.054      94       2    42.0     4.0
   104.536    31.963     4.036    54.000     0.071      91       3    44.0     4.0
   104.521    31.950     4.036    54.000     0.103      90       2    46.0     4.0
   104.507    31.937     4.036    54.000     0.121      93       3    48.0     4.0
   104.492    31.925     4.036    54.000     0.153      91       4    50.0     4.0
   104.477    31.912     4.036    54.000     0.167      91       4    52.0     4.0
   104.463    31.899     4.036    54.000     0.203      90       5    54.0     4.0
   104.448    31.886     4.036    54.000     0.215      90       6    56.0     4.0
   104.433    31.873     4.036    54.000     0.248      91       6    58.0     4.0
   104.418    31.860     4.036    54.000     0.278      90       8    60.0     4.0
   104.404    31.847     4.036    54.000     0.298      90      10    62.0     4.0
   104.389    31.834     4.036    54.000     0.331      91      10    64.0     4.0
   104.870    32.241     2.418    54.000     0.020      10      11     0.0     2.0
   104.855    32.228     2.418    54.000     0.018      10      14     2.0     2.0
   104.840    32.215     2.418    54.000     0.016      10      21     4.0     2.0
   104.825    32.202     2.418    54.000     0.012      10      17     6.0     2.0
   104.811    32.189     2.418    54.000     0.014      80       2     8.0     2.0
   104.796    32.176     2.418    54.000     0.013      79       2    10.0     2.0
   104.781    32.163     2.418    54.000     0.011      87       2    12.0     2.0
   104.766    32.150     2.418    54.000     0.010      87       2    14.0     2.0
   104.751    32.137     2.418    54.000     0.010      86       2    16.0     2.0
   104.737    32.124     2.418    54.000     0.010      89       2    18.0     2.0
   104.722    32.111     2.418    54.000     0.010      92       2    20.0     2.0
   104.707    32.098     2.418    54.000     0.015      90       2    22.0     2.0
   104.692    32.086     2.418    54.000     0.021      88       2    24.0     2.0
   104.678    32.073     2.418    54.000     0.023      85       2    26.0     2.0
   104.663    32.060     2.418    54.000     0.020      86       2    28.0     2.0
   104.648    32.047     2.418    54.000     0.019      85       3    30.0     2.0
   104.633    32.034     2.418    54.000     0.017      89       2    32.0     2.0
   104.619    32.021     2.418    54.000     0.013      87       3    34.0     2.0
   104.604    32.008     2.418    54.000     0.015      94       2    36.0     2.0
   104.589    31.995     2.418    54.000     0.023      96       2    38.0     2.0
   104.574    31.982     2.418    54.000     0.027      94       2    40.0     2.0
   104.560    31.969     2.418    54.000     0.023      94       4    42.0     2.0
   104.545    31.956     2.418    54.000     0.028      91       2    44.0     2.0
   104.530    31.943     2.418    54.000     0.032      92       2    46.0     2.0
   104.516    31.930     2.418    54.000     0.049      97       2    48.0     2.0
   104.501    31.917     2.418    54.000     0.070      97       2    50.0     2.0
   104.486    31.904     2.418    54.000     0.092      96       2    52.0     2.0
   104.471    31.891     2.418    54.000     0.119      94       4    54.0     2.0
   104.457    31.878     2.418    54.000     0.155      93       3    56.0     2.0
   104.442    31.865     2.418    54.000     0.185      93       3    58.0     2.0
   104.427    31.852     2.418    54.000     0.235      94       5    60.0     2.0
   104.413    31.839     2.418    54.000     0.292      93       8    62.0     2.0
   104.398    31.826     2.418    54.000     0.341      89       7    64.0     2.0
   104.879    32.233     0.800    54.000     0.017      16       8     0.0     0.0
   104.864    32.220     0.800    54.000     0.014      85       2     2.0     0.0
   104.849    32.207     0.800    54.000     0.014      21       6     4.0     0.0
   104.834    32.195     0.800    54.000     0.018      21       8     6.0     0.0
   104.819    32.182     0.800    54.000     0.017      21       9     8.0     0.0
   104.805    32.169     0.800    54.000     0.015      21      10    10.0     0.0
   104.790    32.156     0.800    54.000     0.013      20      16    12.0     0.0
   104.775    32.143     0.800    54.000     0.011      21      23    14.0     0.0
   104.760    32.130     0.800    54.000     0.008      22      28    16.0     0.0
   104.746    32.117     0.800    54.000     0.008      97       2    18.0     0.0
   104.731    32.104     0.800    54.000     0.009      99       2    20.0     0.0
   104.716    32.091     0.800    54.000     0.011      96       2    22.0     0.0
   104.701    32.078     0.800    54.000     0.013      96       2    24.0     0.0
   104.687    32.065     0.800    54.000     0.012      97       2    26.0     0.0
   104.672    32.052     0.800    54.000     0.010      95       2    28.0     0.0
   104.657    32.039     0.800    54.000     0.009      79      36    30.0     0.0
   104.642    32.026     0.800    54.000     0.016      20       2    32.0     0.0
   104.628    32.013     0.800    54.000     0.015      21       3    34.0     0.0
   104.613    32.000     0.800    54.000     0.014      20       3    36.0     0.0
   104.598    31.988     0.800    54.000     0.009      73      37    38.0     0.0
   104.583    31.975     0.800    54.000     0.013      80      36    40.0     0.0
   104.569    31.962     0.800    54.000     0.013     100       2    42.0     0.0
   104.554    31.949     0.800    54.000     0.018     100       2    44.0     0.0
   104.539    31.936     0.800    54.000     0.027     100       2    46.0     0.0
   104.525    31.923     0.800    54.000     0.038     100       2    48.0     0.0
   104.510    31.910     0.800    54.000     0.051      99       2    50.0     0.0
   104.495    31.897     0.800    54.000     0.059     100       2    52.0     0.0
   104.480    31.884     0.800    54.000     0.063      99       2    54.0     0.0
   104.466    31.871     0.800    54.000     0.076     100      10    56.0     0.0
   104.451    31.858     0.800    54.000     0.121      97      11    58.0     0.0
   104.436    31.845     0.800    54.000     0.163      99      11    60.0     0.0
   104.422    31.832     0.800    54.000     0.184      98      13    62.0     0.0
   104.407    31.819     0.800    54.000     0.235      99      14    64.0     0.0
