   104.700    32.381    33.161    54.000     0.016      75       1     0.0    40.0
   104.685    32.368    33.161    54.000     0.010      74       1     2.0    40.0
   104.670    32.355    33.161    54.000     0.011      87       2     4.0    40.0
   104.655    32.342    33.161    54.000     0.011      87       2     6.0    40.0
   104.641    32.329    33.161    54.000     0.009      87       2     8.0    40.0
   104.626    32.316    33.161    54.000     0.007      88       2    10.0    40.0
   104.611    32.303    33.161    54.000     0.004      91       1    12.0    40.0
   104.596    32.290    33.161    54.000     0.004      31      12    14.0    40.0
   104.581    32.278    33.161    54.000     0.004      30      10    16.0    40.0
   104.567    32.265    33.161    54.000     0.003      39      11    18.0    40.0
   104.552    32.252    33.161    54.000     0.004      39      12    20.0    40.0
   104.537    32.239    33.161    54.000     0.005      39      11    22.0    40.0
   104.522    32.226    33.161    54.000     0.008      49      12    24.0    40.0
   104.508    32.213    33.161    54.000     0.007      47       8    26.0    40.0
   104.493    32.200    33.161    54.000     0.005      51      14    28.0    40.0
   104.478    32.187    33.161    54.000     0.004      48      12    30.0    40.0
   104.463    32.174    33.161    54.000     0.002      47      11    32.0    40.0
   104.449    32.161    33.161    54.000     0.001      45      13    34.0    40.0
   104.434    32.148    33.161    54.000     0.001      23       1    36.0    40.0
   104.419    32.135    33.161    54.000     0.001      23       1    38.0    40.0
   104.404    32.122    33.161    54.000     0.001      13       1    40.0    40.0
   104.390    32.109    33.161    54.000     0.002      15       1    42.0    40.0
   104.375    32.096    33.161    54.000     0.002      15       1    44.0    40.0
   104.360    32.083    33.161    54.000     0.002      16       1    46.0    40.0
   104.346    32.070    33.161    54.000     0.002       1      22    48.0    40.0
   104.331    32.057    33.161    54.000     0.002      63      10    50.0    40.0
   104.316    32.044    33.161    54.000     0.002       4      21    52.0    40.0
   104.301    32.031    33.161    54.000     0.004      67       5    54.0    40.0
   104.287    32.018    33.161    54.000     0.004      64       5    56.0    40.0
   104.272    32.005    33.161    54.000     0.004       1      20    58.0    40.0
   104.257    31.992    33.161    54.000     0.004      72       1    60.0    40.0
   104.243    31.979    33.161    54.000     0.005      71       1    62.0    40.0
   104.228    31.966    33.161    54.000     0.007      70       1    64.0    40.0
   104.709    32.374    31.543    54.000     0.018      80       1     0.0    38.0
   104.694    32.361    31.543    54.000     0.019      78       1     2.0    38.0
   104.679    32.348    31.543    54.000     0.016      76       1     4.0    38.0
   104.664    32.335    31.543    54.000     0.008      75       1     6.0    38.0
   104.649    32.322    31.543    54.000     0.004      23      24     8.0    38.0
   104.635    32.309    31.543    54.000     0.003      87       2    10.0    38.0
   104.620    32.296    31.543    54.000     0.002      86       2    12.0    38.0
   104.605    32.283    31.543    54.000     0.002      16      37    14.0    38.0
   104.590    32.270    31.543    54.000     0.003      17      37    16.0    38.0
   104.576    32.257    31.543    54.000     0.002      13      37    18.0    38.0
   104.561    32.244    31.543    54.000     0.003      46       9    20.0    38.0
   104.546    32.231    31.543    54.000     0.005      53       6    22.0    38.0
   104.531    32.218    31.543    54.000     0.006      53       7    24.0    38.0
   104.517    32.205    31.543    54.000     0.011      52       9    26.0    38.0
   104.502    32.192    31.543    54.000     0.007      53      12    28.0    38.0
   104.487    32.179    31.543    54.000     0.007      54      10    30.0    38.0
   104.472    32.166    31.543    54.000     0.006      51      11    32.0    38.0
   104.458    32.154    31.543    54.000     0.004      52      10    34.0    38.0
   104.443    32.141    31.543    54.000     0.003      86      36    36.0    38.0
   104.428    32.128    31.543    54.000     0.001      86      36    38.0    38.0
   104.413    32.115    31.543    54.000     0.002       1      21    40.0    38.0
   104.399    32.102    31.543    54.000     0.001      53      33    42.0    38.0
   104.384    32.089    31.543    54.000     0.001       5      20    44.0    38.0
   104.369    32.076    31.543    54.000     0.001       2      24    46.0    38.0
   104.355    32.063    31.543    54.000     0.002       3      22    48.0    38.0
   104.340    32.050    31.543    54.000     0.003       2      21    50.0    38.0
   104.325    32.037    31.543    54.000     0.003       5      21    52.0    38.0
   104.310    32.024    31.543    54.000     0.003       2      19    54.0    38.0
   104.296    32.011    31.543    54.000     0.004       1      20    56.0    38.0
   104.281    31.998    31.543    54.000     0.004       1      21    58.0    38.0
   104.266    31.985    31.543    54.000     0.005       3      18    60.0    38.0
   104.252    31.972    31.543    54.000     0.003       2      18    62.0    38.0
   104.237    31.959    31.543    54.000     0.002       3      23    64.0    38.0
   104.718    32.366    29.925    54.000     0.015      83       1     0.0    36.0
   104.703    32.353    29.925    54.000     0.016      82       1     2.0    36.0
   104.688    32.340    29.925    54.000     0.012      84       1     4.0    36.0
   104.673    32.328    29.925    54.000     0.011      84       1     6.0    36.0
   104.658    32.315    29.925    54.000     0.007      84       1     8.0    36.0
   104.644    32.302    29.925    54.000     0.005      83       1    10.0    36.0
   104.629    32.289    29.925    54.000     0.004      27      37    12.0    36.0
   104.614    32.276    29.925    54.000     0.004      25      37    14.0    36.0
   104.599    32.263    29.925    54.000     0.004      23      36    16.0    36.0
   104.585    32.250    29.925    54.000     0.002      56       1    18.0    36.0
   104.570    32.237    29.925    54.000     0.003      51       1    20.0    36.0
   104.555    32.224    29.925    54.000     0.006      53       1    22.0    36.0
   104.540    32.211    29.925    54.000     0.006      54       1    24.0    36.0
   104.526    32.198    29.925    54.000     0.006      53       1    26.0    36.0
   104.511    32.185    29.925    54.000     0.009      60       1    28.0    36.0
   104.496    32.172    29.925    54.000     0.011      59       1    30.0    36.0
   104.481    32.159    29.925    54.000     0.007      56       1    32.0    36.0
   104.467    32.146    29.925    54.000     0.006      93      36    34.0    36.0
   104.452    32.133    29.925    54.000     0.003      94      36    36.0    36.0
   104.437    32.120    29.925    54.000     0.002       9       3    38.0    36.0
   104.422    32.107    29.925    54.000     0.002      11       3    40.0    36.0
   104.408    32.094    29.925    54.000     0.001       1      17    42.0    36.0
   104.393    32.081    29.925    54.000     0.001       1      16    44.0    36.0
   104.378    32.068    29.925    54.000     0.001       3      22    46.0    36.0
   104.364    32.055    29.925    54.000     0.001       9      20    48.0    36.0
   104.349    32.042    29.925    54.000     0.002      82       1    50.0    36.0
   104.334    32.029    29.925    54.000     0.002      76       6    52.0    36.0
   104.319    32.016    29.925    54.000     0.002       5      20    54.0    36.0
   104.305    32.003    29.925    54.000     0.002       4      19    56.0    36.0
   104.290    31.990    29.925    54.000     0.002       5      17    58.0    36.0
   104.275    31.977    29.925    54.000     0.003       4      17    60.0    36.0
   104.261    31.964    29.925    54.000     0.002      83       1    62.0    36.0
   104.246    31.951    29.925    54.000     0.003      93       3    64.0    36.0
   104.727    32.359    28.307    54.000     0.006      94      11     0.0    34.0
   104.712    32.346    28.307    54.000     0.006      22      34     2.0    34.0
   104.697    32.333    28.307    54.000     0.006      24      34     4.0    34.0
   104.682    32.320    28.307    54.000     0.008      26      34     6.0    34.0
   104.667    32.307    28.307    54.000     0.006      26      34     8.0    34.0
   104.653    32.294    28.307    54.000     0.005      25      34    10.0    34.0
   104.638    32.281    28.307    54.000     0.005      25      35    12.0    34.0
   104.623    32.268    28.307    54.000     0.006      26      35    14.0    34.0
   104.608    32.255    28.307    54.000     0.007      23      35    16.0    34.0
   104.594    32.242    28.307    54.000     0.006      23      35    18.0    34.0
   104.579    32.230    28.307    54.000     0.007      58       1    20.0    34.0
   104.564    32.217    28.307    54.000     0.008      60       1    22.0    34.0
   104.549    32.204    28.307    54.000     0.009      60       1    24.0    34.0
   104.534    32.191    28.307    54.000     0.013      58       1    26.0    34.0
   104.520    32.178    28.307    54.000     0.013      59       1    28.0    34.0
   104.505    32.165    28.307    54.000     0.013      58       1    30.0    34.0
   104.490    32.152    28.307    54.000     0.012      63       1    32.0    34.0
   104.476    32.139    28.307    54.000     0.008      62       1    34.0    34.0
   104.461    32.126    28.307    54.000     0.011      89      36    36.0    34.0
   104.446    32.113    28.307    54.000     0.004      87      36    38.0    34.0
   104.431    32.100    28.307    54.000     0.002      92      36    40.0    34.0
   104.417    32.087    28.307    54.000     0.002      93      36    42.0    34.0
   104.402    32.074    28.307    54.000     0.002      34       1    44.0    34.0
   104.387    32.061    28.307    54.000     0.002      36       1    46.0    34.0
   104.372    32.048    28.307    54.000     0.003      37       1    48.0    34.0
   104.358    32.035    28.307    54.000     0.002      88       5    50.0    34.0
   104.343    32.022    28.307    54.000     0.004      85       5    52.0    34.0
   104.328    32.009    28.307    54.000     0.005      87       2    54.0    34.0
   104.314    31.996    28.307    54.000     0.005      95       3    56.0    34.0
   104.299    31.983    28.307    54.000     0.009      99       4    58.0    34.0
   104.284    31.970    28.307    54.000     0.010      97       4    60.0    34.0
   104.270    31.957    28.307    54.000     0.011      98       4    62.0    34.0
   104.255    31.944    28.307    54.000     0.015      97       4    64.0    34.0
   104.736    32.352    26.689    54.000     0.002      26      34     0.0    32.0
   104.721    32.339    26.689    54.000     0.003      28      34     2.0    32.0
   104.706    32.326    26.689    54.000     0.003      25      34     4.0    32.0
   104.691    32.313    26.689    54.000     0.004      61       1     6.0    32.0
   104.676    32.300    26.689    54.000     0.006      59       1     8.0    32.0
   104.662    32.287    26.689    54.000     0.006      59       1    10.0    32.0
   104.647    32.274    26.689    54.000     0.007      63       1    12.0    32.0
   104.632    32.261    26.689    54.000     0.007      63       1    14.0    32.0
   104.617    32.248    26.689    54.000     0.006      24      36    16.0    32.0
   104.602    32.235    26.689    54.000     0.009      25      34    18.0    32.0
   104.588    32.222    26.689    54.000     0.008      27      34    20.0    32.0
   104.573    32.209    26.689    54.000     0.009      29      35    22.0    32.0
   104.558    32.196    26.689    54.000     0.010      28      34    24.0    32.0
   104.543    32.183    26.689    54.000     0.009      28      34    26.0    32.0
   104.529    32.170    26.689    54.000     0.008      24      36    28.0    32.0
   104.514    32.157    26.689    54.000     0.011      65       1    30.0    32.0
   104.499    32.144    26.689    54.000     0.015      67       1    32.0    32.0
   104.484    32.131    26.689    54.000     0.013      68       1    34.0    32.0
   104.470    32.118    26.689    54.000     0.010      66       1    36.0    32.0
   104.455    32.105    26.689    54.000     0.005      64       1    38.0    32.0
   104.440    32.093    26.689    54.000     0.004      63       1    40.0    32.0
   104.426    32.080    26.689    54.000     0.002      75       1    42.0    32.0
   104.411    32.067    26.689    54.000     0.001      76       1    44.0    32.0
   104.396    32.054    26.689    54.000     0.001       2      37    46.0    32.0
   104.381    32.041    26.689    54.000     0.002      95       4    48.0    32.0
   104.367    32.028    26.689    54.000     0.004      94       4    50.0    32.0
   104.352    32.015    26.689    54.000     0.006      94       4    52.0    32.0
   104.337    32.002    26.689    54.000     0.008      95       4    54.0    32.0
   104.323    31.989    26.689    54.000     0.010      96       4    56.0    32.0
   104.308    31.976    26.689    54.000     0.011      96       4    58.0    32.0
   104.293    31.963    26.689    54.000     0.010      99       3    60.0    32.0
   104.279    31.950    26.689    54.000     0.009     100       5    62.0    32.0
   104.264    31.937    26.689    54.000     0.007     100       3    64.0    32.0
   104.745    32.344    25.071    54.000     0.002      56       1     0.0    30.0
   104.730    32.331    25.071    54.000     0.002      95      37     2.0    30.0
   104.715    32.318    25.071    54.000     0.002      30      33     4.0    30.0
   104.700    32.305    25.071    54.000     0.002      29      35     6.0    30.0
   104.685    32.292    25.071    54.000     0.002      61       1     8.0    30.0
   104.671    32.279    25.071    54.000     0.002      61       1    10.0    30.0
   104.656    32.267    25.071    54.000     0.003      62       1    12.0    30.0
   104.641    32.254    25.071    54.000     0.004      62       1    14.0    30.0
   104.626    32.241    25.071    54.000     0.003       5       8    16.0    30.0
   104.611    32.228    25.071    54.000     0.002       3       6    18.0    30.0
   104.597    32.215    25.071    54.000     0.005      35      35    20.0    30.0
   104.582    32.202    25.071    54.000     0.005      35      35    22.0    30.0
   104.567    32.189    25.071    54.000     0.008      25      33    24.0    30.0
   104.552    32.176    25.071    54.000     0.009      23      33    26.0    30.0
   104.538    32.163    25.071    54.000     0.008      27      36    28.0    30.0
   104.523    32.150    25.071    54.000     0.008      26      36    30.0    30.0
   104.508    32.137    25.071    54.000     0.010      25      33    32.0    30.0
   104.493    32.124    25.071    54.000     0.010      27      33    34.0    30.0
   104.479    32.111    25.071    54.000     0.010      26      33    36.0    30.0
   104.464    32.098    25.071    54.000     0.007      26      33    38.0    30.0
   104.449    32.085    25.071    54.000     0.003      28      33    40.0    30.0
   104.435    32.072    25.071    54.000     0.002      24      30    42.0    30.0
   104.420    32.059    25.071    54.000     0.001      27      31    44.0    30.0
   104.405    32.046    25.071    54.000     0.001      31      32    46.0    30.0
   104.390    32.033    25.071    54.000     0.002      41      15    48.0    30.0
   104.376    32.020    25.071    54.000     0.002       9      36    50.0    30.0
   104.361    32.007    25.071    54.000     0.003       8      36    52.0    30.0
   104.346    31.994    25.071    54.000     0.002       7      36    54.0    30.0
   104.332    31.981    25.071    54.000     0.003      31      17    56.0    30.0
   104.317    31.968    25.071    54.000     0.003      32      14    58.0    30.0
   104.302    31.955    25.071    54.000     0.003      25       2    60.0    30.0
   104.288    31.942    25.071    54.000     0.003      26       2    62.0    30.0
   104.273    31.929    25.071    54.000     0.003      35       1    64.0    30.0
   104.753    32.337    23.452    54.000     0.005      93      37     0.0    28.0
   104.739    32.324    23.452    54.000     0.004      92      37     2.0    28.0
   104.724    32.311    23.452    54.000     0.004      92      37     4.0    28.0
   104.709    32.298    23.452    54.000     0.005      97      37     6.0    28.0
   104.694    32.285    23.452    54.000     0.005      95      37     8.0    28.0
   104.679    32.272    23.452    54.000     0.003      93      37    10.0    28.0
   104.665    32.259    23.452    54.000     0.002       8       7    12.0    28.0
   104.650    32.246    23.452    54.000     0.003       7       7    14.0    28.0
   104.635    32.233    23.452    54.000     0.002       7       9    16.0    28.0
   104.620    32.220    23.452    54.000     0.002       5       7    18.0    28.0
   104.606    32.207    23.452    54.000     0.003      40      35    20.0    28.0
   104.591    32.194    23.452    54.000     0.003      38      35    22.0    28.0
   104.576    32.181    23.452    54.000     0.003      40      35    24.0    28.0
   104.561    32.169    23.452    54.000     0.003      39      35    26.0    28.0
   104.547    32.156    23.452    54.000     0.003      33      33    28.0    28.0
   104.532    32.143    23.452    54.000     0.004      32      33    30.0    28.0
   104.517    32.130    23.452    54.000     0.003      30      33    32.0    28.0
   104.502    32.117    23.452    54.000     0.006      21      34    34.0    28.0
   104.488    32.104    23.452    54.000     0.008      25      33    36.0    28.0
   104.473    32.091    23.452    54.000     0.007      24      33    38.0    28.0
   104.458    32.078    23.452    54.000     0.008      27      33    40.0    28.0
   104.443    32.065    23.452    54.000     0.006      27      33    42.0    28.0
   104.429    32.052    23.452    54.000     0.003      31      33    44.0    28.0
   104.414    32.039    23.452    54.000     0.002      32      33    46.0    28.0
   104.399    32.026    23.452    54.000     0.002      34      33    48.0    28.0
   104.385    32.013    23.452    54.000     0.004      43      18    50.0    28.0
   104.370    32.000    23.452    54.000     0.005      41      18    52.0    28.0
   104.355    31.987    23.452    54.000     0.004      43      16    54.0    28.0
   104.341    31.974    23.452    54.000     0.004      43      16    56.0    28.0
   104.326    31.961    23.452    54.000     0.006      25       2    58.0    28.0
   104.311    31.948    23.452    54.000     0.005      26       2    60.0    28.0
   104.296    31.935    23.452    54.000     0.005      29       2    62.0    28.0
   104.282    31.922    23.452    54.000     0.006      29       2    64.0    28.0
   104.762    32.329    21.834    54.000     0.002      76      30     0.0    26.0
   104.748    32.316    21.834    54.000     0.002      90      37     2.0    26.0
   104.733    32.304    21.834    54.000     0.002      93      37     4.0    26.0
   104.718    32.291    21.834    54.000     0.002      91      37     6.0    26.0
   104.703    32.278    21.834    54.000     0.002      93      37     8.0    26.0
   104.688    32.265    21.834    54.000     0.001      43      27    10.0    26.0
   104.674    32.252    21.834    54.000     0.001      45      29    12.0    26.0
   104.659    32.239    21.834    54.000     0.001      45      28    14.0    26.0
   104.644    32.226    21.834    54.000     0.002      43      34    16.0    26.0
   104.629    32.213    21.834    54.000     0.003      43      35    18.0    26.0
   104.615    32.200    21.834    54.000     0.004      44      35    20.0    26.0
   104.600    32.187    21.834    54.000     0.003      46      35    22.0    26.0
   104.585    32.174    21.834    54.000     0.005      45      35    24.0    26.0
   104.570    32.161    21.834    54.000     0.004      45      35    26.0    26.0
   104.556    32.148    21.834    54.000     0.002      38      36    28.0    26.0
   104.541    32.135    21.834    54.000     0.002      35      36    30.0    26.0
   104.526    32.122    21.834    54.000     0.002      39      36    32.0    26.0
   104.511    32.109    21.834    54.000     0.003      24      29    34.0    26.0
   104.497    32.096    21.834    54.000     0.004      23      33    36.0    26.0
   104.482    32.083    21.834    54.000     0.005      30      32    38.0    26.0
   104.467    32.070    21.834    54.000     0.007      30      30    40.0    26.0
   104.452    32.057    21.834    54.000     0.009      30      32    42.0    26.0
   104.438    32.044    21.834    54.000     0.005      29      32    44.0    26.0
   104.423    32.032    21.834    54.000     0.004      32      31    46.0    26.0
   104.408    32.019    21.834    54.000     0.002      32      33    48.0    26.0
   104.394    32.006    21.834    54.000     0.002      47      16    50.0    26.0
   104.379    31.993    21.834    54.000     0.003      48      17    52.0    26.0
   104.364    31.980    21.834    54.000     0.004      48      16    54.0    26.0
   104.349    31.967    21.834    54.000     0.003      45      16    56.0    26.0
   104.335    31.954    21.834    54.000     0.003      32       2    58.0    26.0
   104.320    31.941    21.834    54.000     0.005      29       2    60.0    26.0
   104.305    31.928    21.834    54.000     0.006      28       2    62.0    26.0
   104.291    31.915    21.834    54.000     0.006      28       2    64.0    26.0
   104.771    32.322    20.216    54.000     0.002      77      31     0.0    24.0
   104.757    32.309    20.216    54.000     0.002      77      30     2.0    24.0
   104.742    32.296    20.216    54.000     0.001      79      32     4.0    24.0
   104.727    32.283    20.216    54.000     0.000      47       1     6.0    24.0
   104.712    32.270    20.216    54.000     0.001      63      31     8.0    24.0
   104.697    32.257    20.216    54.000     0.001      64      28    10.0    24.0
   104.683    32.244    20.216    54.000     0.001      62      32    12.0    24.0
   104.668    32.231    20.216    54.000     0.001      61      32    14.0    24.0
   104.653    32.219    20.216    54.000     0.001      45      35    16.0    24.0
   104.638    32.206    20.216    54.000     0.002      46      35    18.0    24.0
   104.624    32.193    20.216    54.000     0.002      45      35    20.0    24.0
   104.609    32.180    20.216    54.000     0.002      45      36    22.0    24.0
   104.594    32.167    20.216    54.000     0.003      49      35    24.0    24.0
   104.579    32.154    20.216    54.000     0.003      49      35    26.0    24.0
   104.564    32.141    20.216    54.000     0.003     100       4    28.0    24.0
   104.550    32.128    20.216    54.000     0.004      99       2    30.0    24.0
   104.535    32.115    20.216    54.000     0.004      97       2    32.0    24.0
   104.520    32.102    20.216    54.000     0.003      95       2    34.0    24.0
   104.506    32.089    20.216    54.000     0.003      95       1    36.0    24.0
   104.491    32.076    20.216    54.000     0.002      30      29    38.0    24.0
   104.476    32.063    20.216    54.000     0.004      30      29    40.0    24.0
   104.461    32.050    20.216    54.000     0.005      33      31    42.0    24.0
   104.447    32.037    20.216    54.000     0.004      32      31    44.0    24.0
   104.432    32.024    20.216    54.000     0.004      31      31    46.0    24.0
   104.417    32.011    20.216    54.000     0.003      30      32    48.0    24.0
   104.403    31.998    20.216    54.000     0.002      29      31    50.0    24.0
   104.388    31.985    20.216    54.000     0.002      47      26    52.0    24.0
   104.373    31.972    20.216    54.000     0.002      48      17    54.0    24.0
   104.358    31.959    20.216    54.000     0.002      48      24    56.0    24.0
   104.344    31.946    20.216    54.000     0.002      36       2    58.0    24.0
   104.329    31.933    20.216    54.000     0.003      31       2    60.0    24.0
   104.314    31.920    20.216    54.000     0.005      31       2    62.0    24.0
   104.300    31.907    20.216    54.000     0.004      34       2    64.0    24.0
   104.780    32.315    18.598    54.000     0.001      81      37     0.0    22.0
   104.766    32.302    18.598    54.000     0.001      77      37     2.0    22.0
   104.751    32.289    18.598    54.000     0.002      76      37     4.0    22.0
   104.736    32.276    18.598    54.000     0.002      80      37     6.0    22.0
   104.721    32.263    18.598    54.000     0.002      80      37     8.0    22.0
   104.706    32.250    18.598    54.000     0.001      68      30    10.0    22.0
   104.692    32.237    18.598    54.000     0.001      65      31    12.0    22.0
   104.677    32.224    18.598    54.000     0.001      66      32    14.0    22.0
   104.662    32.211    18.598    54.000     0.001     100       2    16.0    22.0
   104.647    32.198    18.598    54.000     0.001     100       2    18.0    22.0
   104.632    32.185    18.598    54.000     0.002      58      33    20.0    22.0
   104.618    32.172    18.598    54.000     0.002      59      33    22.0    22.0
   104.603    32.159    18.598    54.000     0.002      59      34    24.0    22.0
   104.588    32.146    18.598    54.000     0.002     100       2    26.0    22.0
   104.573    32.133    18.598    54.000     0.003     100       2    28.0    22.0
   104.559    32.120    18.598    54.000     0.003     100       2    30.0    22.0
   104.544    32.108    18.598    54.000     0.004      97       2    32.0    22.0
   104.529    32.095    18.598    54.000     0.005      98       2    34.0    22.0
   104.514    32.082    18.598    54.000     0.007      98       2    36.0    22.0
   104.500    32.069    18.598    54.000     0.004      98       2    38.0    22.0
   104.485    32.056    18.598    54.000     0.003      87       1    40.0    22.0
   104.470    32.043    18.598    54.000     0.002      89       1    42.0    22.0
   104.456    32.030    18.598    54.000     0.001      37      31    44.0    22.0
   104.441    32.017    18.598    54.000     0.002      35      29    46.0    22.0
   104.426    32.004    18.598    54.000     0.002      34      29    48.0    22.0
   104.411    31.991    18.598    54.000     0.003      31      30    50.0    22.0
   104.397    31.978    18.598    54.000     0.003      30      29    52.0    22.0
   104.382    31.965    18.598    54.000     0.002      28      28    54.0    22.0
   104.367    31.952    18.598    54.000     0.002      28      27    56.0    22.0
   104.353    31.939    18.598    54.000     0.001      38       2    58.0    22.0
   104.338    31.926    18.598    54.000     0.002      36       2    60.0    22.0
   104.323    31.913    18.598    54.000     0.002      36       2    62.0    22.0
   104.309    31.900    18.598    54.000     0.003      21       2    64.0    22.0
   104.789    32.307    16.980    54.000     0.008      79      37     0.0    20.0
   104.774    32.294    16.980    54.000     0.009      79      37     2.0    20.0
   104.760    32.281    16.980    54.000     0.009      79      37     4.0    20.0
   104.745    32.268    16.980    54.000     0.009      80      37     6.0    20.0
   104.730    32.256    16.980    54.000     0.009      80      37     8.0    20.0
   104.715    32.243    16.980    54.000     0.007      79      37    10.0    20.0
   104.701    32.230    16.980    54.000     0.004      82      37    12.0    20.0
   104.686    32.217    16.980    54.000     0.003      26      13    14.0    20.0
   104.671    32.204    16.980    54.000     0.005      25      14    16.0    20.0
   104.656    32.191    16.980    54.000     0.006      26      14    18.0    20.0
   104.641    32.178    16.980    54.000     0.006      27      16    20.0    20.0
   104.627    32.165    16.980    54.000     0.005      25      16    22.0    20.0
   104.612    32.152    16.980    54.000     0.003      25      15    24.0    20.0
   104.597    32.139    16.980    54.000     0.002      61      37    26.0    20.0
   104.582    32.126    16.980    54.000     0.002      61      37    28.0    20.0
   104.568    32.113    16.980    54.000     0.002      91      15    30.0    20.0
   104.553    32.100    16.980    54.000     0.002      99       2    32.0    20.0
   104.538    32.087    16.980    54.000     0.003     100       2    34.0    20.0
   104.523    32.074    16.980    54.000     0.003     100       3    36.0    20.0
   104.509    32.061    16.980    54.000     0.003     100       2    38.0    20.0
   104.494    32.048    16.980    54.000     0.003      98       2    40.0    20.0
   104.479    32.035    16.980    54.000     0.003      95       2    42.0    20.0
   104.465    32.022    16.980    54.000     0.003      93       2    44.0    20.0
   104.450    32.009    16.980    54.000     0.002      96       2    46.0    20.0
   104.435    31.996    16.980    54.000     0.002      11      33    48.0    20.0
   104.420    31.983    16.980    54.000     0.002      20      27    50.0    20.0
   104.406    31.970    16.980    54.000     0.001      23      20    52.0    20.0
   104.391    31.958    16.980    54.000     0.002      34      27    54.0    20.0
   104.376    31.945    16.980    54.000     0.002      32      26    56.0    20.0
   104.362    31.932    16.980    54.000     0.002      31      25    58.0    20.0
   104.347    31.919    16.980    54.000     0.002      15      22    60.0    20.0
   104.332    31.906    16.980    54.000     0.002      17      16    62.0    20.0
   104.318    31.893    16.980    54.000     0.003      16      15    64.0    20.0
   104.798    32.300    15.362    54.000     0.008      80      37     0.0    18.0
   104.783    32.287    15.362    54.000     0.012      81      37     2.0    18.0
   104.769    32.274    15.362    54.000     0.015      80      37     4.0    18.0
   104.754    32.261    15.362    54.000     0.010      78      37     6.0    18.0
   104.739    32.248    15.362    54.000     0.010      80      37     8.0    18.0
   104.724    32.235    15.362    54.000     0.008      82      37    10.0    18.0
   104.709    32.222    15.362    54.000     0.009      82      37    12.0    18.0
   104.695    32.209    15.362    54.000     0.008      83      37    14.0    18.0
   104.680    32.196    15.362    54.000     0.008      84      37    16.0    18.0
   104.665    32.183    15.362    54.000     0.004      27      14    18.0    18.0
   104.650    32.170    15.362    54.000     0.003      26      15    20.0    18.0
   104.636    32.158    15.362    54.000     0.002      29      26    22.0    18.0
   104.621    32.145    15.362    54.000     0.002      31      26    24.0    18.0
   104.606    32.132    15.362    54.000     0.003      56      37    26.0    18.0
   104.591    32.119    15.362    54.000     0.003      93      27    28.0    18.0
   104.577    32.106    15.362    54.000     0.002      58      37    30.0    18.0
   104.562    32.093    15.362    54.000     0.004      57      37    32.0    18.0
   104.547    32.080    15.362    54.000     0.003      55      37    34.0    18.0
   104.532    32.067    15.362    54.000     0.004      54      37    36.0    18.0
   104.518    32.054    15.362    54.000     0.003      55      37    38.0    18.0
   104.503    32.041    15.362    54.000     0.003      11      33    40.0    18.0
   104.488    32.028    15.362    54.000     0.004      12      33    42.0    18.0
   104.473    32.015    15.362    54.000     0.003      12      28    44.0    18.0
   104.459    32.002    15.362    54.000     0.006      13      28    46.0    18.0
   104.444    31.989    15.362    54.000     0.004      15      29    48.0    18.0
   104.429    31.976    15.362    54.000     0.004      15      33    50.0    18.0
   104.415    31.963    15.362    54.000     0.004      16      33    52.0    18.0
   104.400    31.950    15.362    54.000     0.006      23      21    54.0    18.0
   104.385    31.937    15.362    54.000     0.005      23      21    56.0    18.0
   104.371    31.924    15.362    54.000     0.004      24      22    58.0    18.0
   104.356    31.911    15.362    54.000     0.005      26      22    60.0    18.0
   104.341    31.898    15.362    54.000     0.004      24       8    62.0    18.0
   104.327    31.885    15.362    54.000     0.003      24      19    64.0    18.0
   104.807    32.292    13.744    54.000     0.011      70      37     0.0    16.0
   104.792    32.280    13.744    54.000     0.010      68      37     2.0    16.0
   104.778    32.267    13.744    54.000     0.009      74      37     4.0    16.0
   104.763    32.254    13.744    54.000     0.007      72      37     6.0    16.0
   104.748    32.241    13.744    54.000     0.006      84      35     8.0    16.0
   104.733    32.228    13.744    54.000     0.007      84      34    10.0    16.0
   104.718    32.215    13.744    54.000     0.006      86      34    12.0    16.0
   104.704    32.202    13.744    54.000     0.009      86      34    14.0    16.0
   104.689    32.189    13.744    54.000     0.011      86      33    16.0    16.0
   104.674    32.176    13.744    54.000     0.011      87      34    18.0    16.0
   104.659    32.163    13.744    54.000     0.009      87      29    20.0    16.0
   104.645    32.150    13.744    54.000     0.008      87      29    22.0    16.0
   104.630    32.137    13.744    54.000     0.006      87      28    24.0    16.0
   104.615    32.124    13.744    54.000     0.006      92      28    26.0    16.0
   104.600    32.111    13.744    54.000     0.005      89      26    28.0    16.0
   104.586    32.098    13.744    54.000     0.005      91      26    30.0    16.0
   104.571    32.085    13.744    54.000     0.004      91      29    32.0    16.0
   104.556    32.072    13.744    54.000     0.002      89      29    34.0    16.0
   104.541    32.059    13.744    54.000     0.002      66      37    36.0    16.0
   104.527    32.047    13.744    54.000     0.001      66      37    38.0    16.0
   104.512    32.034    13.744    54.000     0.001      61      37    40.0    16.0
   104.497    32.021    13.744    54.000     0.002       9      29    42.0    16.0
   104.482    32.008    13.744    54.000     0.003      10      29    44.0    16.0
   104.468    31.995    13.744    54.000     0.005      12      27    46.0    16.0
   104.453    31.982    13.744    54.000     0.007      10      27    48.0    16.0
   104.438    31.969    13.744    54.000     0.007      13      26    50.0    16.0
   104.424    31.956    13.744    54.000     0.006      15      24    52.0    16.0
   104.409    31.943    13.744    54.000     0.005      12      25    54.0    16.0
   104.394    31.930    13.744    54.000     0.004      15      22    56.0    16.0
   104.380    31.917    13.744    54.000     0.004      23      26    58.0    16.0
   104.365    31.904    13.744    54.000     0.004      24      22    60.0    16.0
   104.350    31.891    13.744    54.000     0.004      23      17    62.0    16.0
   104.336    31.878    13.744    54.000     0.004      23      22    64.0    16.0
   104.816    32.285    12.126    54.000     0.008      23       1     0.0    14.0
   104.801    32.272    12.126    54.000     0.006      26       1     2.0    14.0
   104.786    32.259    12.126    54.000     0.006      24       1     4.0    14.0
   104.772    32.246    12.126    54.000     0.005      24       1     6.0    14.0
   104.757    32.233    12.126    54.000     0.004      75      37     8.0    14.0
   104.742    32.220    12.126    54.000     0.003      76      37    10.0    14.0
   104.727    32.207    12.126    54.000     0.002      73      37    12.0    14.0
   104.713    32.195    12.126    54.000     0.002      83      28    14.0    14.0
   104.698    32.182    12.126    54.000     0.002      81      28    16.0    14.0
   104.683    32.169    12.126    54.000     0.003      80      28    18.0    14.0
   104.668    32.156    12.126    54.000     0.002      81      28    20.0    14.0
   104.653    32.143    12.126    54.000     0.003      88      26    22.0    14.0
   104.639    32.130    12.126    54.000     0.003      87      26    24.0    14.0
   104.624    32.117    12.126    54.000     0.003      85      27    26.0    14.0
   104.609    32.104    12.126    54.000     0.004      85      28    28.0    14.0
   104.594    32.091    12.126    54.000     0.002      86      32    30.0    14.0
   104.580    32.078    12.126    54.000     0.003      86      32    32.0    14.0
   104.565    32.065    12.126    54.000     0.001      86      32    34.0    14.0
   104.550    32.052    12.126    54.000     0.002      91      28    36.0    14.0
   104.536    32.039    12.126    54.000     0.001      90      29    38.0    14.0
   104.521    32.026    12.126    54.000     0.001      88      31    40.0    14.0
   104.506    32.013    12.126    54.000     0.001      87      31    42.0    14.0
   104.491    32.000    12.126    54.000     0.001      29      19    44.0    14.0
   104.477    31.987    12.126    54.000     0.002      17      32    46.0    14.0
   104.462    31.974    12.126    54.000     0.002      31       4    48.0    14.0
   104.447    31.961    12.126    54.000     0.002      20      30    50.0    14.0
   104.433    31.948    12.126    54.000     0.003      13      25    52.0    14.0
   104.418    31.935    12.126    54.000     0.004      13      26    54.0    14.0
   104.403    31.922    12.126    54.000     0.004      12      27    56.0    14.0
   104.388    31.909    12.126    54.000     0.004      12      24    58.0    14.0
   104.374    31.896    12.126    54.000     0.004      12      24    60.0    14.0
   104.359    31.884    12.126    54.000     0.003      11      23    62.0    14.0
   104.344    31.871    12.126    54.000     0.002      22      25    64.0    14.0
   104.825    32.278    10.508    54.000     0.005      28       1     0.0    12.0
   104.810    32.265    10.508    54.000     0.005      28       1     2.0    12.0
   104.795    32.252    10.508    54.000     0.006      28       1     4.0    12.0
   104.781    32.239    10.508    54.000     0.004      26       1     6.0    12.0
   104.766    32.226    10.508    54.000     0.004      26       1     8.0    12.0
   104.751    32.213    10.508    54.000     0.003      25       1    10.0    12.0
   104.736    32.200    10.508    54.000     0.002      25       1    12.0    12.0
   104.722    32.187    10.508    54.000     0.002      28       1    14.0    12.0
   104.707    32.174    10.508    54.000     0.002      82      25    16.0    12.0
   104.692    32.161    10.508    54.000     0.002      80      24    18.0    12.0
   104.677    32.148    10.508    54.000     0.002      82      28    20.0    12.0
   104.662    32.135    10.508    54.000     0.002      81      28    22.0    12.0
   104.648    32.122    10.508    54.000     0.002      73      37    24.0    12.0
   104.633    32.109    10.508    54.000     0.003      82      23    26.0    12.0
   104.618    32.097    10.508    54.000     0.003      82      26    28.0    12.0
   104.603    32.084    10.508    54.000     0.003      82      27    30.0    12.0
   104.589    32.071    10.508    54.000     0.002      81      27    32.0    12.0
   104.574    32.058    10.508    54.000     0.001      81      27    34.0    12.0
   104.559    32.045    10.508    54.000     0.002      81      29    36.0    12.0
   104.544    32.032    10.508    54.000     0.001      79      34    38.0    12.0
   104.530    32.019    10.508    54.000     0.001      78      36    40.0    12.0
   104.515    32.006    10.508    54.000     0.000      76      35    42.0    12.0
   104.500    31.993    10.508    54.000     0.001      86      28    44.0    12.0
   104.486    31.980    10.508    54.000     0.000      86      30    46.0    12.0
   104.471    31.967    10.508    54.000     0.000       1      30    48.0    12.0
   104.456    31.954    10.508    54.000     0.000      20       1    50.0    12.0
   104.441    31.941    10.508    54.000     0.001      62      37    52.0    12.0
   104.427    31.928    10.508    54.000     0.001      18       2    54.0    12.0
   104.412    31.915    10.508    54.000     0.001      16       2    56.0    12.0
   104.397    31.902    10.508    54.000     0.000      22       1    58.0    12.0
   104.383    31.889    10.508    54.000     0.000      21       1    60.0    12.0
   104.368    31.876    10.508    54.000     0.001      79       3    62.0    12.0
   104.353    31.863    10.508    54.000     0.001      60       6    64.0    12.0
   104.834    32.270     8.890    54.000     0.003      28       1     0.0    10.0
   104.819    32.257     8.890    54.000     0.004      29       1     2.0    10.0
   104.804    32.244     8.890    54.000     0.005      27       1     4.0    10.0
   104.790    32.231     8.890    54.000     0.003      30       1     6.0    10.0
   104.775    32.219     8.890    54.000     0.003      31       1     8.0    10.0
   104.760    32.206     8.890    54.000     0.003      31       1    10.0    10.0
   104.745    32.193     8.890    54.000     0.003      31       1    12.0    10.0
   104.730    32.180     8.890    54.000     0.003      30       1    14.0    10.0
   104.716    32.167     8.890    54.000     0.002      29       1    16.0    10.0
   104.701    32.154     8.890    54.000     0.002      82      23    18.0    10.0
   104.686    32.141     8.890    54.000     0.002      20       1    20.0    10.0
   104.671    32.128     8.890    54.000     0.003      80      23    22.0    10.0
   104.657    32.115     8.890    54.000     0.003      80      25    24.0    10.0
   104.642    32.102     8.890    54.000     0.004      80      26    26.0    10.0
   104.627    32.089     8.890    54.000     0.003      80      28    28.0    10.0
   104.612    32.076     8.890    54.000     0.001      79      26    30.0    10.0
   104.598    32.063     8.890    54.000     0.002      78      26    32.0    10.0
   104.583    32.050     8.890    54.000     0.002      78      26    34.0    10.0
   104.568    32.037     8.890    54.000     0.002      78      26    36.0    10.0
   104.553    32.024     8.890    54.000     0.002      69       3    38.0    10.0
   104.539    32.011     8.890    54.000     0.002      65       4    40.0    10.0
   104.524    31.998     8.890    54.000     0.003      63       4    42.0    10.0
   104.509    31.986     8.890    54.000     0.003      62       4    44.0    10.0
   104.495    31.973     8.890    54.000     0.002      65       4    46.0    10.0
   104.480    31.960     8.890    54.000     0.001      62       4    48.0    10.0
   104.465    31.947     8.890    54.000     0.001      63      28    50.0    10.0
   104.450    31.934     8.890    54.000     0.001      64      28    52.0    10.0
   104.436    31.921     8.890    54.000     0.001      64      29    54.0    10.0
   104.421    31.908     8.890    54.000     0.001      75      26    56.0    10.0
   104.406    31.895     8.890    54.000     0.001      74      27    58.0    10.0
   104.392    31.882     8.890    54.000     0.001      60       4    60.0    10.0
   104.377    31.869     8.890    54.000     0.002      64       4    62.0    10.0
   104.362    31.856     8.890    54.000     0.003      67       4    64.0    10.0
   104.843    32.263     7.272    54.000     0.004      78       1     0.0     8.0
   104.828    32.250     7.272    54.000     0.004      83       2     2.0     8.0
   104.813    32.237     7.272    54.000     0.004      87       1     4.0     8.0
   104.799    32.224     7.272    54.000     0.004      86       2     6.0     8.0
   104.784    32.211     7.272    54.000     0.002      88       2     8.0     8.0
   104.769    32.198     7.272    54.000     0.002      75       2    10.0     8.0
   104.754    32.185     7.272    54.000     0.002      94       1    12.0     8.0
   104.739    32.172     7.272    54.000     0.002      78      25    14.0     8.0
   104.725    32.159     7.272    54.000     0.003      78      26    16.0     8.0
   104.710    32.147     7.272    54.000     0.003      77      26    18.0     8.0
   104.695    32.134     7.272    54.000     0.004      77      30    20.0     8.0
   104.680    32.121     7.272    54.000     0.003      76      28    22.0     8.0
   104.666    32.108     7.272    54.000     0.004      77      29    24.0     8.0
   104.651    32.095     7.272    54.000     0.003      77      31    26.0     8.0
   104.636    32.082     7.272    54.000     0.002      59       6    28.0     8.0
   104.621    32.069     7.272    54.000     0.003      56       6    30.0     8.0
   104.607    32.056     7.272    54.000     0.004      57       6    32.0     8.0
   104.592    32.043     7.272    54.000     0.004      58       6    34.0     8.0
   104.577    32.030     7.272    54.000     0.004      57       6    36.0     8.0
   104.562    32.017     7.272    54.000     0.003      73       3    38.0     8.0
   104.548    32.004     7.272    54.000     0.004      71       4    40.0     8.0
   104.533    31.991     7.272    54.000     0.005      69       4    42.0     8.0
   104.518    31.978     7.272    54.000     0.005      68       4    44.0     8.0
   104.503    31.965     7.272    54.000     0.004      68       4    46.0     8.0
   104.489    31.952     7.272    54.000     0.004      70       9    48.0     8.0
   104.474    31.939     7.272    54.000     0.005      70      29    50.0     8.0
   104.459    31.926     7.272    54.000     0.005      70      30    52.0     8.0
   104.445    31.913     7.272    54.000     0.005      68      26    54.0     8.0
   104.430    31.900     7.272    54.000     0.007      69      26    56.0     8.0
   104.415    31.887     7.272    54.000     0.007      69      26    58.0     8.0
   104.401    31.874     7.272    54.000     0.007      68      27    60.0     8.0
   104.386    31.861     7.272    54.000     0.009      68       4    62.0     8.0
   104.371    31.848     7.272    54.000     0.010      69       5    64.0     8.0
   104.852    32.255     5.654    54.000     0.008      84       2     0.0     6.0
   104.837    32.243     5.654    54.000     0.007      84       2     2.0     6.0
   104.822    32.230     5.654    54.000     0.007      83       1     4.0     6.0
   104.807    32.217     5.654    54.000     0.006      85       1     6.0     6.0
   104.793    32.204     5.654    54.000     0.005      86       1     8.0     6.0
   104.778    32.191     5.654    54.000     0.005       5      37    10.0     6.0
   104.763    32.178     5.654    54.000     0.004       5      37    12.0     6.0
   104.748    32.165     5.654    54.000     0.004       6      37    14.0     6.0
   104.734    32.152     5.654    54.000     0.004      56      11    16.0     6.0
   104.719    32.139     5.654    54.000     0.004      54      16    18.0     6.0
   104.704    32.126     5.654    54.000     0.006      60      13    20.0     6.0
   104.689    32.113     5.654    54.000     0.010      61      15    22.0     6.0
   104.674    32.100     5.654    54.000     0.011      62      16    24.0     6.0
   104.660    32.087     5.654    54.000     0.012      63      22    26.0     6.0
   104.645    32.074     5.654    54.000     0.017      62      22    28.0     6.0
   104.630    32.061     5.654    54.000     0.015      61      22    30.0     6.0
   104.616    32.049     5.654    54.000     0.012      66      23    32.0     6.0
   104.601    32.036     5.654    54.000     0.012      68      21    34.0     6.0
   104.586    32.023     5.654    54.000     0.014      72      21    36.0     6.0
   104.571    32.010     5.654    54.000     0.011      72      23    38.0     6.0
   104.557    31.997     5.654    54.000     0.010      71      27    40.0     6.0
   104.542    31.984     5.654    54.000     0.007      71      27    42.0     6.0
   104.527    31.971     5.654    54.000     0.006      71      29    44.0     6.0
   104.512    31.958     5.654    54.000     0.006      73      29    46.0     6.0
   104.498    31.945     5.654    54.000     0.005      75      30    48.0     6.0
   104.483    31.932     5.654    54.000     0.006      72      30    50.0     6.0
   104.468    31.919     5.654    54.000     0.009      71      30    52.0     6.0
   104.454    31.906     5.654    54.000     0.013      72      31    54.0     6.0
   104.439    31.893     5.654    54.000     0.015      71      31    56.0     6.0
   104.424    31.880     5.654    54.000     0.014      70      32    58.0     6.0
   104.410    31.867     5.654    54.000     0.010      70      32    60.0     6.0
   104.395    31.854     5.654    54.000     0.008      70      32    62.0     6.0
   104.380    31.841     5.654    54.000     0.006      71       4    64.0     6.0
   104.861    32.248     4.036    54.000     0.004      22      34     0.0     4.0
   104.846    32.235     4.036    54.000     0.004      77       2     2.0     4.0
   104.831    32.222     4.036    54.000     0.005      82       1     4.0     4.0
   104.816    32.209     4.036    54.000     0.008      79       2     6.0     4.0
   104.802    32.196     4.036    54.000     0.008      79       2     8.0     4.0
   104.787    32.183     4.036    54.000     0.011      78       2    10.0     4.0
   104.772    32.171     4.036    54.000     0.014      79       2    12.0     4.0
   104.757    32.158     4.036    54.000     0.009      78       2    14.0     4.0
   104.742    32.145     4.036    54.000     0.005      59      14    16.0     4.0
   104.728    32.132     4.036    54.000     0.005      56      19    18.0     4.0
   104.713    32.119     4.036    54.000     0.009      63      14    20.0     4.0
   104.698    32.106     4.036    54.000     0.010      63      16    22.0     4.0
   104.683    32.093     4.036    54.000     0.013      64      17    24.0     4.0
   104.669    32.080     4.036    54.000     0.018      63      17    26.0     4.0
   104.654    32.067     4.036    54.000     0.020      63      19    28.0     4.0
   104.639    32.054     4.036    54.000     0.018      63      25    30.0     4.0
   104.624    32.041     4.036    54.000     0.017      66      24    32.0     4.0
   104.610    32.028     4.036    54.000     0.016      65      25    34.0     4.0
   104.595    32.015     4.036    54.000     0.014      66      32    36.0     4.0
   104.580    32.002     4.036    54.000     0.013      64      32    38.0     4.0
   104.566    31.989     4.036    54.000     0.011      65      34    40.0     4.0
   104.551    31.976     4.036    54.000     0.010      66      34    42.0     4.0
   104.536    31.963     4.036    54.000     0.008      64      34    44.0     4.0
   104.521    31.950     4.036    54.000     0.004      64      34    46.0     4.0
   104.507    31.937     4.036    54.000     0.003      72      32    48.0     4.0
   104.492    31.925     4.036    54.000     0.003      70      32    50.0     4.0
   104.477    31.912     4.036    54.000     0.004      70      33    52.0     4.0
   104.463    31.899     4.036    54.000     0.003      66       5    54.0     4.0
   104.448    31.886     4.036    54.000     0.003      71      32    56.0     4.0
   104.433    31.873     4.036    54.000     0.002      71      32    58.0     4.0
   104.418    31.860     4.036    54.000     0.002      71      32    60.0     4.0
   104.404    31.847     4.036    54.000     0.003      71      32    62.0     4.0
   104.389    31.834     4.036    54.000     0.002      70      32    64.0     4.0
   104.870    32.241     2.418    54.000     0.005      32      37     0.0     2.0
   104.855    32.228     2.418    54.000     0.005      29      37     2.0     2.0
   104.840    32.215     2.418    54.000     0.005       1       1     4.0     2.0
   104.825    32.202     2.418    54.000     0.007       2       1     6.0     2.0
   104.811    32.189     2.418    54.000     0.006      38      37     8.0     2.0
   104.796    32.176     2.418    54.000     0.006      77       2    10.0     2.0
   104.781    32.163     2.418    54.000     0.006      62       7    12.0     2.0
   104.766    32.150     2.418    54.000     0.007      61       9    14.0     2.0
   104.751    32.137     2.418    54.000     0.007      61      15    16.0     2.0
   104.737    32.124     2.418    54.000     0.007      60      18    18.0     2.0
   104.722    32.111     2.418    54.000     0.008      58      22    20.0     2.0
   104.707    32.098     2.418    54.000     0.009      58      23    22.0     2.0
   104.692    32.086     2.418    54.000     0.010      65      20    24.0     2.0
   104.678    32.073     2.418    54.000     0.014      65      20    26.0     2.0
   104.663    32.060     2.418    54.000     0.015      65      23    28.0     2.0
   104.648    32.047     2.418    54.000     0.016      65      26    30.0     2.0
   104.633    32.034     2.418    54.000     0.014      66      29    32.0     2.0
   104.619    32.021     2.418    54.000     0.010      67      31    34.0     2.0
   104.604    32.008     2.418    54.000     0.007      66      31    36.0     2.0
   104.589    31.995     2.418    54.000     0.007      72      32    38.0     2.0
   104.574    31.982     2.418    54.000     0.005      69      33    40.0     2.0
   104.560    31.969     2.418    54.000     0.007      71      34    42.0     2.0
   104.545    31.956     2.418    54.000     0.005      68      34    44.0     2.0
   104.530    31.943     2.418    54.000     0.005      69      34    46.0     2.0
   104.516    31.930     2.418    54.000     0.005      70      34    48.0     2.0
   104.501    31.917     2.418    54.000     0.003      70      35    50.0     2.0
   104.486    31.904     2.418    54.000     0.002       1       9    52.0     2.0
   104.471    31.891     2.418    54.000     0.003       1      10    54.0     2.0
   104.457    31.878     2.418    54.000     0.003      53      31    56.0     2.0
   104.442    31.865     2.418    54.000     0.003      51      31    58.0     2.0
   104.427    31.852     2.418    54.000     0.003      54      32    60.0     2.0
   104.413    31.839     2.418    54.000     0.004      55      34    62.0     2.0
   104.398    31.826     2.418    54.000     0.002      55      34    64.0     2.0
   104.879    32.233     0.800    54.000     0.010      49      36     0.0     0.0
   104.864    32.220     0.800    54.000     0.014      50      36     2.0     0.0
   104.849    32.207     0.800    54.000     0.012       4       1     4.0     0.0
   104.834    32.195     0.800    54.000     0.010      48      36     6.0     0.0
   104.819    32.182     0.800    54.000     0.011       2       2     8.0     0.0
   104.805    32.169     0.800    54.000     0.009      43      37    10.0     0.0
   104.790    32.156     0.800    54.000     0.008       3       4    12.0     0.0
   104.775    32.143     0.800    54.000     0.006      65       8    14.0     0.0
   104.760    32.130     0.800    54.000     0.007      65      10    16.0     0.0
   104.746    32.117     0.800    54.000     0.007      65      19    18.0     0.0
   104.731    32.104     0.800    54.000     0.007      64      26    20.0     0.0
   104.716    32.091     0.800    54.000     0.009      65      31    22.0     0.0
   104.701    32.078     0.800    54.000     0.011      65      31    24.0     0.0
   104.687    32.065     0.800    54.000     0.015      66      32    26.0     0.0
   104.672    32.052     0.800    54.000     0.011      66      33    28.0     0.0
   104.657    32.039     0.800    54.000     0.011      67      34    30.0     0.0
   104.642    32.026     0.800    54.000     0.012      67      34    32.0     0.0
   104.628    32.013     0.800    54.000     0.020      68      35    34.0     0.0
   104.613    32.000     0.800    54.000     0.012      70      36    36.0     0.0
   104.598    31.988     0.800    54.000     0.008      71      36    38.0     0.0
   104.583    31.975     0.800    54.000     0.007      68      36    40.0     0.0
   104.569    31.962     0.800    54.000     0.005      67      36    42.0     0.0
   104.554    31.949     0.800    54.000     0.005      66      36    44.0     0.0
   104.539    31.936     0.800    54.000     0.002      67      36    46.0     0.0
   104.525    31.923     0.800    54.000     0.001      67      36    48.0     0.0
   104.510    31.910     0.800    54.000     0.002      52      32    50.0     0.0
   104.495    31.897     0.800    54.000     0.002       1      17    52.0     0.0
   104.480    31.884     0.800    54.000     0.003      57      30    54.0     0.0
   104.466    31.871     0.800    54.000     0.004       1      12    56.0     0.0
   104.451    31.858     0.800    54.000     0.004       2      15    58.0     0.0
   104.436    31.845     0.800    54.000     0.003       4      19    60.0     0.0
   104.422    31.832     0.800    54.000     0.004       4      25    62.0     0.0
   104.407    31.819     0.800    54.000     0.004       4      26    64.0     0.0
