   105.691    32.980    38.388    70.000     0.005      76      32     0.0    40.0
   105.674    32.968    38.388    70.000     0.004      54       3     2.0    40.0
   105.658    32.957    38.388    70.000     0.005      55       2     4.0    40.0
   105.641    32.945    38.388    70.000     0.006      52       2     6.0    40.0
   105.625    32.934    38.388    70.000     0.005      54       3     8.0    40.0
   105.608    32.922    38.388    70.000     0.005      57       6    10.0    40.0
   105.592    32.911    38.388    70.000     0.007      59       2    12.0    40.0
   105.575    32.900    38.388    70.000     0.009      59       1    14.0    40.0
   105.559    32.888    38.388    70.000     0.008      59       2    16.0    40.0
   105.542    32.877    38.388    70.000     0.008      64       2    18.0    40.0
   105.526    32.865    38.388    70.000     0.009      64      10    20.0    40.0
   105.510    32.853    38.388    70.000     0.011      62      10    22.0    40.0
   105.493    32.842    38.388    70.000     0.013      60      10    24.0    40.0
   105.477    32.830    38.388    70.000     0.014      73      18    26.0    40.0
   105.460    32.819    38.388    70.000     0.014      72      17    28.0    40.0
   105.444    32.807    38.388    70.000     0.016      74      20    30.0    40.0
   105.427    32.796    38.388    70.000     0.017      73      18    32.0    40.0
   105.411    32.784    38.388    70.000     0.017      74       6    34.0    40.0
   105.395    32.773    38.388    70.000     0.020      74       6    36.0    40.0
   105.378    32.761    38.388    70.000     0.013      74       8    38.0    40.0
   105.362    32.750    38.388    70.000     0.014      77       4    40.0    40.0
   105.345    32.738    38.388    70.000     0.022      83       3    42.0    40.0
   105.329    32.727    38.388    70.000     0.028      82       2    44.0    40.0
   105.312    32.715    38.388    70.000     0.028      77       3    46.0    40.0
   105.296    32.704    38.388    70.000     0.030      85       3    48.0    40.0
   105.280    32.692    38.388    70.000     0.030      77       4    50.0    40.0
   105.263    32.681    38.388    70.000     0.039      83       3    52.0    40.0
   105.247    32.669    38.388    70.000     0.040      82       3    54.0    40.0
   105.231    32.658    38.388    70.000     0.039      82       3    56.0    40.0
   105.214    32.646    38.388    70.000     0.036      82       4    58.0    40.0
   105.198    32.634    38.388    70.000     0.023      80       3    60.0    40.0
   105.181    32.623    38.388    70.000     0.018      78       3    62.0    40.0
   105.165    32.611    38.388    70.000     0.010      77       3    64.0    40.0
   105.149    32.600    38.388    70.000     0.007      88       5    66.0    40.0
   105.132    32.588    38.388    70.000     0.006      85       5    68.0    40.0
   105.116    32.577    38.388    70.000     0.005      83       5    70.0    40.0
   105.100    32.565    38.388    70.000     0.008      87       4    72.0    40.0
   105.083    32.554    38.388    70.000     0.008      85       3    74.0    40.0
   105.067    32.542    38.388    70.000     0.008      86       3    76.0    40.0
   105.051    32.530    38.388    70.000     0.006      90       4    78.0    40.0
   105.034    32.519    38.388    70.000     0.005      92       4    80.0    40.0
   105.018    32.507    38.388    70.000     0.005      93       4    82.0    40.0
   105.002    32.496    38.388    70.000     0.007      99       5    84.0    40.0
   104.985    32.484    38.388    70.000     0.006     100       5    86.0    40.0
   104.969    32.473    38.388    70.000     0.006      99       5    88.0    40.0
   104.953    32.461    38.388    70.000     0.004      10      37    90.0    40.0
   104.936    32.449    38.388    70.000     0.004      17      37    92.0    40.0
   104.920    32.438    38.388    70.000     0.005      16      37    94.0    40.0
   104.904    32.426    38.388    70.000     0.006      15      37    96.0    40.0
   104.888    32.415    38.388    70.000     0.006      21      37    98.0    40.0
   104.871    32.403    38.388    70.000     0.008      20      37   100.0    40.0
   104.855    32.391    38.388    70.000     0.010      65       2   102.0    40.0
   104.839    32.380    38.388    70.000     0.011      64       3   104.0    40.0
   104.822    32.368    38.388    70.000     0.015      68       2   106.0    40.0
   104.806    32.357    38.388    70.000     0.014      67       3   108.0    40.0
   104.790    32.345    38.388    70.000     0.015      63       2   110.0    40.0
   104.774    32.333    38.388    70.000     0.017      65       2   112.0    40.0
   105.695    32.975    36.508    70.000     0.006      46      23     0.0    38.0
   105.679    32.964    36.508    70.000     0.006      45      23     2.0    38.0
   105.662    32.952    36.508    70.000     0.004      49      20     4.0    38.0
   105.646    32.941    36.508    70.000     0.005      49      20     6.0    38.0
   105.629    32.929    36.508    70.000     0.005      62       2     8.0    38.0
   105.613    32.918    36.508    70.000     0.005      59       3    10.0    38.0
   105.596    32.906    36.508    70.000     0.004      57       4    12.0    38.0
   105.580    32.895    36.508    70.000     0.004      66       1    14.0    38.0
   105.564    32.883    36.508    70.000     0.004      60       6    16.0    38.0
   105.547    32.872    36.508    70.000     0.008      88      35    18.0    38.0
   105.531    32.860    36.508    70.000     0.009      89      35    20.0    38.0
   105.514    32.849    36.508    70.000     0.005      85      35    22.0    38.0
   105.498    32.837    36.508    70.000     0.004      85      29    24.0    38.0
   105.481    32.826    36.508    70.000     0.004      85      29    26.0    38.0
   105.465    32.814    36.508    70.000     0.005      84      28    28.0    38.0
   105.448    32.803    36.508    70.000     0.004      82      24    30.0    38.0
   105.432    32.791    36.508    70.000     0.005      82      26    32.0    38.0
   105.416    32.780    36.508    70.000     0.007      89      18    34.0    38.0
   105.399    32.768    36.508    70.000     0.009      88      14    36.0    38.0
   105.383    32.757    36.508    70.000     0.014      88      10    38.0    38.0
   105.366    32.745    36.508    70.000     0.020       1      37    40.0    38.0
   105.350    32.734    36.508    70.000     0.020      85       4    42.0    38.0
   105.334    32.722    36.508    70.000     0.019      86       3    44.0    38.0
   105.317    32.711    36.508    70.000     0.018      87       2    46.0    38.0
   105.301    32.699    36.508    70.000     0.018      87       2    48.0    38.0
   105.284    32.687    36.508    70.000     0.016      86       2    50.0    38.0
   105.268    32.676    36.508    70.000     0.014      84       3    52.0    38.0
   105.252    32.664    36.508    70.000     0.008      86       4    54.0    38.0
   105.235    32.653    36.508    70.000     0.006      92       3    56.0    38.0
   105.219    32.641    36.508    70.000     0.006      25      29    58.0    38.0
   105.202    32.630    36.508    70.000     0.006      29      28    60.0    38.0
   105.186    32.618    36.508    70.000     0.005      29      26    62.0    38.0
   105.170    32.607    36.508    70.000     0.005      28      27    64.0    38.0
   105.153    32.595    36.508    70.000     0.004      28      28    66.0    38.0
   105.137    32.584    36.508    70.000     0.004      65       1    68.0    38.0
   105.121    32.572    36.508    70.000     0.003      23      33    70.0    38.0
   105.104    32.560    36.508    70.000     0.004      23      33    72.0    38.0
   105.088    32.549    36.508    70.000     0.003      22      33    74.0    38.0
   105.072    32.537    36.508    70.000     0.003       7      37    76.0    38.0
   105.055    32.526    36.508    70.000     0.004       6      37    78.0    38.0
   105.039    32.514    36.508    70.000     0.005     100       6    80.0    38.0
   105.023    32.503    36.508    70.000     0.010     100       7    82.0    38.0
   105.006    32.491    36.508    70.000     0.013     100       6    84.0    38.0
   104.990    32.479    36.508    70.000     0.009     100       4    86.0    38.0
   104.974    32.468    36.508    70.000     0.011     100       6    88.0    38.0
   104.957    32.456    36.508    70.000     0.009     100       4    90.0    38.0
   104.941    32.445    36.508    70.000     0.009     100       4    92.0    38.0
   104.925    32.433    36.508    70.000     0.012     100       2    94.0    38.0
   104.908    32.422    36.508    70.000     0.012      98       6    96.0    38.0
   104.892    32.410    36.508    70.000     0.010      98       7    98.0    38.0
   104.876    32.398    36.508    70.000     0.012      86       7   100.0    38.0
   104.860    32.387    36.508    70.000     0.021      85       7   102.0    38.0
   104.843    32.375    36.508    70.000     0.029      87       7   104.0    38.0
   104.827    32.364    36.508    70.000     0.034      86       7   106.0    38.0
   104.811    32.352    36.508    70.000     0.037      85       7   108.0    38.0
   104.795    32.340    36.508    70.000     0.044      83       7   110.0    38.0
   104.778    32.329    36.508    70.000     0.047      83       7   112.0    38.0
   105.700    32.970    34.629    70.000     0.009      51      23     0.0    36.0
   105.684    32.959    34.629    70.000     0.009      49      23     2.0    36.0
   105.667    32.947    34.629    70.000     0.007      47      22     4.0    36.0
   105.651    32.936    34.629    70.000     0.005      46      23     6.0    36.0
   105.634    32.924    34.629    70.000     0.004      65       4     8.0    36.0
   105.618    32.913    34.629    70.000     0.004      60       2    10.0    36.0
   105.601    32.901    34.629    70.000     0.004      99      35    12.0    36.0
   105.585    32.890    34.629    70.000     0.004      56       2    14.0    36.0
   105.568    32.879    34.629    70.000     0.006      56       2    16.0    36.0
   105.552    32.867    34.629    70.000     0.008      56       2    18.0    36.0
   105.535    32.856    34.629    70.000     0.007      57       2    20.0    36.0
   105.519    32.844    34.629    70.000     0.004      55       2    22.0    36.0
   105.502    32.832    34.629    70.000     0.004      48       1    24.0    36.0
   105.486    32.821    34.629    70.000     0.004      47       1    26.0    36.0
   105.470    32.809    34.629    70.000     0.004      31       1    28.0    36.0
   105.453    32.798    34.629    70.000     0.011      32       1    30.0    36.0
   105.437    32.786    34.629    70.000     0.018      31       1    32.0    36.0
   105.420    32.775    34.629    70.000     0.031      31       1    34.0    36.0
   105.404    32.763    34.629    70.000     0.034      30       1    36.0    36.0
   105.387    32.752    34.629    70.000     0.039      33       3    38.0    36.0
   105.371    32.740    34.629    70.000     0.034      33       3    40.0    36.0
   105.355    32.729    34.629    70.000     0.032       1      37    42.0    36.0
   105.338    32.717    34.629    70.000     0.026       1      37    44.0    36.0
   105.322    32.706    34.629    70.000     0.028       1      37    46.0    36.0
   105.305    32.694    34.629    70.000     0.019       1      37    48.0    36.0
   105.289    32.683    34.629    70.000     0.017       1      37    50.0    36.0
   105.273    32.671    34.629    70.000     0.012       1      37    52.0    36.0
   105.256    32.660    34.629    70.000     0.009       1      37    54.0    36.0
   105.240    32.648    34.629    70.000     0.005       2      37    56.0    36.0
   105.223    32.637    34.629    70.000     0.003       7      37    58.0    36.0
   105.207    32.625    34.629    70.000     0.003      30      31    60.0    36.0
   105.191    32.613    34.629    70.000     0.004      94      34    62.0    36.0
   105.174    32.602    34.629    70.000     0.004      93      34    64.0    36.0
   105.158    32.590    34.629    70.000     0.006      92      34    66.0    36.0
   105.142    32.579    34.629    70.000     0.005      92      34    68.0    36.0
   105.125    32.567    34.629    70.000     0.005      96      34    70.0    36.0
   105.109    32.556    34.629    70.000     0.005      96      34    72.0    36.0
   105.093    32.544    34.629    70.000     0.005      88      36    74.0    36.0
   105.076    32.533    34.629    70.000     0.004      12      37    76.0    36.0
   105.060    32.521    34.629    70.000     0.004      14      37    78.0    36.0
   105.044    32.509    34.629    70.000     0.005      12      37    80.0    36.0
   105.027    32.498    34.629    70.000     0.005      13      37    82.0    36.0
   105.011    32.486    34.629    70.000     0.003       4      37    84.0    36.0
   104.995    32.475    34.629    70.000     0.004       3      37    86.0    36.0
   104.978    32.463    34.629    70.000     0.005       1      37    88.0    36.0
   104.962    32.452    34.629    70.000     0.007       2      37    90.0    36.0
   104.946    32.440    34.629    70.000     0.010      97       2    92.0    36.0
   104.929    32.428    34.629    70.000     0.017      68      32    94.0    36.0
   104.913    32.417    34.629    70.000     0.016      70      32    96.0    36.0
   104.897    32.405    34.629    70.000     0.022      93       2    98.0    36.0
   104.881    32.394    34.629    70.000     0.025      94       4   100.0    36.0
   104.864    32.382    34.629    70.000     0.034      92       5   102.0    36.0
   104.848    32.370    34.629    70.000     0.038      90       6   104.0    36.0
   104.832    32.359    34.629    70.000     0.042      89       6   106.0    36.0
   104.815    32.347    34.629    70.000     0.055      85       7   108.0    36.0
   104.799    32.336    34.629    70.000     0.058      85       7   110.0    36.0
   104.783    32.324    34.629    70.000     0.060      82       5   112.0    36.0
   105.705    32.966    32.750    70.000     0.006      44       1     0.0    34.0
   105.688    32.954    32.750    70.000     0.006      39       1     2.0    34.0
   105.672    32.943    32.750    70.000     0.007      40       1     4.0    34.0
   105.655    32.931    32.750    70.000     0.006      39       1     6.0    34.0
   105.639    32.920    32.750    70.000     0.005      39       1     8.0    34.0
   105.622    32.908    32.750    70.000     0.003      39       1    10.0    34.0
   105.606    32.897    32.750    70.000     0.003      47       1    12.0    34.0
   105.589    32.885    32.750    70.000     0.003      45       1    14.0    34.0
   105.573    32.874    32.750    70.000     0.005      50       1    16.0    34.0
   105.556    32.862    32.750    70.000     0.006      49       1    18.0    34.0
   105.540    32.851    32.750    70.000     0.007      50       1    20.0    34.0
   105.524    32.839    32.750    70.000     0.004      51       1    22.0    34.0
   105.507    32.828    32.750    70.000     0.004      32       1    24.0    34.0
   105.491    32.816    32.750    70.000     0.009      33       1    26.0    34.0
   105.474    32.805    32.750    70.000     0.014      36       1    28.0    34.0
   105.458    32.793    32.750    70.000     0.024      37       1    30.0    34.0
   105.441    32.782    32.750    70.000     0.024      34       1    32.0    34.0
   105.425    32.770    32.750    70.000     0.031      37       1    34.0    34.0
   105.408    32.759    32.750    70.000     0.034      37       1    36.0    34.0
   105.392    32.747    32.750    70.000     0.026      36       1    38.0    34.0
   105.376    32.736    32.750    70.000     0.028      39       1    40.0    34.0
   105.359    32.724    32.750    70.000     0.028      40       1    42.0    34.0
   105.343    32.713    32.750    70.000     0.028      41       1    44.0    34.0
   105.326    32.701    32.750    70.000     0.028       1      37    46.0    34.0
   105.310    32.690    32.750    70.000     0.025       1      37    48.0    34.0
   105.294    32.678    32.750    70.000     0.025       2      37    50.0    34.0
   105.277    32.666    32.750    70.000     0.014       2      37    52.0    34.0
   105.261    32.655    32.750    70.000     0.010       1      37    54.0    34.0
   105.245    32.643    32.750    70.000     0.005       3      37    56.0    34.0
   105.228    32.632    32.750    70.000     0.003       6      37    58.0    34.0
   105.212    32.620    32.750    70.000     0.002     100      33    60.0    34.0
   105.195    32.609    32.750    70.000     0.002      53      11    62.0    34.0
   105.179    32.597    32.750    70.000     0.002     100      33    64.0    34.0
   105.163    32.586    32.750    70.000     0.003     100      34    66.0    34.0
   105.146    32.574    32.750    70.000     0.004      97      36    68.0    34.0
   105.130    32.562    32.750    70.000     0.004      98      34    70.0    34.0
   105.114    32.551    32.750    70.000     0.004      98      34    72.0    34.0
   105.097    32.539    32.750    70.000     0.004     100      34    74.0    34.0
   105.081    32.528    32.750    70.000     0.004     100      35    76.0    34.0
   105.065    32.516    32.750    70.000     0.003     100      36    78.0    34.0
   105.048    32.505    32.750    70.000     0.004      99      35    80.0    34.0
   105.032    32.493    32.750    70.000     0.003      31       1    82.0    34.0
   105.016    32.482    32.750    70.000     0.004       1      37    84.0    34.0
   104.999    32.470    32.750    70.000     0.006       1      37    86.0    34.0
   104.983    32.458    32.750    70.000     0.008       1      37    88.0    34.0
   104.967    32.447    32.750    70.000     0.008       1      37    90.0    34.0
   104.950    32.435    32.750    70.000     0.010       1      37    92.0    34.0
   104.934    32.424    32.750    70.000     0.013      72      32    94.0    34.0
   104.918    32.412    32.750    70.000     0.020      73      32    96.0    34.0
   104.902    32.400    32.750    70.000     0.023     100       2    98.0    34.0
   104.885    32.389    32.750    70.000     0.025      99       2   100.0    34.0
   104.869    32.377    32.750    70.000     0.029     100       2   102.0    34.0
   104.853    32.366    32.750    70.000     0.042     100       2   104.0    34.0
   104.836    32.354    32.750    70.000     0.043      98       2   106.0    34.0
   104.820    32.343    32.750    70.000     0.042      93       7   108.0    34.0
   104.804    32.331    32.750    70.000     0.054      92       8   110.0    34.0
   104.788    32.319    32.750    70.000     0.056      90      11   112.0    34.0
   105.709    32.961    30.870    70.000     0.006      98      31     0.0    32.0
   105.693    32.949    30.870    70.000     0.006       1      37     2.0    32.0
   105.676    32.938    30.870    70.000     0.003      43       1     4.0    32.0
   105.660    32.926    30.870    70.000     0.004      52       2     6.0    32.0
   105.643    32.915    30.870    70.000     0.004      53       2     8.0    32.0
   105.627    32.903    30.870    70.000     0.004      49       2    10.0    32.0
   105.610    32.892    30.870    70.000     0.004      50       2    12.0    32.0
   105.594    32.880    30.870    70.000     0.003      95      13    14.0    32.0
   105.578    32.869    30.870    70.000     0.003      94      14    16.0    32.0
   105.561    32.858    30.870    70.000     0.003      63       1    18.0    32.0
   105.545    32.846    30.870    70.000     0.004      88      20    20.0    32.0
   105.528    32.835    30.870    70.000     0.005      32       1    22.0    32.0
   105.512    32.823    30.870    70.000     0.005       1      37    24.0    32.0
   105.495    32.811    30.870    70.000     0.009       1      37    26.0    32.0
   105.479    32.800    30.870    70.000     0.011       1      37    28.0    32.0
   105.462    32.788    30.870    70.000     0.017       1      37    30.0    32.0
   105.446    32.777    30.870    70.000     0.017       1      37    32.0    32.0
   105.430    32.765    30.870    70.000     0.018       1      37    34.0    32.0
   105.413    32.754    30.870    70.000     0.018       1      37    36.0    32.0
   105.397    32.742    30.870    70.000     0.018       4      37    38.0    32.0
   105.380    32.731    30.870    70.000     0.018       2      37    40.0    32.0
   105.364    32.719    30.870    70.000     0.017      39       1    42.0    32.0
   105.348    32.708    30.870    70.000     0.014       5      37    44.0    32.0
   105.331    32.696    30.870    70.000     0.010       4      37    46.0    32.0
   105.315    32.685    30.870    70.000     0.008       1      37    48.0    32.0
   105.298    32.673    30.870    70.000     0.003       1      37    50.0    32.0
   105.282    32.662    30.870    70.000     0.003       1      37    52.0    32.0
   105.266    32.650    30.870    70.000     0.003       5      37    54.0    32.0
   105.249    32.639    30.870    70.000     0.002      54       9    56.0    32.0
   105.233    32.627    30.870    70.000     0.002      53      10    58.0    32.0
   105.216    32.616    30.870    70.000     0.002      54       9    60.0    32.0
   105.200    32.604    30.870    70.000     0.001      46       1    62.0    32.0
   105.184    32.592    30.870    70.000     0.001     100      36    64.0    32.0
   105.167    32.581    30.870    70.000     0.001     100      36    66.0    32.0
   105.151    32.569    30.870    70.000     0.001       4      37    68.0    32.0
   105.135    32.558    30.870    70.000     0.001      97      36    70.0    32.0
   105.118    32.546    30.870    70.000     0.001       1      37    72.0    32.0
   105.102    32.535    30.870    70.000     0.002       1      37    74.0    32.0
   105.086    32.523    30.870    70.000     0.004       1      37    76.0    32.0
   105.069    32.512    30.870    70.000     0.006       1      37    78.0    32.0
   105.053    32.500    30.870    70.000     0.007       1      37    80.0    32.0
   105.037    32.488    30.870    70.000     0.007       1      37    82.0    32.0
   105.020    32.477    30.870    70.000     0.008       1      37    84.0    32.0
   105.004    32.465    30.870    70.000     0.008       1      37    86.0    32.0
   104.988    32.454    30.870    70.000     0.009       1      37    88.0    32.0
   104.971    32.442    30.870    70.000     0.012       1      37    90.0    32.0
   104.955    32.431    30.870    70.000     0.009      67      37    92.0    32.0
   104.939    32.419    30.870    70.000     0.010      66      37    94.0    32.0
   104.923    32.407    30.870    70.000     0.012     100       7    96.0    32.0
   104.906    32.396    30.870    70.000     0.017     100       2    98.0    32.0
   104.890    32.384    30.870    70.000     0.032      98       2   100.0    32.0
   104.874    32.373    30.870    70.000     0.038      99       2   102.0    32.0
   104.857    32.361    30.870    70.000     0.047      96       3   104.0    32.0
   104.841    32.349    30.870    70.000     0.058      97       3   106.0    32.0
   104.825    32.338    30.870    70.000     0.065      98       3   108.0    32.0
   104.809    32.326    30.870    70.000     0.066      99       3   110.0    32.0
   104.792    32.315    30.870    70.000     0.066      99       3   112.0    32.0
   105.714    32.956    28.991    70.000     0.021      99      32     0.0    30.0
   105.697    32.945    28.991    70.000     0.011     100      32     2.0    30.0
   105.681    32.933    28.991    70.000     0.008      96      32     4.0    30.0
   105.665    32.922    28.991    70.000     0.007     100      20     6.0    30.0
   105.648    32.910    28.991    70.000     0.009     100      16     8.0    30.0
   105.632    32.899    28.991    70.000     0.008      99      20    10.0    30.0
   105.615    32.887    28.991    70.000     0.010      97      14    12.0    30.0
   105.599    32.876    28.991    70.000     0.007      98      12    14.0    30.0
   105.582    32.864    28.991    70.000     0.007     100      11    16.0    30.0
   105.566    32.853    28.991    70.000     0.007      97      24    18.0    30.0
   105.549    32.841    28.991    70.000     0.008      96      11    20.0    30.0
   105.533    32.830    28.991    70.000     0.011      97      16    22.0    30.0
   105.516    32.818    28.991    70.000     0.016      96      14    24.0    30.0
   105.500    32.807    28.991    70.000     0.018      96      23    26.0    30.0
   105.484    32.795    28.991    70.000     0.023      93      18    28.0    30.0
   105.467    32.784    28.991    70.000     0.020      91      21    30.0    30.0
   105.451    32.772    28.991    70.000     0.017      94      22    32.0    30.0
   105.434    32.761    28.991    70.000     0.014      97      25    34.0    30.0
   105.418    32.749    28.991    70.000     0.012      94      25    36.0    30.0
   105.401    32.738    28.991    70.000     0.007      90      25    38.0    30.0
   105.385    32.726    28.991    70.000     0.005      91      27    40.0    30.0
   105.369    32.715    28.991    70.000     0.004      88      23    42.0    30.0
   105.352    32.703    28.991    70.000     0.002      98      36    44.0    30.0
   105.336    32.692    28.991    70.000     0.002     100      36    46.0    30.0
   105.319    32.680    28.991    70.000     0.001     100      36    48.0    30.0
   105.303    32.668    28.991    70.000     0.001       3      11    50.0    30.0
   105.287    32.657    28.991    70.000     0.003       2       9    52.0    30.0
   105.270    32.645    28.991    70.000     0.003       1      10    54.0    30.0
   105.254    32.634    28.991    70.000     0.003       2      10    56.0    30.0
   105.237    32.622    28.991    70.000     0.003       2      10    58.0    30.0
   105.221    32.611    28.991    70.000     0.002       2      10    60.0    30.0
   105.205    32.599    28.991    70.000     0.001       2       7    62.0    30.0
   105.188    32.588    28.991    70.000     0.001       3      37    64.0    30.0
   105.172    32.576    28.991    70.000     0.001       1      37    66.0    30.0
   105.156    32.565    28.991    70.000     0.001       1      37    68.0    30.0
   105.139    32.553    28.991    70.000     0.002       1      37    70.0    30.0
   105.123    32.541    28.991    70.000     0.002       1      37    72.0    30.0
   105.107    32.530    28.991    70.000     0.003       1      37    74.0    30.0
   105.090    32.518    28.991    70.000     0.003       3      37    76.0    30.0
   105.074    32.507    28.991    70.000     0.004       1      37    78.0    30.0
   105.058    32.495    28.991    70.000     0.007       4      37    80.0    30.0
   105.041    32.484    28.991    70.000     0.008       1      37    82.0    30.0
   105.025    32.472    28.991    70.000     0.009       1      37    84.0    30.0
   105.009    32.461    28.991    70.000     0.012      97      33    86.0    30.0
   104.992    32.449    28.991    70.000     0.014      97      33    88.0    30.0
   104.976    32.437    28.991    70.000     0.018      99      33    90.0    30.0
   104.960    32.426    28.991    70.000     0.031     100      24    92.0    30.0
   104.943    32.414    28.991    70.000     0.042     100      24    94.0    30.0
   104.927    32.403    28.991    70.000     0.047     100      28    96.0    30.0
   104.911    32.391    28.991    70.000     0.053      99      29    98.0    30.0
   104.895    32.379    28.991    70.000     0.042      99      24   100.0    30.0
   104.878    32.368    28.991    70.000     0.041      98      22   102.0    30.0
   104.862    32.356    28.991    70.000     0.037      98      17   104.0    30.0
   104.846    32.345    28.991    70.000     0.038       2      30   106.0    30.0
   104.829    32.333    28.991    70.000     0.046      85      29   108.0    30.0
   104.813    32.321    28.991    70.000     0.065      86      29   110.0    30.0
   104.797    32.310    28.991    70.000     0.067      87      30   112.0    30.0
   105.719    32.951    27.111    70.000     0.008     100      26     0.0    28.0
   105.702    32.940    27.111    70.000     0.013     100      28     2.0    28.0
   105.686    32.928    27.111    70.000     0.019     100      28     4.0    28.0
   105.669    32.917    27.111    70.000     0.021     100      28     6.0    28.0
   105.653    32.905    27.111    70.000     0.017     100      29     8.0    28.0
   105.636    32.894    27.111    70.000     0.014      99      32    10.0    28.0
   105.620    32.882    27.111    70.000     0.014      96      32    12.0    28.0
   105.603    32.871    27.111    70.000     0.015      94      25    14.0    28.0
   105.587    32.860    27.111    70.000     0.016      92      27    16.0    28.0
   105.570    32.848    27.111    70.000     0.018      91      28    18.0    28.0
   105.554    32.837    27.111    70.000     0.015      92      25    20.0    28.0
   105.537    32.825    27.111    70.000     0.017      91      26    22.0    28.0
   105.521    32.813    27.111    70.000     0.019      93      18    24.0    28.0
   105.505    32.802    27.111    70.000     0.023      95      18    26.0    28.0
   105.488    32.790    27.111    70.000     0.024      92      22    28.0    28.0
   105.472    32.779    27.111    70.000     0.023      91      20    30.0    28.0
   105.455    32.767    27.111    70.000     0.016      94      22    32.0    28.0
   105.439    32.756    27.111    70.000     0.013      91      19    34.0    28.0
   105.422    32.744    27.111    70.000     0.014      90      19    36.0    28.0
   105.406    32.733    27.111    70.000     0.012      90      19    38.0    28.0
   105.390    32.721    27.111    70.000     0.010      96      35    40.0    28.0
   105.373    32.710    27.111    70.000     0.010      95      35    42.0    28.0
   105.357    32.698    27.111    70.000     0.006      96      35    44.0    28.0
   105.340    32.687    27.111    70.000     0.004      96      35    46.0    28.0
   105.324    32.675    27.111    70.000     0.006       4       7    48.0    28.0
   105.308    32.664    27.111    70.000     0.009       1       9    50.0    28.0
   105.291    32.652    27.111    70.000     0.007       1       8    52.0    28.0
   105.275    32.641    27.111    70.000     0.005       1       9    54.0    28.0
   105.259    32.629    27.111    70.000     0.005       1       8    56.0    28.0
   105.242    32.618    27.111    70.000     0.002       3       8    58.0    28.0
   105.226    32.606    27.111    70.000     0.002       4       7    60.0    28.0
   105.209    32.595    27.111    70.000     0.001      82      35    62.0    28.0
   105.193    32.583    27.111    70.000     0.005     100       2    64.0    28.0
   105.177    32.571    27.111    70.000     0.006     100       2    66.0    28.0
   105.160    32.560    27.111    70.000     0.005      99       2    68.0    28.0
   105.144    32.548    27.111    70.000     0.005      99       2    70.0    28.0
   105.128    32.537    27.111    70.000     0.004      98       2    72.0    28.0
   105.111    32.525    27.111    70.000     0.004      95       6    74.0    28.0
   105.095    32.514    27.111    70.000     0.003      92       7    76.0    28.0
   105.079    32.502    27.111    70.000     0.006     100      14    78.0    28.0
   105.062    32.490    27.111    70.000     0.005     100      23    80.0    28.0
   105.046    32.479    27.111    70.000     0.009      96      24    82.0    28.0
   105.030    32.467    27.111    70.000     0.013      95      23    84.0    28.0
   105.013    32.456    27.111    70.000     0.020      95      30    86.0    28.0
   104.997    32.444    27.111    70.000     0.028      95      31    88.0    28.0
   104.981    32.433    27.111    70.000     0.040      99      32    90.0    28.0
   104.964    32.421    27.111    70.000     0.066     100      31    92.0    28.0
   104.948    32.409    27.111    70.000     0.078     100      32    94.0    28.0
   104.932    32.398    27.111    70.000     0.099     100      32    96.0    28.0
   104.916    32.386    27.111    70.000     0.096     100      30    98.0    28.0
   104.899    32.375    27.111    70.000     0.099     100      30   100.0    28.0
   104.883    32.363    27.111    70.000     0.092     100      33   102.0    28.0
   104.867    32.352    27.111    70.000     0.075      98      30   104.0    28.0
   104.850    32.340    27.111    70.000     0.088       1      28   106.0    28.0
   104.834    32.328    27.111    70.000     0.089       1      27   108.0    28.0
   104.818    32.317    27.111    70.000     0.085       1      27   110.0    28.0
   104.802    32.305    27.111    70.000     0.083      90      28   112.0    28.0
   105.723    32.947    25.232    70.000     0.003      67       1     0.0    26.0
   105.707    32.935    25.232    70.000     0.002      69       1     2.0    26.0
   105.690    32.924    25.232    70.000     0.002      79       1     4.0    26.0
   105.674    32.912    25.232    70.000     0.003      79       1     6.0    26.0
   105.657    32.901    25.232    70.000     0.002      83       2     8.0    26.0
   105.641    32.889    25.232    70.000     0.009     100      32    10.0    26.0
   105.624    32.878    25.232    70.000     0.011     100      29    12.0    26.0
   105.608    32.866    25.232    70.000     0.011     100      30    14.0    26.0
   105.592    32.855    25.232    70.000     0.009     100      19    16.0    26.0
   105.575    32.843    25.232    70.000     0.009     100      12    18.0    26.0
   105.559    32.832    25.232    70.000     0.009      99      22    20.0    26.0
   105.542    32.820    25.232    70.000     0.011      98      22    22.0    26.0
   105.526    32.809    25.232    70.000     0.011      99      20    24.0    26.0
   105.509    32.797    25.232    70.000     0.009      97      22    26.0    26.0
   105.493    32.786    25.232    70.000     0.010      90      14    28.0    26.0
   105.476    32.774    25.232    70.000     0.010      88      14    30.0    26.0
   105.460    32.763    25.232    70.000     0.007      89      16    32.0    26.0
   105.444    32.751    25.232    70.000     0.005      90      14    34.0    26.0
   105.427    32.740    25.232    70.000     0.006      99      35    36.0    26.0
   105.411    32.728    25.232    70.000     0.006      99      35    38.0    26.0
   105.394    32.717    25.232    70.000     0.006      98      34    40.0    26.0
   105.378    32.705    25.232    70.000     0.006      97      33    42.0    26.0
   105.362    32.694    25.232    70.000     0.006      96      33    44.0    26.0
   105.345    32.682    25.232    70.000     0.006      95      33    46.0    26.0
   105.329    32.671    25.232    70.000     0.004      94      33    48.0    26.0
   105.312    32.659    25.232    70.000     0.003      91      35    50.0    26.0
   105.296    32.647    25.232    70.000     0.002      11       8    52.0    26.0
   105.280    32.636    25.232    70.000     0.002      12       7    54.0    26.0
   105.263    32.624    25.232    70.000     0.002      10       7    56.0    26.0
   105.247    32.613    25.232    70.000     0.001       6       8    58.0    26.0
   105.230    32.601    25.232    70.000     0.001     100       3    60.0    26.0
   105.214    32.590    25.232    70.000     0.001      99       3    62.0    26.0
   105.198    32.578    25.232    70.000     0.004      99       4    64.0    26.0
   105.181    32.567    25.232    70.000     0.004      97       3    66.0    26.0
   105.165    32.555    25.232    70.000     0.004      98       5    68.0    26.0
   105.149    32.544    25.232    70.000     0.005      99       3    70.0    26.0
   105.132    32.532    25.232    70.000     0.006      99       4    72.0    26.0
   105.116    32.520    25.232    70.000     0.005     100       5    74.0    26.0
   105.100    32.509    25.232    70.000     0.005      96       3    76.0    26.0
   105.083    32.497    25.232    70.000     0.005      98       5    78.0    26.0
   105.067    32.486    25.232    70.000     0.006     100       5    80.0    26.0
   105.051    32.474    25.232    70.000     0.005     100      10    82.0    26.0
   105.034    32.463    25.232    70.000     0.009     100      12    84.0    26.0
   105.018    32.451    25.232    70.000     0.010     100      25    86.0    26.0
   105.002    32.439    25.232    70.000     0.015     100      27    88.0    26.0
   104.985    32.428    25.232    70.000     0.017     100      25    90.0    26.0
   104.969    32.416    25.232    70.000     0.028     100      32    92.0    26.0
   104.953    32.405    25.232    70.000     0.040     100      32    94.0    26.0
   104.937    32.393    25.232    70.000     0.051      99      33    96.0    26.0
   104.920    32.382    25.232    70.000     0.068     100      33    98.0    26.0
   104.904    32.370    25.232    70.000     0.087     100      31   100.0    26.0
   104.888    32.358    25.232    70.000     0.099     100      32   102.0    26.0
   104.871    32.347    25.232    70.000     0.113     100      32   104.0    26.0
   104.855    32.335    25.232    70.000     0.114     100      32   106.0    26.0
   104.839    32.324    25.232    70.000     0.112     100      32   108.0    26.0
   104.823    32.312    25.232    70.000     0.106     100      31   110.0    26.0
   104.806    32.300    25.232    70.000     0.094     100      31   112.0    26.0
   105.728    32.942    23.353    70.000     0.008      78       2     0.0    24.0
   105.711    32.930    23.353    70.000     0.009      78       2     2.0    24.0
   105.695    32.919    23.353    70.000     0.009      78       2     4.0    24.0
   105.678    32.907    23.353    70.000     0.010      86       1     6.0    24.0
   105.662    32.896    23.353    70.000     0.013      85       1     8.0    24.0
   105.646    32.884    23.353    70.000     0.013      81       1    10.0    24.0
   105.629    32.873    23.353    70.000     0.012      80       1    12.0    24.0
   105.613    32.861    23.353    70.000     0.010      79       1    14.0    24.0
   105.596    32.850    23.353    70.000     0.007      92       2    16.0    24.0
   105.580    32.839    23.353    70.000     0.007      91       2    18.0    24.0
   105.563    32.827    23.353    70.000     0.006      91       3    20.0    24.0
   105.547    32.816    23.353    70.000     0.005      88       3    22.0    24.0
   105.530    32.804    23.353    70.000     0.006      85       3    24.0    24.0
   105.514    32.792    23.353    70.000     0.004      88       4    26.0    24.0
   105.497    32.781    23.353    70.000     0.003      90      13    28.0    24.0
   105.481    32.769    23.353    70.000     0.004      95      12    30.0    24.0
   105.465    32.758    23.353    70.000     0.004      96      11    32.0    24.0
   105.448    32.746    23.353    70.000     0.003     100      16    34.0    24.0
   105.432    32.735    23.353    70.000     0.003      98      32    36.0    24.0
   105.415    32.723    23.353    70.000     0.007      97      33    38.0    24.0
   105.399    32.712    23.353    70.000     0.009      98      32    40.0    24.0
   105.383    32.700    23.353    70.000     0.007      97      33    42.0    24.0
   105.366    32.689    23.353    70.000     0.007      99      32    44.0    24.0
   105.350    32.677    23.353    70.000     0.008      99      31    46.0    24.0
   105.333    32.666    23.353    70.000     0.007      99      30    48.0    24.0
   105.317    32.654    23.353    70.000     0.005     100      29    50.0    24.0
   105.301    32.643    23.353    70.000     0.004      99      29    52.0    24.0
   105.284    32.631    23.353    70.000     0.002      19       3    54.0    24.0
   105.268    32.620    23.353    70.000     0.002     100       5    56.0    24.0
   105.251    32.608    23.353    70.000     0.003     100       4    58.0    24.0
   105.235    32.597    23.353    70.000     0.004     100       4    60.0    24.0
   105.219    32.585    23.353    70.000     0.003     100       4    62.0    24.0
   105.202    32.573    23.353    70.000     0.006     100       4    64.0    24.0
   105.186    32.562    23.353    70.000     0.006     100       4    66.0    24.0
   105.170    32.550    23.353    70.000     0.005     100       4    68.0    24.0
   105.153    32.539    23.353    70.000     0.005     100       6    70.0    24.0
   105.137    32.527    23.353    70.000     0.004     100       3    72.0    24.0
   105.121    32.516    23.353    70.000     0.005     100       3    74.0    24.0
   105.104    32.504    23.353    70.000     0.003      33      37    76.0    24.0
   105.088    32.493    23.353    70.000     0.005      32      37    78.0    24.0
   105.072    32.481    23.353    70.000     0.005      31      37    80.0    24.0
   105.055    32.469    23.353    70.000     0.006      33      37    82.0    24.0
   105.039    32.458    23.353    70.000     0.009      33      37    84.0    24.0
   105.023    32.446    23.353    70.000     0.011      33      37    86.0    24.0
   105.006    32.435    23.353    70.000     0.014      33      37    88.0    24.0
   104.990    32.423    23.353    70.000     0.015      32      37    90.0    24.0
   104.974    32.412    23.353    70.000     0.016      32      37    92.0    24.0
   104.957    32.400    23.353    70.000     0.018      70       1    94.0    24.0
   104.941    32.388    23.353    70.000     0.020      71       1    96.0    24.0
   104.925    32.377    23.353    70.000     0.033     100      31    98.0    24.0
   104.909    32.365    23.353    70.000     0.065      99      32   100.0    24.0
   104.892    32.354    23.353    70.000     0.083     100      32   102.0    24.0
   104.876    32.342    23.353    70.000     0.102     100      33   104.0    24.0
   104.860    32.330    23.353    70.000     0.102      99      32   106.0    24.0
   104.844    32.319    23.353    70.000     0.101      99      32   108.0    24.0
   104.827    32.307    23.353    70.000     0.081     100      32   110.0    24.0
   104.811    32.296    23.353    70.000     0.070     100      32   112.0    24.0
   105.733    32.937    21.473    70.000     0.013      11       3     0.0    22.0
   105.716    32.926    21.473    70.000     0.012      89       1     2.0    22.0
   105.700    32.914    21.473    70.000     0.014      90       1     4.0    22.0
   105.683    32.903    21.473    70.000     0.015      90       1     6.0    22.0
   105.667    32.891    21.473    70.000     0.018      87       1     8.0    22.0
   105.650    32.880    21.473    70.000     0.021      88       1    10.0    22.0
   105.634    32.868    21.473    70.000     0.020      88       1    12.0    22.0
   105.617    32.857    21.473    70.000     0.014      85       2    14.0    22.0
   105.601    32.845    21.473    70.000     0.012      83       1    16.0    22.0
   105.584    32.834    21.473    70.000     0.006      88       1    18.0    22.0
   105.568    32.822    21.473    70.000     0.005      86       1    20.0    22.0
   105.551    32.811    21.473    70.000     0.003      90       1    22.0    22.0
   105.535    32.799    21.473    70.000     0.002      92       1    24.0    22.0
   105.519    32.788    21.473    70.000     0.001      91       1    26.0    22.0
   105.502    32.776    21.473    70.000     0.001      25       7    28.0    22.0
   105.486    32.765    21.473    70.000     0.001      25       7    30.0    22.0
   105.469    32.753    21.473    70.000     0.001       4       1    32.0    22.0
   105.453    32.742    21.473    70.000     0.001       6       1    34.0    22.0
   105.436    32.730    21.473    70.000     0.001       6       1    36.0    22.0
   105.420    32.719    21.473    70.000     0.001       3       1    38.0    22.0
   105.404    32.707    21.473    70.000     0.002       2       1    40.0    22.0
   105.387    32.696    21.473    70.000     0.001      78      37    42.0    22.0
   105.371    32.684    21.473    70.000     0.002     100      30    44.0    22.0
   105.354    32.673    21.473    70.000     0.003     100      30    46.0    22.0
   105.338    32.661    21.473    70.000     0.004     100      30    48.0    22.0
   105.322    32.650    21.473    70.000     0.004     100      30    50.0    22.0
   105.305    32.638    21.473    70.000     0.003     100      28    52.0    22.0
   105.289    32.626    21.473    70.000     0.002      98      29    54.0    22.0
   105.273    32.615    21.473    70.000     0.002      72      33    56.0    22.0
   105.256    32.603    21.473    70.000     0.002      73      33    58.0    22.0
   105.240    32.592    21.473    70.000     0.001      57      37    60.0    22.0
   105.223    32.580    21.473    70.000     0.001     100       1    62.0    22.0
   105.207    32.569    21.473    70.000     0.002     100       1    64.0    22.0
   105.191    32.557    21.473    70.000     0.002      48      37    66.0    22.0
   105.174    32.546    21.473    70.000     0.002      44      37    68.0    22.0
   105.158    32.534    21.473    70.000     0.003      44      37    70.0    22.0
   105.142    32.523    21.473    70.000     0.004      41      37    72.0    22.0
   105.125    32.511    21.473    70.000     0.006      38      37    74.0    22.0
   105.109    32.499    21.473    70.000     0.006      37      37    76.0    22.0
   105.093    32.488    21.473    70.000     0.010      34      37    78.0    22.0
   105.076    32.476    21.473    70.000     0.010      32      37    80.0    22.0
   105.060    32.465    21.473    70.000     0.015      29      37    82.0    22.0
   105.044    32.453    21.473    70.000     0.015      29      37    84.0    22.0
   105.027    32.442    21.473    70.000     0.016      33      37    86.0    22.0
   105.011    32.430    21.473    70.000     0.025      34      37    88.0    22.0
   104.995    32.418    21.473    70.000     0.025      37      37    90.0    22.0
   104.978    32.407    21.473    70.000     0.033      36      37    92.0    22.0
   104.962    32.395    21.473    70.000     0.032      37      37    94.0    22.0
   104.946    32.384    21.473    70.000     0.030      77       2    96.0    22.0
   104.930    32.372    21.473    70.000     0.030      36      37    98.0    22.0
   104.913    32.361    21.473    70.000     0.025      76       2   100.0    22.0
   104.897    32.349    21.473    70.000     0.023      74       1   102.0    22.0
   104.881    32.337    21.473    70.000     0.018      71       1   104.0    22.0
   104.864    32.326    21.473    70.000     0.017     100      33   106.0    22.0
   104.848    32.314    21.473    70.000     0.029     100      35   108.0    22.0
   104.832    32.303    21.473    70.000     0.021     100      35   110.0    22.0
   104.816    32.291    21.473    70.000     0.023     100      33   112.0    22.0
   105.737    32.932    19.594    70.000     0.010      15       3     0.0    20.0
   105.721    32.921    19.594    70.000     0.010      19       3     2.0    20.0
   105.704    32.909    19.594    70.000     0.013      94       1     4.0    20.0
   105.688    32.898    19.594    70.000     0.014      93       1     6.0    20.0
   105.671    32.886    19.594    70.000     0.015      92       1     8.0    20.0
   105.655    32.875    19.594    70.000     0.015      91       1    10.0    20.0
   105.638    32.863    19.594    70.000     0.014      87       1    12.0    20.0
   105.622    32.852    19.594    70.000     0.014      89       1    14.0    20.0
   105.605    32.840    19.594    70.000     0.010      89       1    16.0    20.0
   105.589    32.829    19.594    70.000     0.006      87       1    18.0    20.0
   105.573    32.818    19.594    70.000     0.002      84       1    20.0    20.0
   105.556    32.806    19.594    70.000     0.002      98       1    22.0    20.0
   105.540    32.795    19.594    70.000     0.001      97       1    24.0    20.0
   105.523    32.783    19.594    70.000     0.001      97       1    26.0    20.0
   105.507    32.771    19.594    70.000     0.001      62       9    28.0    20.0
   105.490    32.760    19.594    70.000     0.001      60       8    30.0    20.0
   105.474    32.748    19.594    70.000     0.002      60       9    32.0    20.0
   105.458    32.737    19.594    70.000     0.001       2       1    34.0    20.0
   105.441    32.725    19.594    70.000     0.002       1       1    36.0    20.0
   105.425    32.714    19.594    70.000     0.001       2       1    38.0    20.0
   105.408    32.702    19.594    70.000     0.002      84      37    40.0    20.0
   105.392    32.691    19.594    70.000     0.003      83      37    42.0    20.0
   105.375    32.679    19.594    70.000     0.004      81      34    44.0    20.0
   105.359    32.668    19.594    70.000     0.005      80      34    46.0    20.0
   105.343    32.656    19.594    70.000     0.006      77      37    48.0    20.0
   105.326    32.645    19.594    70.000     0.005      78      37    50.0    20.0
   105.310    32.633    19.594    70.000     0.004      77      34    52.0    20.0
   105.294    32.622    19.594    70.000     0.002      76      34    54.0    20.0
   105.277    32.610    19.594    70.000     0.002      71      33    56.0    20.0
   105.261    32.599    19.594    70.000     0.002      71      33    58.0    20.0
   105.244    32.587    19.594    70.000     0.002      73      33    60.0    20.0
   105.228    32.576    19.594    70.000     0.002      52      37    62.0    20.0
   105.212    32.564    19.594    70.000     0.004      46      37    64.0    20.0
   105.195    32.552    19.594    70.000     0.007      46      37    66.0    20.0
   105.179    32.541    19.594    70.000     0.007      50      37    68.0    20.0
   105.163    32.529    19.594    70.000     0.008      51      37    70.0    20.0
   105.146    32.518    19.594    70.000     0.010      96       1    72.0    20.0
   105.130    32.506    19.594    70.000     0.014      85       2    74.0    20.0
   105.114    32.495    19.594    70.000     0.018      82       2    76.0    20.0
   105.097    32.483    19.594    70.000     0.022      85       2    78.0    20.0
   105.081    32.472    19.594    70.000     0.029      83       2    80.0    20.0
   105.065    32.460    19.594    70.000     0.029      82       2    82.0    20.0
   105.048    32.448    19.594    70.000     0.029      84       2    84.0    20.0
   105.032    32.437    19.594    70.000     0.024      84       2    86.0    20.0
   105.016    32.425    19.594    70.000     0.025      74       2    88.0    20.0
   104.999    32.414    19.594    70.000     0.028      77       2    90.0    20.0
   104.983    32.402    19.594    70.000     0.028      78       2    92.0    20.0
   104.967    32.391    19.594    70.000     0.027      79       2    94.0    20.0
   104.951    32.379    19.594    70.000     0.027      79       2    96.0    20.0
   104.934    32.367    19.594    70.000     0.025      81       2    98.0    20.0
   104.918    32.356    19.594    70.000     0.019      75       2   100.0    20.0
   104.902    32.344    19.594    70.000     0.019      77       2   102.0    20.0
   104.885    32.333    19.594    70.000     0.019      76       2   104.0    20.0
   104.869    32.321    19.594    70.000     0.017      76       2   106.0    20.0
   104.853    32.309    19.594    70.000     0.012      73       2   108.0    20.0
   104.837    32.298    19.594    70.000     0.011      72       1   110.0    20.0
   104.820    32.286    19.594    70.000     0.008      70       1   112.0    20.0
   105.742    32.928    17.714    70.000     0.010      98       1     0.0    18.0
   105.725    32.916    17.714    70.000     0.010      99       1     2.0    18.0
   105.709    32.905    17.714    70.000     0.006      99       1     4.0    18.0
   105.692    32.893    17.714    70.000     0.004      27       6     6.0    18.0
   105.676    32.882    17.714    70.000     0.004      92       1     8.0    18.0
   105.660    32.870    17.714    70.000     0.004      22       1    10.0    18.0
   105.643    32.859    17.714    70.000     0.004      21       1    12.0    18.0
   105.627    32.847    17.714    70.000     0.004      19       1    14.0    18.0
   105.610    32.836    17.714    70.000     0.002      18       1    16.0    18.0
   105.594    32.824    17.714    70.000     0.002       1      31    18.0    18.0
   105.577    32.813    17.714    70.000     0.002       2      31    20.0    18.0
   105.561    32.801    17.714    70.000     0.003      61      12    22.0    18.0
   105.544    32.790    17.714    70.000     0.004      60      10    24.0    18.0
   105.528    32.778    17.714    70.000     0.006      60      10    26.0    18.0
   105.511    32.767    17.714    70.000     0.006      59       9    28.0    18.0
   105.495    32.755    17.714    70.000     0.009      58      10    30.0    18.0
   105.479    32.744    17.714    70.000     0.010      57       9    32.0    18.0
   105.462    32.732    17.714    70.000     0.010      58       8    34.0    18.0
   105.446    32.721    17.714    70.000     0.007      58       7    36.0    18.0
   105.429    32.709    17.714    70.000     0.007      58       7    38.0    18.0
   105.413    32.698    17.714    70.000     0.004      58       5    40.0    18.0
   105.397    32.686    17.714    70.000     0.004       3       1    42.0    18.0
   105.380    32.675    17.714    70.000     0.004       1       1    44.0    18.0
   105.364    32.663    17.714    70.000     0.003       1       1    46.0    18.0
   105.347    32.652    17.714    70.000     0.004       1       1    48.0    18.0
   105.331    32.640    17.714    70.000     0.005       2       1    50.0    18.0
   105.315    32.629    17.714    70.000     0.005       1       1    52.0    18.0
   105.298    32.617    17.714    70.000     0.003       1       1    54.0    18.0
   105.282    32.605    17.714    70.000     0.003       5       1    56.0    18.0
   105.265    32.594    17.714    70.000     0.004       7       1    58.0    18.0
   105.249    32.582    17.714    70.000     0.007       9       1    60.0    18.0
   105.233    32.571    17.714    70.000     0.008       9       1    62.0    18.0
   105.216    32.559    17.714    70.000     0.007      12       1    64.0    18.0
   105.200    32.548    17.714    70.000     0.008      13       1    66.0    18.0
   105.184    32.536    17.714    70.000     0.008      51      37    68.0    18.0
   105.167    32.525    17.714    70.000     0.009      87       2    70.0    18.0
   105.151    32.513    17.714    70.000     0.015      87       2    72.0    18.0
   105.135    32.502    17.714    70.000     0.017      85       2    74.0    18.0
   105.118    32.490    17.714    70.000     0.020      85       2    76.0    18.0
   105.102    32.478    17.714    70.000     0.022      86       2    78.0    18.0
   105.086    32.467    17.714    70.000     0.026      87       2    80.0    18.0
   105.069    32.455    17.714    70.000     0.028      85       2    82.0    18.0
   105.053    32.444    17.714    70.000     0.027      84       2    84.0    18.0
   105.037    32.432    17.714    70.000     0.022      81       2    86.0    18.0
   105.020    32.421    17.714    70.000     0.019      88       1    88.0    18.0
   105.004    32.409    17.714    70.000     0.022      86       2    90.0    18.0
   104.988    32.397    17.714    70.000     0.020      88       4    92.0    18.0
   104.971    32.386    17.714    70.000     0.014      86       2    94.0    18.0
   104.955    32.374    17.714    70.000     0.010      80       2    96.0    18.0
   104.939    32.363    17.714    70.000     0.010      80       2    98.0    18.0
   104.923    32.351    17.714    70.000     0.010      82       2   100.0    18.0
   104.906    32.339    17.714    70.000     0.011      80       2   102.0    18.0
   104.890    32.328    17.714    70.000     0.011      78       2   104.0    18.0
   104.874    32.316    17.714    70.000     0.010      77       2   106.0    18.0
   104.858    32.305    17.714    70.000     0.010      79       2   108.0    18.0
   104.841    32.293    17.714    70.000     0.008      79       2   110.0    18.0
   104.825    32.282    17.714    70.000     0.006      79       2   112.0    18.0
   105.747    32.923    15.835    70.000     0.006      98       1     0.0    16.0
   105.730    32.911    15.835    70.000     0.005      96       1     2.0    16.0
   105.714    32.900    15.835    70.000     0.004      98       1     4.0    16.0
   105.697    32.888    15.835    70.000     0.003      99       1     6.0    16.0
   105.681    32.877    15.835    70.000     0.002     100       1     8.0    16.0
   105.664    32.865    15.835    70.000     0.002     100       1    10.0    16.0
   105.648    32.854    15.835    70.000     0.001     100       1    12.0    16.0
   105.631    32.842    15.835    70.000     0.002     100       1    14.0    16.0
   105.615    32.831    15.835    70.000     0.002      61      27    16.0    16.0
   105.598    32.819    15.835    70.000     0.004      59      26    18.0    16.0
   105.582    32.808    15.835    70.000     0.007      60      23    20.0    16.0
   105.565    32.797    15.835    70.000     0.007      62      14    22.0    16.0
   105.549    32.785    15.835    70.000     0.009      62      12    24.0    16.0
   105.533    32.774    15.835    70.000     0.007      59      12    26.0    16.0
   105.516    32.762    15.835    70.000     0.007      58      11    28.0    16.0
   105.500    32.750    15.835    70.000     0.008      61       8    30.0    16.0
   105.483    32.739    15.835    70.000     0.007      62       7    32.0    16.0
   105.467    32.727    15.835    70.000     0.006      61       6    34.0    16.0
   105.450    32.716    15.835    70.000     0.004      59       6    36.0    16.0
   105.434    32.704    15.835    70.000     0.003      53       8    38.0    16.0
   105.418    32.693    15.835    70.000     0.003      54       6    40.0    16.0
   105.401    32.681    15.835    70.000     0.003       1       2    42.0    16.0
   105.385    32.670    15.835    70.000     0.005       1       2    44.0    16.0
   105.368    32.658    15.835    70.000     0.007       1       2    46.0    16.0
   105.352    32.647    15.835    70.000     0.005       1       2    48.0    16.0
   105.336    32.635    15.835    70.000     0.005       1       2    50.0    16.0
   105.319    32.624    15.835    70.000     0.003       1       2    52.0    16.0
   105.303    32.612    15.835    70.000     0.003       1       2    54.0    16.0
   105.287    32.601    15.835    70.000     0.003      12       1    56.0    16.0
   105.270    32.589    15.835    70.000     0.005      13       1    58.0    16.0
   105.254    32.578    15.835    70.000     0.006      85      27    60.0    16.0
   105.237    32.566    15.835    70.000     0.008      83      26    62.0    16.0
   105.221    32.555    15.835    70.000     0.008      80      24    64.0    16.0
   105.205    32.543    15.835    70.000     0.007      84      20    66.0    16.0
   105.188    32.531    15.835    70.000     0.006      80      22    68.0    16.0
   105.172    32.520    15.835    70.000     0.005      83      23    70.0    16.0
   105.156    32.508    15.835    70.000     0.007      90       2    72.0    16.0
   105.139    32.497    15.835    70.000     0.009      90       2    74.0    16.0
   105.123    32.485    15.835    70.000     0.010      92       1    76.0    16.0
   105.107    32.474    15.835    70.000     0.012      89       2    78.0    16.0
   105.090    32.462    15.835    70.000     0.011      91       1    80.0    16.0
   105.074    32.451    15.835    70.000     0.011      87       2    82.0    16.0
   105.058    32.439    15.835    70.000     0.011      86       2    84.0    16.0
   105.041    32.427    15.835    70.000     0.012      87       2    86.0    16.0
   105.025    32.416    15.835    70.000     0.009      89       1    88.0    16.0
   105.009    32.404    15.835    70.000     0.007      85       2    90.0    16.0
   104.992    32.393    15.835    70.000     0.004      83       2    92.0    16.0
   104.976    32.381    15.835    70.000     0.004      78       2    94.0    16.0
   104.960    32.370    15.835    70.000     0.004      77       2    96.0    16.0
   104.944    32.358    15.835    70.000     0.003      76       2    98.0    16.0
   104.927    32.346    15.835    70.000     0.002      99       1   100.0    16.0
   104.911    32.335    15.835    70.000     0.001      57       8   102.0    16.0
   104.895    32.323    15.835    70.000     0.002      27      17   104.0    16.0
   104.878    32.312    15.835    70.000     0.003      25      17   106.0    16.0
   104.862    32.300    15.835    70.000     0.003      28      19   108.0    16.0
   104.846    32.288    15.835    70.000     0.004      28      20   110.0    16.0
   104.830    32.277    15.835    70.000     0.006      29      20   112.0    16.0
   105.751    32.918    13.956    70.000     0.002       8      37     0.0    14.0
   105.735    32.907    13.956    70.000     0.002      53       5     2.0    14.0
   105.718    32.895    13.956    70.000     0.003      52       5     4.0    14.0
   105.702    32.884    13.956    70.000     0.003      56       4     6.0    14.0
   105.685    32.872    13.956    70.000     0.005      54       5     8.0    14.0
   105.669    32.861    13.956    70.000     0.005      52       5    10.0    14.0
   105.652    32.849    13.956    70.000     0.005      54       6    12.0    14.0
   105.636    32.838    13.956    70.000     0.004      53       4    14.0    14.0
   105.619    32.826    13.956    70.000     0.003      53       5    16.0    14.0
   105.603    32.815    13.956    70.000     0.003      61       9    18.0    14.0
   105.587    32.803    13.956    70.000     0.004      61      16    20.0    14.0
   105.570    32.792    13.956    70.000     0.005      55      14    22.0    14.0
   105.554    32.780    13.956    70.000     0.004      62      13    24.0    14.0
   105.537    32.769    13.956    70.000     0.003      53      17    26.0    14.0
   105.521    32.757    13.956    70.000     0.003      52      16    28.0    14.0
   105.504    32.746    13.956    70.000     0.003       1      12    30.0    14.0
   105.488    32.734    13.956    70.000     0.004       1      11    32.0    14.0
   105.472    32.723    13.956    70.000     0.003       1      15    34.0    14.0
   105.455    32.711    13.956    70.000     0.003       1      14    36.0    14.0
   105.439    32.700    13.956    70.000     0.003       1       4    38.0    14.0
   105.422    32.688    13.956    70.000     0.003       1       4    40.0    14.0
   105.406    32.677    13.956    70.000     0.003       1       3    42.0    14.0
   105.389    32.665    13.956    70.000     0.005       1       3    44.0    14.0
   105.373    32.654    13.956    70.000     0.006       1       4    46.0    14.0
   105.357    32.642    13.956    70.000     0.007       1       3    48.0    14.0
   105.340    32.631    13.956    70.000     0.005       1       3    50.0    14.0
   105.324    32.619    13.956    70.000     0.005       1       3    52.0    14.0
   105.308    32.607    13.956    70.000     0.006       1       3    54.0    14.0
   105.291    32.596    13.956    70.000     0.006       1       3    56.0    14.0
   105.275    32.584    13.956    70.000     0.005      88      26    58.0    14.0
   105.258    32.573    13.956    70.000     0.005      90      26    60.0    14.0
   105.242    32.561    13.956    70.000     0.004      86      26    62.0    14.0
   105.226    32.550    13.956    70.000     0.004      86      26    64.0    14.0
   105.209    32.538    13.956    70.000     0.002      87      25    66.0    14.0
   105.193    32.527    13.956    70.000     0.002      89      25    68.0    14.0
   105.177    32.515    13.956    70.000     0.001      65      17    70.0    14.0
   105.160    32.504    13.956    70.000     0.002      64      20    72.0    14.0
   105.144    32.492    13.956    70.000     0.003      65      18    74.0    14.0
   105.128    32.480    13.956    70.000     0.003      66      18    76.0    14.0
   105.111    32.469    13.956    70.000     0.004      60      17    78.0    14.0
   105.095    32.457    13.956    70.000     0.005      59      28    80.0    14.0
   105.079    32.446    13.956    70.000     0.006      58      27    82.0    14.0
   105.062    32.434    13.956    70.000     0.007      58      28    84.0    14.0
   105.046    32.423    13.956    70.000     0.006      57      27    86.0    14.0
   105.030    32.411    13.956    70.000     0.007      54      23    88.0    14.0
   105.013    32.400    13.956    70.000     0.008      58      13    90.0    14.0
   104.997    32.388    13.956    70.000     0.009      55      10    92.0    14.0
   104.981    32.376    13.956    70.000     0.007      57      11    94.0    14.0
   104.965    32.365    13.956    70.000     0.008      61      12    96.0    14.0
   104.948    32.353    13.956    70.000     0.006      60      12    98.0    14.0
   104.932    32.342    13.956    70.000     0.004      60      12   100.0    14.0
   104.916    32.330    13.956    70.000     0.004      26      20   102.0    14.0
   104.899    32.318    13.956    70.000     0.006      25      21   104.0    14.0
   104.883    32.307    13.956    70.000     0.007      24      20   106.0    14.0
   104.867    32.295    13.956    70.000     0.007      23      20   108.0    14.0
   104.851    32.284    13.956    70.000     0.008      35      11   110.0    14.0
   104.834    32.272    13.956    70.000     0.012      29      10   112.0    14.0
   105.756    32.913    12.076    70.000     0.006      58       5     0.0    12.0
   105.739    32.902    12.076    70.000     0.008      60       5     2.0    12.0
   105.723    32.890    12.076    70.000     0.009      58       5     4.0    12.0
   105.706    32.879    12.076    70.000     0.008      55       5     6.0    12.0
   105.690    32.867    12.076    70.000     0.010      57       5     8.0    12.0
   105.673    32.856    12.076    70.000     0.010      61       9    10.0    12.0
   105.657    32.844    12.076    70.000     0.009      60       9    12.0    12.0
   105.641    32.833    12.076    70.000     0.008      61       7    14.0    12.0
   105.624    32.821    12.076    70.000     0.006      61       6    16.0    12.0
   105.608    32.810    12.076    70.000     0.005      64      13    18.0    12.0
   105.591    32.799    12.076    70.000     0.004      24      37    20.0    12.0
   105.575    32.787    12.076    70.000     0.004       2      15    22.0    12.0
   105.558    32.776    12.076    70.000     0.007       1      16    24.0    12.0
   105.542    32.764    12.076    70.000     0.007       1      19    26.0    12.0
   105.525    32.752    12.076    70.000     0.007       1      20    28.0    12.0
   105.509    32.741    12.076    70.000     0.006       1      11    30.0    12.0
   105.493    32.729    12.076    70.000     0.005       1      16    32.0    12.0
   105.476    32.718    12.076    70.000     0.003       7      10    34.0    12.0
   105.460    32.706    12.076    70.000     0.003       5      12    36.0    12.0
   105.443    32.695    12.076    70.000     0.003       3      10    38.0    12.0
   105.427    32.683    12.076    70.000     0.003       7       8    40.0    12.0
   105.411    32.672    12.076    70.000     0.003       8       9    42.0    12.0
   105.394    32.660    12.076    70.000     0.003      78       4    44.0    12.0
   105.378    32.649    12.076    70.000     0.004      80       5    46.0    12.0
   105.361    32.637    12.076    70.000     0.003      10       4    48.0    12.0
   105.345    32.626    12.076    70.000     0.004       8       4    50.0    12.0
   105.329    32.614    12.076    70.000     0.004      88      16    52.0    12.0
   105.312    32.603    12.076    70.000     0.007      88      19    54.0    12.0
   105.296    32.591    12.076    70.000     0.011      88      26    56.0    12.0
   105.279    32.580    12.076    70.000     0.012       1       4    58.0    12.0
   105.263    32.568    12.076    70.000     0.010       1       4    60.0    12.0
   105.247    32.557    12.076    70.000     0.008       1       4    62.0    12.0
   105.230    32.545    12.076    70.000     0.005      87      22    64.0    12.0
   105.214    32.534    12.076    70.000     0.004       1       3    66.0    12.0
   105.198    32.522    12.076    70.000     0.006      69      16    68.0    12.0
   105.181    32.510    12.076    70.000     0.009      69      17    70.0    12.0
   105.165    32.499    12.076    70.000     0.009      70      17    72.0    12.0
   105.149    32.487    12.076    70.000     0.007      69      17    74.0    12.0
   105.132    32.476    12.076    70.000     0.006      63      17    76.0    12.0
   105.116    32.464    12.076    70.000     0.010      61      16    78.0    12.0
   105.100    32.453    12.076    70.000     0.010      63      16    80.0    12.0
   105.083    32.441    12.076    70.000     0.010      63      12    82.0    12.0
   105.067    32.429    12.076    70.000     0.011      60      20    84.0    12.0
   105.051    32.418    12.076    70.000     0.012      61      21    86.0    12.0
   105.034    32.406    12.076    70.000     0.014      61      23    88.0    12.0
   105.018    32.395    12.076    70.000     0.011      61      20    90.0    12.0
   105.002    32.383    12.076    70.000     0.010      62      19    92.0    12.0
   104.985    32.372    12.076    70.000     0.009      61      13    94.0    12.0
   104.969    32.360    12.076    70.000     0.009      36       1    96.0    12.0
   104.953    32.348    12.076    70.000     0.009      34       1    98.0    12.0
   104.937    32.337    12.076    70.000     0.009      34       1   100.0    12.0
   104.920    32.325    12.076    70.000     0.008      38       1   102.0    12.0
   104.904    32.314    12.076    70.000     0.007      38       1   104.0    12.0
   104.888    32.302    12.076    70.000     0.007      43      10   106.0    12.0
   104.872    32.291    12.076    70.000     0.009      42      11   108.0    12.0
   104.855    32.279    12.076    70.000     0.008      43      12   110.0    12.0
   104.839    32.267    12.076    70.000     0.008      34      11   112.0    12.0
   105.761    32.909    10.197    70.000     0.003      18      37     0.0    10.0
   105.744    32.897    10.197    70.000     0.003      66       5     2.0    10.0
   105.728    32.886    10.197    70.000     0.004      67       5     4.0    10.0
   105.711    32.874    10.197    70.000     0.005      69       6     6.0    10.0
   105.695    32.863    10.197    70.000     0.005      66       6     8.0    10.0
   105.678    32.851    10.197    70.000     0.007       1       3    10.0    10.0
   105.662    32.840    10.197    70.000     0.010       1       3    12.0    10.0
   105.645    32.828    10.197    70.000     0.016       1       3    14.0    10.0
   105.629    32.817    10.197    70.000     0.020       1       3    16.0    10.0
   105.612    32.805    10.197    70.000     0.015       1       3    18.0    10.0
   105.596    32.794    10.197    70.000     0.011       1       3    20.0    10.0
   105.579    32.782    10.197    70.000     0.008       1       7    22.0    10.0
   105.563    32.771    10.197    70.000     0.007       1      14    24.0    10.0
   105.547    32.759    10.197    70.000     0.006       1      17    26.0    10.0
   105.530    32.748    10.197    70.000     0.005       1      15    28.0    10.0
   105.514    32.736    10.197    70.000     0.003       1      17    30.0    10.0
   105.497    32.725    10.197    70.000     0.002       2      21    32.0    10.0
   105.481    32.713    10.197    70.000     0.003       1      25    34.0    10.0
   105.464    32.702    10.197    70.000     0.005      93       5    36.0    10.0
   105.448    32.690    10.197    70.000     0.007      92       5    38.0    10.0
   105.432    32.679    10.197    70.000     0.008      87       4    40.0    10.0
   105.415    32.667    10.197    70.000     0.008      83       4    42.0    10.0
   105.399    32.656    10.197    70.000     0.007      86       5    44.0    10.0
   105.382    32.644    10.197    70.000     0.007      82       5    46.0    10.0
   105.366    32.633    10.197    70.000     0.009      93       6    48.0    10.0
   105.350    32.621    10.197    70.000     0.008      92       6    50.0    10.0
   105.333    32.610    10.197    70.000     0.009      94      16    52.0    10.0
   105.317    32.598    10.197    70.000     0.009      94      16    54.0    10.0
   105.300    32.586    10.197    70.000     0.007      94      27    56.0    10.0
   105.284    32.575    10.197    70.000     0.007      91      24    58.0    10.0
   105.268    32.563    10.197    70.000     0.006      89      26    60.0    10.0
   105.251    32.552    10.197    70.000     0.005      89      27    62.0    10.0
   105.235    32.540    10.197    70.000     0.006      77      15    64.0    10.0
   105.219    32.529    10.197    70.000     0.007      77      16    66.0    10.0
   105.202    32.517    10.197    70.000     0.010      98      37    68.0    10.0
   105.186    32.506    10.197    70.000     0.008      97      37    70.0    10.0
   105.170    32.494    10.197    70.000     0.009      95      37    72.0    10.0
   105.153    32.483    10.197    70.000     0.009      97      37    74.0    10.0
   105.137    32.471    10.197    70.000     0.009      99      37    76.0    10.0
   105.121    32.459    10.197    70.000     0.008      62       5    78.0    10.0
   105.104    32.448    10.197    70.000     0.008      63       5    80.0    10.0
   105.088    32.436    10.197    70.000     0.008      95      37    82.0    10.0
   105.072    32.425    10.197    70.000     0.009      37       1    84.0    10.0
   105.055    32.413    10.197    70.000     0.013      35       1    86.0    10.0
   105.039    32.402    10.197    70.000     0.018      36       1    88.0    10.0
   105.023    32.390    10.197    70.000     0.020      36       1    90.0    10.0
   105.006    32.378    10.197    70.000     0.021      36       1    92.0    10.0
   104.990    32.367    10.197    70.000     0.023      36       1    94.0    10.0
   104.974    32.355    10.197    70.000     0.026      32       1    96.0    10.0
   104.958    32.344    10.197    70.000     0.027      32       1    98.0    10.0
   104.941    32.332    10.197    70.000     0.026      32       1   100.0    10.0
   104.925    32.321    10.197    70.000     0.024      32       1   102.0    10.0
   104.909    32.309    10.197    70.000     0.019      41       1   104.0    10.0
   104.892    32.297    10.197    70.000     0.020      38       1   106.0    10.0
   104.876    32.286    10.197    70.000     0.015      38       1   108.0    10.0
   104.860    32.274    10.197    70.000     0.012      42       1   110.0    10.0
   104.844    32.263    10.197    70.000     0.010      42       1   112.0    10.0
   105.765    32.904     8.318    70.000     0.004       1       2     0.0     8.0
   105.749    32.892     8.318    70.000     0.010       1       2     2.0     8.0
   105.732    32.881     8.318    70.000     0.009       1       3     4.0     8.0
   105.716    32.869     8.318    70.000     0.010       1       3     6.0     8.0
   105.699    32.858     8.318    70.000     0.014       2       4     8.0     8.0
   105.683    32.846     8.318    70.000     0.012       2       6    10.0     8.0
   105.666    32.835     8.318    70.000     0.011       4       2    12.0     8.0
   105.650    32.823     8.318    70.000     0.014       3       3    14.0     8.0
   105.633    32.812     8.318    70.000     0.014       3       3    16.0     8.0
   105.617    32.800     8.318    70.000     0.013       4       3    18.0     8.0
   105.601    32.789     8.318    70.000     0.011       3       3    20.0     8.0
   105.584    32.778     8.318    70.000     0.009       4       3    22.0     8.0
   105.568    32.766     8.318    70.000     0.005       3       3    24.0     8.0
   105.551    32.755     8.318    70.000     0.003       1       3    26.0     8.0
   105.535    32.743     8.318    70.000     0.001       4       3    28.0     8.0
   105.518    32.731     8.318    70.000     0.002      18      11    30.0     8.0
   105.502    32.720     8.318    70.000     0.002      15      11    32.0     8.0
   105.485    32.708     8.318    70.000     0.003      98       5    34.0     8.0
   105.469    32.697     8.318    70.000     0.003      97       5    36.0     8.0
   105.453    32.685     8.318    70.000     0.005      98       5    38.0     8.0
   105.436    32.674     8.318    70.000     0.007      96       5    40.0     8.0
   105.420    32.662     8.318    70.000     0.006      95       5    42.0     8.0
   105.403    32.651     8.318    70.000     0.006      91       6    44.0     8.0
   105.387    32.639     8.318    70.000     0.009      89       6    46.0     8.0
   105.371    32.628     8.318    70.000     0.010      90       6    48.0     8.0
   105.354    32.616     8.318    70.000     0.006      91       5    50.0     8.0
   105.338    32.605     8.318    70.000     0.004      85       6    52.0     8.0
   105.322    32.593     8.318    70.000     0.003      82       8    54.0     8.0
   105.305    32.582     8.318    70.000     0.002      83       8    56.0     8.0
   105.289    32.570     8.318    70.000     0.002      76       6    58.0     8.0
   105.272    32.559     8.318    70.000     0.004      57       1    60.0     8.0
   105.256    32.547     8.318    70.000     0.007      59       1    62.0     8.0
   105.240    32.536     8.318    70.000     0.009      61       1    64.0     8.0
   105.223    32.524     8.318    70.000     0.010      58       1    66.0     8.0
   105.207    32.512     8.318    70.000     0.009      59       1    68.0     8.0
   105.191    32.501     8.318    70.000     0.013      99      37    70.0     8.0
   105.174    32.489     8.318    70.000     0.014      98      37    72.0     8.0
   105.158    32.478     8.318    70.000     0.015      98      37    74.0     8.0
   105.142    32.466     8.318    70.000     0.011      97      37    76.0     8.0
   105.125    32.455     8.318    70.000     0.008      86      37    78.0     8.0
   105.109    32.443     8.318    70.000     0.011      87      37    80.0     8.0
   105.093    32.432     8.318    70.000     0.011      85      37    82.0     8.0
   105.076    32.420     8.318    70.000     0.010      36       1    84.0     8.0
   105.060    32.408     8.318    70.000     0.013      36       1    86.0     8.0
   105.044    32.397     8.318    70.000     0.018      32       1    88.0     8.0
   105.027    32.385     8.318    70.000     0.021      33       1    90.0     8.0
   105.011    32.374     8.318    70.000     0.022      36       1    92.0     8.0
   104.995    32.362     8.318    70.000     0.026      36       1    94.0     8.0
   104.979    32.351     8.318    70.000     0.031      38       1    96.0     8.0
   104.962    32.339     8.318    70.000     0.036      36       1    98.0     8.0
   104.946    32.327     8.318    70.000     0.043      36       1   100.0     8.0
   104.930    32.316     8.318    70.000     0.043      35       1   102.0     8.0
   104.913    32.304     8.318    70.000     0.047      34       1   104.0     8.0
   104.897    32.293     8.318    70.000     0.042      35       1   106.0     8.0
   104.881    32.281     8.318    70.000     0.025      35       1   108.0     8.0
   104.865    32.269     8.318    70.000     0.013      37       1   110.0     8.0
   104.848    32.258     8.318    70.000     0.013       1       3   112.0     8.0
   105.770    32.899     6.438    70.000     0.007       5       3     0.0     6.0
   105.753    32.888     6.438    70.000     0.009       7       3     2.0     6.0
   105.737    32.876     6.438    70.000     0.007       6       3     4.0     6.0
   105.720    32.865     6.438    70.000     0.006       3       3     6.0     6.0
   105.704    32.853     6.438    70.000     0.005       8       4     8.0     6.0
   105.687    32.842     6.438    70.000     0.006       9       6    10.0     6.0
   105.671    32.830     6.438    70.000     0.007      11       5    12.0     6.0
   105.655    32.819     6.438    70.000     0.007      12       5    14.0     6.0
   105.638    32.807     6.438    70.000     0.006      10       5    16.0     6.0
   105.622    32.796     6.438    70.000     0.004      12      10    18.0     6.0
   105.605    32.784     6.438    70.000     0.005      12      10    20.0     6.0
   105.589    32.773     6.438    70.000     0.006      22      11    22.0     6.0
   105.572    32.761     6.438    70.000     0.006      23      11    24.0     6.0
   105.556    32.750     6.438    70.000     0.007      26      10    26.0     6.0
   105.539    32.738     6.438    70.000     0.007      25      11    28.0     6.0
   105.523    32.727     6.438    70.000     0.006      24      11    30.0     6.0
   105.507    32.715     6.438    70.000     0.003      26      11    32.0     6.0
   105.490    32.704     6.438    70.000     0.002      21      14    34.0     6.0
   105.474    32.692     6.438    70.000     0.003      21      18    36.0     6.0
   105.457    32.681     6.438    70.000     0.002      35       3    38.0     6.0
   105.441    32.669     6.438    70.000     0.002      31       2    40.0     6.0
   105.425    32.658     6.438    70.000     0.002       5      27    42.0     6.0
   105.408    32.646     6.438    70.000     0.004       6      28    44.0     6.0
   105.392    32.635     6.438    70.000     0.004      36       3    46.0     6.0
   105.375    32.623     6.438    70.000     0.004       3      11    48.0     6.0
   105.359    32.612     6.438    70.000     0.004       2      11    50.0     6.0
   105.343    32.600     6.438    70.000     0.003      34       3    52.0     6.0
   105.326    32.589     6.438    70.000     0.003      33       3    54.0     6.0
   105.310    32.577     6.438    70.000     0.002       3      30    56.0     6.0
   105.293    32.565     6.438    70.000     0.003      64       1    58.0     6.0
   105.277    32.554     6.438    70.000     0.003      65       1    60.0     6.0
   105.261    32.542     6.438    70.000     0.005      66       1    62.0     6.0
   105.244    32.531     6.438    70.000     0.004      65       1    64.0     6.0
   105.228    32.519     6.438    70.000     0.005      66       1    66.0     6.0
   105.212    32.508     6.438    70.000     0.006      63       1    68.0     6.0
   105.195    32.496     6.438    70.000     0.007      62       1    70.0     6.0
   105.179    32.485     6.438    70.000     0.007      57       1    72.0     6.0
   105.163    32.473     6.438    70.000     0.010      91      37    74.0     6.0
   105.146    32.462     6.438    70.000     0.008      91      37    76.0     6.0
   105.130    32.450     6.438    70.000     0.010      95      37    78.0     6.0
   105.114    32.438     6.438    70.000     0.017      95      37    80.0     6.0
   105.097    32.427     6.438    70.000     0.016      95      37    82.0     6.0
   105.081    32.415     6.438    70.000     0.015      91      37    84.0     6.0
   105.065    32.404     6.438    70.000     0.013      43       7    86.0     6.0
   105.048    32.392     6.438    70.000     0.015      24       2    88.0     6.0
   105.032    32.381     6.438    70.000     0.025      29       2    90.0     6.0
   105.016    32.369     6.438    70.000     0.036      27       2    92.0     6.0
   104.999    32.357     6.438    70.000     0.040      26       2    94.0     6.0
   104.983    32.346     6.438    70.000     0.038      25       2    96.0     6.0
   104.967    32.334     6.438    70.000     0.032      24       2    98.0     6.0
   104.951    32.323     6.438    70.000     0.026      26       5   100.0     6.0
   104.934    32.311     6.438    70.000     0.025      28       5   102.0     6.0
   104.918    32.300     6.438    70.000     0.022      29       5   104.0     6.0
   104.902    32.288     6.438    70.000     0.023      11       5   106.0     6.0
   104.886    32.276     6.438    70.000     0.026      12       5   108.0     6.0
   104.869    32.265     6.438    70.000     0.024      11       6   110.0     6.0
   104.853    32.253     6.438    70.000     0.029      12       7   112.0     6.0
   105.774    32.894     4.559    70.000     0.016      16       2     0.0     4.0
   105.758    32.883     4.559    70.000     0.019      16       3     2.0     4.0
   105.742    32.871     4.559    70.000     0.020      15       3     4.0     4.0
   105.725    32.860     4.559    70.000     0.017      14       3     6.0     4.0
   105.709    32.848     4.559    70.000     0.017      19       3     8.0     4.0
   105.692    32.837     4.559    70.000     0.017      20       3    10.0     4.0
   105.676    32.825     4.559    70.000     0.015      23       2    12.0     4.0
   105.659    32.814     4.559    70.000     0.015      26       2    14.0     4.0
   105.643    32.802     4.559    70.000     0.013      27       2    16.0     4.0
   105.626    32.791     4.559    70.000     0.010      26      10    18.0     4.0
   105.610    32.779     4.559    70.000     0.009      23       9    20.0     4.0
   105.593    32.768     4.559    70.000     0.009      24      10    22.0     4.0
   105.577    32.757     4.559    70.000     0.008      21      13    24.0     4.0
   105.561    32.745     4.559    70.000     0.009      23      14    26.0     4.0
   105.544    32.734     4.559    70.000     0.008      21      17    28.0     4.0
   105.528    32.722     4.559    70.000     0.008      21      23    30.0     4.0
   105.511    32.710     4.559    70.000     0.007      21      25    32.0     4.0
   105.495    32.699     4.559    70.000     0.005      23      26    34.0     4.0
   105.478    32.687     4.559    70.000     0.005      20      26    36.0     4.0
   105.462    32.676     4.559    70.000     0.005      12      10    38.0     4.0
   105.446    32.664     4.559    70.000     0.005      12      12    40.0     4.0
   105.429    32.653     4.559    70.000     0.005      12      15    42.0     4.0
   105.413    32.641     4.559    70.000     0.005      13      23    44.0     4.0
   105.396    32.630     4.559    70.000     0.005      13      26    46.0     4.0
   105.380    32.618     4.559    70.000     0.005      11      25    48.0     4.0
   105.364    32.607     4.559    70.000     0.003       9      27    50.0     4.0
   105.347    32.595     4.559    70.000     0.004       5      29    52.0     4.0
   105.331    32.584     4.559    70.000     0.005       4      30    54.0     4.0
   105.314    32.572     4.559    70.000     0.006       3      29    56.0     4.0
   105.298    32.561     4.559    70.000     0.004       2      27    58.0     4.0
   105.282    32.549     4.559    70.000     0.004       4      31    60.0     4.0
   105.265    32.538     4.559    70.000     0.004      44       2    62.0     4.0
   105.249    32.526     4.559    70.000     0.007      42       2    64.0     4.0
   105.233    32.515     4.559    70.000     0.009      41       2    66.0     4.0
   105.216    32.503     4.559    70.000     0.010      39       2    68.0     4.0
   105.200    32.491     4.559    70.000     0.011      39       2    70.0     4.0
   105.184    32.480     4.559    70.000     0.011      39       2    72.0     4.0
   105.167    32.468     4.559    70.000     0.011      44       4    74.0     4.0
   105.151    32.457     4.559    70.000     0.014      44       4    76.0     4.0
   105.135    32.445     4.559    70.000     0.015      44       4    78.0     4.0
   105.118    32.434     4.559    70.000     0.015      44       4    80.0     4.0
   105.102    32.422     4.559    70.000     0.012      26       2    82.0     4.0
   105.086    32.411     4.559    70.000     0.014      29       2    84.0     4.0
   105.069    32.399     4.559    70.000     0.019      28       3    86.0     4.0
   105.053    32.387     4.559    70.000     0.024      28       3    88.0     4.0
   105.037    32.376     4.559    70.000     0.025      25       3    90.0     4.0
   105.020    32.364     4.559    70.000     0.031      27       5    92.0     4.0
   105.004    32.353     4.559    70.000     0.041      20       3    94.0     4.0
   104.988    32.341     4.559    70.000     0.046      20       3    96.0     4.0
   104.972    32.330     4.559    70.000     0.049      20       3    98.0     4.0
   104.955    32.318     4.559    70.000     0.051      19       3   100.0     4.0
   104.939    32.306     4.559    70.000     0.051      19       4   102.0     4.0
   104.923    32.295     4.559    70.000     0.051      19       4   104.0     4.0
   104.906    32.283     4.559    70.000     0.048      18       4   106.0     4.0
   104.890    32.272     4.559    70.000     0.045      17       5   108.0     4.0
   104.874    32.260     4.559    70.000     0.036      15       7   110.0     4.0
   104.858    32.248     4.559    70.000     0.039      11       5   112.0     4.0
   105.779    32.890     2.679    70.000     0.009      28       1     0.0     2.0
   105.763    32.878     2.679    70.000     0.015      26       1     2.0     2.0
   105.746    32.867     2.679    70.000     0.021      28       1     4.0     2.0
   105.730    32.855     2.679    70.000     0.026      28       1     6.0     2.0
   105.713    32.844     2.679    70.000     0.021      26       2     8.0     2.0
   105.697    32.832     2.679    70.000     0.021      24       1    10.0     2.0
   105.680    32.821     2.679    70.000     0.014      23       3    12.0     2.0
   105.664    32.809     2.679    70.000     0.012      23       3    14.0     2.0
   105.647    32.798     2.679    70.000     0.015      27       1    16.0     2.0
   105.631    32.786     2.679    70.000     0.011      27       1    18.0     2.0
   105.614    32.775     2.679    70.000     0.010      30       1    20.0     2.0
   105.598    32.763     2.679    70.000     0.009      32       1    22.0     2.0
   105.582    32.752     2.679    70.000     0.008      24       6    24.0     2.0
   105.565    32.740     2.679    70.000     0.009      16       2    26.0     2.0
   105.549    32.729     2.679    70.000     0.008      10       2    28.0     2.0
   105.532    32.717     2.679    70.000     0.012      11       2    30.0     2.0
   105.516    32.706     2.679    70.000     0.012       9       2    32.0     2.0
   105.499    32.694     2.679    70.000     0.012      10       2    34.0     2.0
   105.483    32.683     2.679    70.000     0.012       9       2    36.0     2.0
   105.467    32.671     2.679    70.000     0.014      16       5    38.0     2.0
   105.450    32.660     2.679    70.000     0.017      13       2    40.0     2.0
   105.434    32.648     2.679    70.000     0.020      13       2    42.0     2.0
   105.417    32.637     2.679    70.000     0.018      12       2    44.0     2.0
   105.401    32.625     2.679    70.000     0.012      12       3    46.0     2.0
   105.385    32.614     2.679    70.000     0.006      14      27    48.0     2.0
   105.368    32.602     2.679    70.000     0.006      67       3    50.0     2.0
   105.352    32.591     2.679    70.000     0.007      67       3    52.0     2.0
   105.336    32.579     2.679    70.000     0.006      67       4    54.0     2.0
   105.319    32.568     2.679    70.000     0.006      63       3    56.0     2.0
   105.303    32.556     2.679    70.000     0.006      61       3    58.0     2.0
   105.286    32.544     2.679    70.000     0.008      51       1    60.0     2.0
   105.270    32.533     2.679    70.000     0.012      50       1    62.0     2.0
   105.254    32.521     2.679    70.000     0.014      49       1    64.0     2.0
   105.237    32.510     2.679    70.000     0.016      46       1    66.0     2.0
   105.221    32.498     2.679    70.000     0.027      44       1    68.0     2.0
   105.205    32.487     2.679    70.000     0.029      45       1    70.0     2.0
   105.188    32.475     2.679    70.000     0.027      41       2    72.0     2.0
   105.172    32.464     2.679    70.000     0.033      42       2    74.0     2.0
   105.156    32.452     2.679    70.000     0.033      39       4    76.0     2.0
   105.139    32.441     2.679    70.000     0.033      39       4    78.0     2.0
   105.123    32.429     2.679    70.000     0.030      32       2    80.0     2.0
   105.107    32.417     2.679    70.000     0.034      32       3    82.0     2.0
   105.090    32.406     2.679    70.000     0.027      32       5    84.0     2.0
   105.074    32.394     2.679    70.000     0.031      32       6    86.0     2.0
   105.058    32.383     2.679    70.000     0.027      28       4    88.0     2.0
   105.041    32.371     2.679    70.000     0.028      28      11    90.0     2.0
   105.025    32.360     2.679    70.000     0.027      30      15    92.0     2.0
   105.009    32.348     2.679    70.000     0.033      33      19    94.0     2.0
   104.993    32.336     2.679    70.000     0.029      31      20    96.0     2.0
   104.976    32.325     2.679    70.000     0.027      15       2    98.0     2.0
   104.960    32.313     2.679    70.000     0.029      20       2   100.0     2.0
   104.944    32.302     2.679    70.000     0.037      20       2   102.0     2.0
   104.927    32.290     2.679    70.000     0.038      18       2   104.0     2.0
   104.911    32.278     2.679    70.000     0.041      18       2   106.0     2.0
   104.895    32.267     2.679    70.000     0.041      14       2   108.0     2.0
   104.879    32.255     2.679    70.000     0.041      17       2   110.0     2.0
   104.862    32.244     2.679    70.000     0.042      18       2   112.0     2.0
   105.784    32.885     0.800    70.000     0.012      50       3     0.0     0.0
   105.767    32.873     0.800    70.000     0.012      52       3     2.0     0.0
   105.751    32.862     0.800    70.000     0.013      51       3     4.0     0.0
   105.734    32.850     0.800    70.000     0.015      42       2     6.0     0.0
   105.718    32.839     0.800    70.000     0.015      49       2     8.0     0.0
   105.701    32.827     0.800    70.000     0.014      48       2    10.0     0.0
   105.685    32.816     0.800    70.000     0.015      48       3    12.0     0.0
   105.668    32.804     0.800    70.000     0.008      46       3    14.0     0.0
   105.652    32.793     0.800    70.000     0.011      35       2    16.0     0.0
   105.636    32.781     0.800    70.000     0.013      35       2    18.0     0.0
   105.619    32.770     0.800    70.000     0.012      36       2    20.0     0.0
   105.603    32.758     0.800    70.000     0.009      27       2    22.0     0.0
   105.586    32.747     0.800    70.000     0.014      27       2    24.0     0.0
   105.570    32.736     0.800    70.000     0.018      28       2    26.0     0.0
   105.553    32.724     0.800    70.000     0.019      23       4    28.0     0.0
   105.537    32.713     0.800    70.000     0.034      25       4    30.0     0.0
   105.521    32.701     0.800    70.000     0.027      25       5    32.0     0.0
   105.504    32.689     0.800    70.000     0.023      26       5    34.0     0.0
   105.488    32.678     0.800    70.000     0.019      26       6    36.0     0.0
   105.471    32.666     0.800    70.000     0.013      23       6    38.0     0.0
   105.455    32.655     0.800    70.000     0.010      17      13    40.0     0.0
   105.438    32.643     0.800    70.000     0.009      18      11    42.0     0.0
   105.422    32.632     0.800    70.000     0.008      16      26    44.0     0.0
   105.406    32.620     0.800    70.000     0.010      18      28    46.0     0.0
   105.389    32.609     0.800    70.000     0.010      18      31    48.0     0.0
   105.373    32.597     0.800    70.000     0.010      20      32    50.0     0.0
   105.357    32.586     0.800    70.000     0.010      20      33    52.0     0.0
   105.340    32.574     0.800    70.000     0.008      17      32    54.0     0.0
   105.324    32.563     0.800    70.000     0.009      22      34    56.0     0.0
   105.307    32.551     0.800    70.000     0.009      23      35    58.0     0.0
   105.291    32.540     0.800    70.000     0.010      56       4    60.0     0.0
   105.275    32.528     0.800    70.000     0.012      51       2    62.0     0.0
   105.258    32.517     0.800    70.000     0.015      50       2    64.0     0.0
   105.242    32.505     0.800    70.000     0.017      51       2    66.0     0.0
   105.226    32.494     0.800    70.000     0.020      51       3    68.0     0.0
   105.209    32.482     0.800    70.000     0.023      51       3    70.0     0.0
   105.193    32.470     0.800    70.000     0.028      45       2    72.0     0.0
   105.177    32.459     0.800    70.000     0.030      47       2    74.0     0.0
   105.160    32.447     0.800    70.000     0.032      48       2    76.0     0.0
   105.144    32.436     0.800    70.000     0.030      46       2    78.0     0.0
   105.128    32.424     0.800    70.000     0.023      43      10    80.0     0.0
   105.111    32.413     0.800    70.000     0.029      44      10    82.0     0.0
   105.095    32.401     0.800    70.000     0.031      43      13    84.0     0.0
   105.079    32.390     0.800    70.000     0.032      43      19    86.0     0.0
   105.062    32.378     0.800    70.000     0.031      41      20    88.0     0.0
   105.046    32.366     0.800    70.000     0.027      33      14    90.0     0.0
   105.030    32.355     0.800    70.000     0.029      36      22    92.0     0.0
   105.013    32.343     0.800    70.000     0.028      38      23    94.0     0.0
   104.997    32.332     0.800    70.000     0.029      39      26    96.0     0.0
   104.981    32.320     0.800    70.000     0.028      40      26    98.0     0.0
   104.965    32.309     0.800    70.000     0.030      44      29   100.0     0.0
   104.948    32.297     0.800    70.000     0.025      41      29   102.0     0.0
   104.932    32.285     0.800    70.000     0.023      37      28   104.0     0.0
   104.916    32.274     0.800    70.000     0.026      47      26   106.0     0.0
   104.900    32.262     0.800    70.000     0.027      46      27   108.0     0.0
   104.883    32.251     0.800    70.000     0.022      45      27   110.0     0.0
   104.867    32.239     0.800    70.000     0.021      46      28   112.0     0.0
