   104.700    32.381    33.161    54.000     0.084    1397       2     0.0    40.0
   104.685    32.368    33.161    54.000     0.080    1397       2     2.0    40.0
   104.670    32.355    33.161    54.000     0.064    1398       2     4.0    40.0
   104.655    32.342    33.161    54.000     0.067    1388       3     6.0    40.0
   104.641    32.329    33.161    54.000     0.071    1390       3     8.0    40.0
   104.626    32.316    33.161    54.000     0.067    1393       2    10.0    40.0
   104.611    32.303    33.161    54.000     0.076    1395       2    12.0    40.0
   104.596    32.290    33.161    54.000     0.075    1394       2    14.0    40.0
   104.581    32.278    33.161    54.000     0.061    1392       2    16.0    40.0
   104.567    32.265    33.161    54.000     0.066    1390       2    18.0    40.0
   104.552    32.252    33.161    54.000     0.058    1388       3    20.0    40.0
   104.537    32.239    33.161    54.000     0.058    1237      31    22.0    40.0
   104.522    32.226    33.161    54.000     0.078    1237      32    24.0    40.0
   104.508    32.213    33.161    54.000     0.086    1236      32    26.0    40.0
   104.493    32.200    33.161    54.000     0.063    1237      34    28.0    40.0
   104.478    32.187    33.161    54.000     0.058    1237      34    30.0    40.0
   104.463    32.174    33.161    54.000     0.054    1240      34    32.0    40.0
   104.449    32.161    33.161    54.000     0.052    1242      34    34.0    40.0
   104.434    32.148    33.161    54.000     0.037    1242      33    36.0    40.0
   104.419    32.135    33.161    54.000     0.026    1379       4    38.0    40.0
   104.404    32.122    33.161    54.000     0.023    1498       2    40.0    40.0
   104.390    32.109    33.161    54.000     0.025    1497       2    42.0    40.0
   104.375    32.096    33.161    54.000     0.025    1494       2    44.0    40.0
   104.360    32.083    33.161    54.000     0.027    1490       2    46.0    40.0
   104.346    32.070    33.161    54.000     0.037    1144       8    48.0    40.0
   104.331    32.057    33.161    54.000     0.046    1144       8    50.0    40.0
   104.316    32.044    33.161    54.000     0.047    1406      35    52.0    40.0
   104.301    32.031    33.161    54.000     0.055    1405      35    54.0    40.0
   104.287    32.018    33.161    54.000     0.052    1139       8    56.0    40.0
   104.272    32.005    33.161    54.000     0.061    1403      35    58.0    40.0
   104.257    31.992    33.161    54.000     0.065    1398      35    60.0    40.0
   104.243    31.979    33.161    54.000     0.066    1400      35    62.0    40.0
   104.228    31.966    33.161    54.000     0.069    1396      35    64.0    40.0
   104.709    32.374    31.543    54.000     0.073    1400       2     0.0    38.0
   104.694    32.361    31.543    54.000     0.070    1401       2     2.0    38.0
   104.679    32.348    31.543    54.000     0.072    1734      14     4.0    38.0
   104.664    32.335    31.543    54.000     0.069    1733      19     6.0    38.0
   104.649    32.322    31.543    54.000     0.064    1733      12     8.0    38.0
   104.635    32.309    31.543    54.000     0.061    1396       3    10.0    38.0
   104.620    32.296    31.543    54.000     0.059    1735      20    12.0    38.0
   104.605    32.283    31.543    54.000     0.051    1735      20    14.0    38.0
   104.590    32.270    31.543    54.000     0.045    1736      21    16.0    38.0
   104.576    32.257    31.543    54.000     0.038    1735      15    18.0    38.0
   104.561    32.244    31.543    54.000     0.033    1389       3    20.0    38.0
   104.546    32.231    31.543    54.000     0.028    1386       2    22.0    38.0
   104.531    32.218    31.543    54.000     0.029    1387       2    24.0    38.0
   104.517    32.205    31.543    54.000     0.033    1384       3    26.0    38.0
   104.502    32.192    31.543    54.000     0.037    1238      33    28.0    38.0
   104.487    32.179    31.543    54.000     0.049    1239      33    30.0    38.0
   104.472    32.166    31.543    54.000     0.058    1241      33    32.0    38.0
   104.458    32.154    31.543    54.000     0.069    1241      33    34.0    38.0
   104.443    32.141    31.543    54.000     0.067    1241      33    36.0    38.0
   104.428    32.128    31.543    54.000     0.066    1240      35    38.0    38.0
   104.413    32.115    31.543    54.000     0.056    1241      36    40.0    38.0
   104.399    32.102    31.543    54.000     0.038    1499       1    42.0    38.0
   104.384    32.089    31.543    54.000     0.033    1493       2    44.0    38.0
   104.369    32.076    31.543    54.000     0.038    1143       9    46.0    38.0
   104.355    32.063    31.543    54.000     0.057    1140       8    48.0    38.0
   104.340    32.050    31.543    54.000     0.066    1142      11    50.0    38.0
   104.325    32.037    31.543    54.000     0.068    1141      10    52.0    38.0
   104.310    32.024    31.543    54.000     0.053    1139       9    54.0    38.0
   104.296    32.011    31.543    54.000     0.054     845      35    56.0    38.0
   104.281    31.998    31.543    54.000     0.070     845      35    58.0    38.0
   104.266    31.985    31.543    54.000     0.070     841      35    60.0    38.0
   104.252    31.972    31.543    54.000     0.087     841      35    62.0    38.0
   104.237    31.959    31.543    54.000     0.094     842      32    64.0    38.0
   104.718    32.366    29.925    54.000     0.064    1737       5     0.0    36.0
   104.703    32.353    29.925    54.000     0.058    1738       5     2.0    36.0
   104.688    32.340    29.925    54.000     0.051    1400       3     4.0    36.0
   104.673    32.328    29.925    54.000     0.062    1407       3     6.0    36.0
   104.658    32.315    29.925    54.000     0.058    1405       3     8.0    36.0
   104.644    32.302    29.925    54.000     0.077    1077       3    10.0    36.0
   104.629    32.289    29.925    54.000     0.074    1078       3    12.0    36.0
   104.614    32.276    29.925    54.000     0.066    1075       3    14.0    36.0
   104.599    32.263    29.925    54.000     0.071    1071       3    16.0    36.0
   104.585    32.250    29.925    54.000     0.080    1074       3    18.0    36.0
   104.570    32.237    29.925    54.000     0.075    1073       3    20.0    36.0
   104.555    32.224    29.925    54.000     0.063    1074       2    22.0    36.0
   104.540    32.211    29.925    54.000     0.046    1129      31    24.0    36.0
   104.526    32.198    29.925    54.000     0.051    1126      31    26.0    36.0
   104.511    32.185    29.925    54.000     0.065    1126      31    28.0    36.0
   104.496    32.172    29.925    54.000     0.060    1124      31    30.0    36.0
   104.481    32.159    29.925    54.000     0.063    1133      31    32.0    36.0
   104.467    32.146    29.925    54.000     0.066    1239      33    34.0    36.0
   104.452    32.133    29.925    54.000     0.081    1239      32    36.0    36.0
   104.437    32.120    29.925    54.000     0.086    1239      32    38.0    36.0
   104.422    32.107    29.925    54.000     0.088    1240      36    40.0    36.0
   104.408    32.094    29.925    54.000     0.086    1240      33    42.0    36.0
   104.393    32.081    29.925    54.000     0.073    1240      33    44.0    36.0
   104.378    32.068    29.925    54.000     0.055    1137      23    46.0    36.0
   104.364    32.055    29.925    54.000     0.065    1138      17    48.0    36.0
   104.349    32.042    29.925    54.000     0.061    1138      16    50.0    36.0
   104.334    32.029    29.925    54.000     0.054    1141      12    52.0    36.0
   104.319    32.016    29.925    54.000     0.049    1141      10    54.0    36.0
   104.305    32.003    29.925    54.000     0.036    1143      13    56.0    36.0
   104.290    31.990    29.925    54.000     0.043     844      35    58.0    36.0
   104.275    31.977    29.925    54.000     0.046     842      35    60.0    36.0
   104.261    31.964    29.925    54.000     0.054     847      35    62.0    36.0
   104.246    31.951    29.925    54.000     0.066     845      35    64.0    36.0
   104.727    32.359    28.307    54.000     0.090    1505      24     0.0    34.0
   104.712    32.346    28.307    54.000     0.077    1506      23     2.0    34.0
   104.697    32.333    28.307    54.000     0.072    1074       3     4.0    34.0
   104.682    32.320    28.307    54.000     0.080    1074       3     6.0    34.0
   104.667    32.307    28.307    54.000     0.103    1081       2     8.0    34.0
   104.653    32.294    28.307    54.000     0.125    1076       3    10.0    34.0
   104.638    32.281    28.307    54.000     0.136    1076       3    12.0    34.0
   104.623    32.268    28.307    54.000     0.148    1072       4    14.0    34.0
   104.608    32.255    28.307    54.000     0.162    1073       3    16.0    34.0
   104.594    32.242    28.307    54.000     0.158    1073       3    18.0    34.0
   104.579    32.230    28.307    54.000     0.124    1072       4    20.0    34.0
   104.564    32.217    28.307    54.000     0.067    1072       3    22.0    34.0
   104.549    32.204    28.307    54.000     0.065     897       1    24.0    34.0
   104.534    32.191    28.307    54.000     0.058     895       1    26.0    34.0
   104.520    32.178    28.307    54.000     0.057    1132      31    28.0    34.0
   104.505    32.165    28.307    54.000     0.090    1129      31    30.0    34.0
   104.490    32.152    28.307    54.000     0.108    1130      31    32.0    34.0
   104.476    32.139    28.307    54.000     0.113    1128      31    34.0    34.0
   104.461    32.126    28.307    54.000     0.134    1127      31    36.0    34.0
   104.446    32.113    28.307    54.000     0.101    1125      31    38.0    34.0
   104.431    32.100    28.307    54.000     0.096    1236      36    40.0    34.0
   104.417    32.087    28.307    54.000     0.118    1237      36    42.0    34.0
   104.402    32.074    28.307    54.000     0.098    1237      32    44.0    34.0
   104.387    32.061    28.307    54.000     0.070    1238      32    46.0    34.0
   104.372    32.048    28.307    54.000     0.065    1139      23    48.0    34.0
   104.358    32.035    28.307    54.000     0.066    1139      23    50.0    34.0
   104.343    32.022    28.307    54.000     0.059    1139      21    52.0    34.0
   104.328    32.009    28.307    54.000     0.052    1140      18    54.0    34.0
   104.314    31.996    28.307    54.000     0.053    1141      16    56.0    34.0
   104.299    31.983    28.307    54.000     0.048    1238      10    58.0    34.0
   104.284    31.970    28.307    54.000     0.067    1239      10    60.0    34.0
   104.270    31.957    28.307    54.000     0.070    1241      10    62.0    34.0
   104.255    31.944    28.307    54.000     0.075    1240      11    64.0    34.0
   104.736    32.352    26.689    54.000     0.146    1508      26     0.0    32.0
   104.721    32.339    26.689    54.000     0.132    1507      28     2.0    32.0
   104.706    32.326    26.689    54.000     0.107    1508      27     4.0    32.0
   104.691    32.313    26.689    54.000     0.082    1080       5     6.0    32.0
   104.676    32.300    26.689    54.000     0.086    1075       5     8.0    32.0
   104.662    32.287    26.689    54.000     0.100    1075       3    10.0    32.0
   104.647    32.274    26.689    54.000     0.109    1073       3    12.0    32.0
   104.632    32.261    26.689    54.000     0.121    1073       3    14.0    32.0
   104.617    32.248    26.689    54.000     0.114    1072       3    16.0    32.0
   104.602    32.235    26.689    54.000     0.082    1071       3    18.0    32.0
   104.588    32.222    26.689    54.000     0.065     900       1    20.0    32.0
   104.573    32.209    26.689    54.000     0.065     900       1    22.0    32.0
   104.558    32.196    26.689    54.000     0.065     897       1    24.0    32.0
   104.543    32.183    26.689    54.000     0.080     943      36    26.0    32.0
   104.529    32.170    26.689    54.000     0.085     944      36    28.0    32.0
   104.514    32.157    26.689    54.000     0.076     942      36    30.0    32.0
   104.499    32.144    26.689    54.000     0.073    1129      32    32.0    32.0
   104.484    32.131    26.689    54.000     0.091    1130      31    34.0    32.0
   104.470    32.118    26.689    54.000     0.108    1130      31    36.0    32.0
   104.455    32.105    26.689    54.000     0.091    1129      31    38.0    32.0
   104.440    32.093    26.689    54.000     0.099    1127      31    40.0    32.0
   104.426    32.080    26.689    54.000     0.077     947      36    42.0    32.0
   104.411    32.067    26.689    54.000     0.079    1237      32    44.0    32.0
   104.396    32.054    26.689    54.000     0.067    1237      31    46.0    32.0
   104.381    32.041    26.689    54.000     0.070     940      36    48.0    32.0
   104.367    32.028    26.689    54.000     0.081     941      36    50.0    32.0
   104.352    32.015    26.689    54.000     0.083     938      36    52.0    32.0
   104.337    32.002    26.689    54.000     0.078     936      36    54.0    32.0
   104.323    31.989    26.689    54.000     0.066     937      36    56.0    32.0
   104.308    31.976    26.689    54.000     0.095    1236      14    58.0    32.0
   104.293    31.963    26.689    54.000     0.100    1236      12    60.0    32.0
   104.279    31.950    26.689    54.000     0.102    1237      11    62.0    32.0
   104.264    31.937    26.689    54.000     0.110    1236       9    64.0    32.0
   104.745    32.344    25.071    54.000     0.137    1508      31     0.0    30.0
   104.730    32.331    25.071    54.000     0.130    1509      31     2.0    30.0
   104.715    32.318    25.071    54.000     0.123    1508      30     4.0    30.0
   104.700    32.305    25.071    54.000     0.086    1506      28     6.0    30.0
   104.685    32.292    25.071    54.000     0.071    1607      15     8.0    30.0
   104.671    32.279    25.071    54.000     0.065    1608      17    10.0    30.0
   104.656    32.267    25.071    54.000     0.062    1608      19    12.0    30.0
   104.641    32.254    25.071    54.000     0.052    1609      15    14.0    30.0
   104.626    32.241    25.071    54.000     0.043    1610      13    16.0    30.0
   104.611    32.228    25.071    54.000     0.041     943      36    18.0    30.0
   104.597    32.215    25.071    54.000     0.055     941      36    20.0    30.0
   104.582    32.202    25.071    54.000     0.062     942      36    22.0    30.0
   104.567    32.189    25.071    54.000     0.070     941      36    24.0    30.0
   104.552    32.176    25.071    54.000     0.058     945      36    26.0    30.0
   104.538    32.163    25.071    54.000     0.062     950      36    28.0    30.0
   104.523    32.150    25.071    54.000     0.066     949      36    30.0    30.0
   104.508    32.137    25.071    54.000     0.085     954      36    32.0    30.0
   104.493    32.124    25.071    54.000     0.100     950      36    34.0    30.0
   104.479    32.111    25.071    54.000     0.117     951      36    36.0    30.0
   104.464    32.098    25.071    54.000     0.101     950      36    38.0    30.0
   104.449    32.085    25.071    54.000     0.102     951      36    40.0    30.0
   104.435    32.072    25.071    54.000     0.112     952      36    42.0    30.0
   104.420    32.059    25.071    54.000     0.109     953      36    44.0    30.0
   104.405    32.046    25.071    54.000     0.112     950      36    46.0    30.0
   104.390    32.033    25.071    54.000     0.100     950      36    48.0    30.0
   104.376    32.020    25.071    54.000     0.108     944      36    50.0    30.0
   104.361    32.007    25.071    54.000     0.112     944      36    52.0    30.0
   104.346    31.994    25.071    54.000     0.113     944      36    54.0    30.0
   104.332    31.981    25.071    54.000     0.109    1232      12    56.0    30.0
   104.317    31.968    25.071    54.000     0.103    1233      10    58.0    30.0
   104.302    31.955    25.071    54.000     0.099    1233      14    60.0    30.0
   104.288    31.942    25.071    54.000     0.082    1234       8    62.0    30.0
   104.273    31.929    25.071    54.000     0.062    1234       6    64.0    30.0
   104.753    32.337    23.452    54.000     0.073    1514      33     0.0    28.0
   104.739    32.324    23.452    54.000     0.067    1513      32     2.0    28.0
   104.724    32.311    23.452    54.000     0.059    1511      32     4.0    28.0
   104.709    32.298    23.452    54.000     0.050    1601      11     6.0    28.0
   104.694    32.285    23.452    54.000     0.047    1507      31     8.0    28.0
   104.679    32.272    23.452    54.000     0.048    1499      26    10.0    28.0
   104.665    32.259    23.452    54.000     0.063    1607      22    12.0    28.0
   104.650    32.246    23.452    54.000     0.076    1608      21    14.0    28.0
   104.635    32.233    23.452    54.000     0.075    1607      22    16.0    28.0
   104.620    32.220    23.452    54.000     0.053    1607      24    18.0    28.0
   104.606    32.207    23.452    54.000     0.040    1606      30    20.0    28.0
   104.591    32.194    23.452    54.000     0.036     950      36    22.0    28.0
   104.576    32.181    23.452    54.000     0.050     951      36    24.0    28.0
   104.561    32.169    23.452    54.000     0.057     952      36    26.0    28.0
   104.547    32.156    23.452    54.000     0.061     952      36    28.0    28.0
   104.532    32.143    23.452    54.000     0.071     955      36    30.0    28.0
   104.517    32.130    23.452    54.000     0.088     953      36    32.0    28.0
   104.502    32.117    23.452    54.000     0.098     960      36    34.0    28.0
   104.488    32.104    23.452    54.000     0.109     958      36    36.0    28.0
   104.473    32.091    23.452    54.000     0.114     957      36    38.0    28.0
   104.458    32.078    23.452    54.000     0.120     960      36    40.0    28.0
   104.443    32.065    23.452    54.000     0.126     958      36    42.0    28.0
   104.429    32.052    23.452    54.000     0.120     957      36    44.0    28.0
   104.414    32.039    23.452    54.000     0.153     953      36    46.0    28.0
   104.399    32.026    23.452    54.000     0.166     953      36    48.0    28.0
   104.385    32.013    23.452    54.000     0.151     952      36    50.0    28.0
   104.370    32.000    23.452    54.000     0.148     951      36    52.0    28.0
   104.355    31.987    23.452    54.000     0.147     948      36    54.0    28.0
   104.341    31.974    23.452    54.000     0.151     948      36    56.0    28.0
   104.326    31.961    23.452    54.000     0.143     948      36    58.0    28.0
   104.311    31.948    23.452    54.000     0.114    1163       3    60.0    28.0
   104.296    31.935    23.452    54.000     0.123    1162       3    62.0    28.0
   104.282    31.922    23.452    54.000     0.124    1162       3    64.0    28.0
   104.762    32.329    21.834    54.000     0.035    1463       1     0.0    26.0
   104.748    32.316    21.834    54.000     0.035    1115       1     2.0    26.0
   104.733    32.304    21.834    54.000     0.045    1513      33     4.0    26.0
   104.718    32.291    21.834    54.000     0.047    1112       1     6.0    26.0
   104.703    32.278    21.834    54.000     0.068    1111       1     8.0    26.0
   104.688    32.265    21.834    54.000     0.077    1111       1    10.0    26.0
   104.674    32.252    21.834    54.000     0.060    1112       1    12.0    26.0
   104.659    32.239    21.834    54.000     0.047    1113       1    14.0    26.0
   104.644    32.226    21.834    54.000     0.037    1502      26    16.0    26.0
   104.629    32.213    21.834    54.000     0.036     966      36    18.0    26.0
   104.615    32.200    21.834    54.000     0.047     963      36    20.0    26.0
   104.600    32.187    21.834    54.000     0.062     968      36    22.0    26.0
   104.585    32.174    21.834    54.000     0.077     967      36    24.0    26.0
   104.570    32.161    21.834    54.000     0.090     968      36    26.0    26.0
   104.556    32.148    21.834    54.000     0.075     962      36    28.0    26.0
   104.541    32.135    21.834    54.000     0.089     963      36    30.0    26.0
   104.526    32.122    21.834    54.000     0.094     967      36    32.0    26.0
   104.511    32.109    21.834    54.000     0.110     954      36    34.0    26.0
   104.497    32.096    21.834    54.000     0.113     954      36    36.0    26.0
   104.482    32.083    21.834    54.000     0.122     961      36    38.0    26.0
   104.467    32.070    21.834    54.000     0.154     960      36    40.0    26.0
   104.452    32.057    21.834    54.000     0.160     959      36    42.0    26.0
   104.438    32.044    21.834    54.000     0.142     960      36    44.0    26.0
   104.423    32.032    21.834    54.000     0.139     962      36    46.0    26.0
   104.408    32.019    21.834    54.000     0.122     953      36    48.0    26.0
   104.394    32.006    21.834    54.000     0.129     953      36    50.0    26.0
   104.379    31.993    21.834    54.000     0.126     953      36    52.0    26.0
   104.364    31.980    21.834    54.000     0.117     952      36    54.0    26.0
   104.349    31.967    21.834    54.000     0.092    1053      24    56.0    26.0
   104.335    31.954    21.834    54.000     0.110    1050      26    58.0    26.0
   104.320    31.941    21.834    54.000     0.097    1050      21    60.0    26.0
   104.305    31.928    21.834    54.000     0.097    1161       5    62.0    26.0
   104.291    31.915    21.834    54.000     0.108    1161       5    64.0    26.0
   104.771    32.322    20.216    54.000     0.049    1118       1     0.0    24.0
   104.757    32.309    20.216    54.000     0.051    1118       1     2.0    24.0
   104.742    32.296    20.216    54.000     0.051    1116       1     4.0    24.0
   104.727    32.283    20.216    54.000     0.059    1111       3     6.0    24.0
   104.712    32.270    20.216    54.000     0.085    1110       1     8.0    24.0
   104.697    32.257    20.216    54.000     0.078    1111       1    10.0    24.0
   104.683    32.244    20.216    54.000     0.088    1113       3    12.0    24.0
   104.668    32.231    20.216    54.000     0.084    1112       1    14.0    24.0
   104.653    32.219    20.216    54.000     0.062    1112       3    16.0    24.0
   104.638    32.206    20.216    54.000     0.042    1436       6    18.0    24.0
   104.624    32.193    20.216    54.000     0.055    1436       6    20.0    24.0
   104.609    32.180    20.216    54.000     0.062    1434       6    22.0    24.0
   104.594    32.167    20.216    54.000     0.073    1435       6    24.0    24.0
   104.579    32.154    20.216    54.000     0.080     971      36    26.0    24.0
   104.564    32.141    20.216    54.000     0.104     972      36    28.0    24.0
   104.550    32.128    20.216    54.000     0.106     971      36    30.0    24.0
   104.535    32.115    20.216    54.000     0.108     970      36    32.0    24.0
   104.520    32.102    20.216    54.000     0.093     968      36    34.0    24.0
   104.506    32.089    20.216    54.000     0.090     967      36    36.0    24.0
   104.491    32.076    20.216    54.000     0.089     965      36    38.0    24.0
   104.476    32.063    20.216    54.000     0.091     961      37    40.0    24.0
   104.461    32.050    20.216    54.000     0.093    1050      34    42.0    24.0
   104.447    32.037    20.216    54.000     0.095    1050      34    44.0    24.0
   104.432    32.024    20.216    54.000     0.095    1051      34    46.0    24.0
   104.417    32.011    20.216    54.000     0.087    1051      33    48.0    24.0
   104.403    31.998    20.216    54.000     0.079    1050      31    50.0    24.0
   104.388    31.985    20.216    54.000     0.090    1050      29    52.0    24.0
   104.373    31.972    20.216    54.000     0.092    1049      29    54.0    24.0
   104.358    31.959    20.216    54.000     0.105    1048      26    56.0    24.0
   104.344    31.946    20.216    54.000     0.116    1050      21    58.0    24.0
   104.329    31.933    20.216    54.000     0.154    1050      26    60.0    24.0
   104.314    31.920    20.216    54.000     0.136    1048      21    62.0    24.0
   104.300    31.907    20.216    54.000     0.094    1049      17    64.0    24.0
   104.780    32.315    18.598    54.000     0.064    1128       1     0.0    22.0
   104.766    32.302    18.598    54.000     0.072    1127       2     2.0    22.0
   104.751    32.289    18.598    54.000     0.077    1125       2     4.0    22.0
   104.736    32.276    18.598    54.000     0.077    1124       2     6.0    22.0
   104.721    32.263    18.598    54.000     0.077    1122       2     8.0    22.0
   104.706    32.250    18.598    54.000     0.070    1119       1    10.0    22.0
   104.692    32.237    18.598    54.000     0.064    1116       3    12.0    22.0
   104.677    32.224    18.598    54.000     0.061    1117       3    14.0    22.0
   104.662    32.211    18.598    54.000     0.054    1117       3    16.0    22.0
   104.647    32.198    18.598    54.000     0.052    1443       6    18.0    22.0
   104.632    32.185    18.598    54.000     0.060    1438       9    20.0    22.0
   104.618    32.172    18.598    54.000     0.061    1439       9    22.0    22.0
   104.603    32.159    18.598    54.000     0.070    1442       7    24.0    22.0
   104.588    32.146    18.598    54.000     0.075     978      36    26.0    22.0
   104.573    32.133    18.598    54.000     0.095     976      36    28.0    22.0
   104.559    32.120    18.598    54.000     0.102     975      36    30.0    22.0
   104.544    32.108    18.598    54.000     0.106     973      36    32.0    22.0
   104.529    32.095    18.598    54.000     0.088     972      36    34.0    22.0
   104.514    32.082    18.598    54.000     0.081     970      36    36.0    22.0
   104.500    32.069    18.598    54.000     0.069     973      36    38.0    22.0
   104.485    32.056    18.598    54.000     0.065    1542       1    40.0    22.0
   104.470    32.043    18.598    54.000     0.062    1532       1    42.0    22.0
   104.456    32.030    18.598    54.000     0.061    1531       4    44.0    22.0
   104.441    32.017    18.598    54.000     0.056    1531       4    46.0    22.0
   104.426    32.004    18.598    54.000     0.049    1536       2    48.0    22.0
   104.411    31.991    18.598    54.000     0.044    1053      35    50.0    22.0
   104.397    31.978    18.598    54.000     0.042     977      33    52.0    22.0
   104.382    31.965    18.598    54.000     0.045     975      33    54.0    22.0
   104.367    31.952    18.598    54.000     0.053    1049      29    56.0    22.0
   104.353    31.939    18.598    54.000     0.064    1052      34    58.0    22.0
   104.338    31.926    18.598    54.000     0.068    1051      33    60.0    22.0
   104.323    31.913    18.598    54.000     0.073    1050      22    62.0    22.0
   104.309    31.900    18.598    54.000     0.076    1048      33    64.0    22.0
   104.789    32.307    16.980    54.000     0.082    1126       2     0.0    20.0
   104.774    32.294    16.980    54.000     0.094    1124       2     2.0    20.0
   104.760    32.281    16.980    54.000     0.090    1125       2     4.0    20.0
   104.745    32.268    16.980    54.000     0.071    1169      32     6.0    20.0
   104.730    32.256    16.980    54.000     0.073    1169      32     8.0    20.0
   104.715    32.243    16.980    54.000     0.073    1168      32    10.0    20.0
   104.701    32.230    16.980    54.000     0.073    1180      34    12.0    20.0
   104.686    32.217    16.980    54.000     0.078    1181      33    14.0    20.0
   104.671    32.204    16.980    54.000     0.073    1177      32    16.0    20.0
   104.656    32.191    16.980    54.000     0.063    1177      32    18.0    20.0
   104.641    32.178    16.980    54.000     0.062    1062      36    20.0    20.0
   104.627    32.165    16.980    54.000     0.056    1230       1    22.0    20.0
   104.612    32.152    16.980    54.000     0.073    1228       1    24.0    20.0
   104.597    32.139    16.980    54.000     0.082    1227       1    26.0    20.0
   104.582    32.126    16.980    54.000     0.098    1231       1    28.0    20.0
   104.568    32.113    16.980    54.000     0.112    1229       1    30.0    20.0
   104.553    32.100    16.980    54.000     0.115    1228       1    32.0    20.0
   104.538    32.087    16.980    54.000     0.112    1229       1    34.0    20.0
   104.523    32.074    16.980    54.000     0.113    1503      35    36.0    20.0
   104.509    32.061    16.980    54.000     0.111    1503      35    38.0    20.0
   104.494    32.048    16.980    54.000     0.102    1500      34    40.0    20.0
   104.479    32.035    16.980    54.000     0.088    1500      35    42.0    20.0
   104.465    32.022    16.980    54.000     0.074    1495      35    44.0    20.0
   104.450    32.009    16.980    54.000     0.065    1494      36    46.0    20.0
   104.435    31.996    16.980    54.000     0.052    1538       1    48.0    20.0
   104.420    31.983    16.980    54.000     0.041    1489      35    50.0    20.0
   104.406    31.970    16.980    54.000     0.038    1314      11    52.0    20.0
   104.391    31.958    16.980    54.000     0.041    1127      24    54.0    20.0
   104.376    31.945    16.980    54.000     0.059    1124      25    56.0    20.0
   104.362    31.932    16.980    54.000     0.072    1054      36    58.0    20.0
   104.347    31.919    16.980    54.000     0.082    1124      27    60.0    20.0
   104.332    31.906    16.980    54.000     0.091    1126      29    62.0    20.0
   104.318    31.893    16.980    54.000     0.099    1050      33    64.0    20.0
   104.798    32.300    15.362    54.000     0.121    1127       2     0.0    18.0
   104.783    32.287    15.362    54.000     0.129    1177      32     2.0    18.0
   104.769    32.274    15.362    54.000     0.171    1177      32     4.0    18.0
   104.754    32.261    15.362    54.000     0.228    1176      32     6.0    18.0
   104.739    32.248    15.362    54.000     0.275    1175      33     8.0    18.0
   104.724    32.235    15.362    54.000     0.280    1175      32    10.0    18.0
   104.709    32.222    15.362    54.000     0.236    1174      32    12.0    18.0
   104.695    32.209    15.362    54.000     0.223    1177      33    14.0    18.0
   104.680    32.196    15.362    54.000     0.241    1178      33    16.0    18.0
   104.665    32.183    15.362    54.000     0.229    1177      33    18.0    18.0
   104.650    32.170    15.362    54.000     0.206    1176      33    20.0    18.0
   104.636    32.158    15.362    54.000     0.169    1177      31    22.0    18.0
   104.621    32.145    15.362    54.000     0.144    1177      29    24.0    18.0
   104.606    32.132    15.362    54.000     0.094    1179      30    26.0    18.0
   104.591    32.119    15.362    54.000     0.089    1228       1    28.0    18.0
   104.577    32.106    15.362    54.000     0.101    1230       1    30.0    18.0
   104.562    32.093    15.362    54.000     0.129    1497      36    32.0    18.0
   104.547    32.080    15.362    54.000     0.135    1497      36    34.0    18.0
   104.532    32.067    15.362    54.000     0.130    1496      36    36.0    18.0
   104.518    32.054    15.362    54.000     0.120    1498      35    38.0    18.0
   104.503    32.041    15.362    54.000     0.117    1498      35    40.0    18.0
   104.488    32.028    15.362    54.000     0.109    1498      35    42.0    18.0
   104.473    32.015    15.362    54.000     0.094    1499      34    44.0    18.0
   104.459    32.002    15.362    54.000     0.077    1498      33    46.0    18.0
   104.444    31.989    15.362    54.000     0.059    1505      30    48.0    18.0
   104.429    31.976    15.362    54.000     0.050    1503      29    50.0    18.0
   104.415    31.963    15.362    54.000     0.049    1502      29    52.0    18.0
   104.400    31.950    15.362    54.000     0.057     992      37    54.0    18.0
   104.385    31.937    15.362    54.000     0.061     993      37    56.0    18.0
   104.371    31.924    15.362    54.000     0.073    1120      31    58.0    18.0
   104.356    31.911    15.362    54.000     0.109    1122      29    60.0    18.0
   104.341    31.898    15.362    54.000     0.134    1127      18    62.0    18.0
   104.327    31.885    15.362    54.000     0.159    1126      21    64.0    18.0
   104.807    32.292    13.744    54.000     0.048    1184      34     0.0    16.0
   104.792    32.280    13.744    54.000     0.100    1182      34     2.0    16.0
   104.778    32.267    13.744    54.000     0.153    1179      35     4.0    16.0
   104.763    32.254    13.744    54.000     0.217    1178      34     6.0    16.0
   104.748    32.241    13.744    54.000     0.260    1178      34     8.0    16.0
   104.733    32.228    13.744    54.000     0.303    1177      33    10.0    16.0
   104.718    32.215    13.744    54.000     0.316    1176      33    12.0    16.0
   104.704    32.202    13.744    54.000     0.318    1176      33    14.0    16.0
   104.689    32.189    13.744    54.000     0.304    1174      33    16.0    16.0
   104.674    32.176    13.744    54.000     0.270    1176      34    18.0    16.0
   104.659    32.163    13.744    54.000     0.251    1179      33    20.0    16.0
   104.645    32.150    13.744    54.000     0.236    1177      33    22.0    16.0
   104.630    32.137    13.744    54.000     0.203    1176      33    24.0    16.0
   104.615    32.124    13.744    54.000     0.143    1179      34    26.0    16.0
   104.600    32.111    13.744    54.000     0.092    1176      34    28.0    16.0
   104.586    32.098    13.744    54.000     0.078    1299      17    30.0    16.0
   104.571    32.085    13.744    54.000     0.080    1300      17    32.0    16.0
   104.556    32.072    13.744    54.000     0.084    1127       2    34.0    16.0
   104.541    32.059    13.744    54.000     0.100    1228       1    36.0    16.0
   104.527    32.047    13.744    54.000     0.109    1124       2    38.0    16.0
   104.512    32.034    13.744    54.000     0.107    1123       2    40.0    16.0
   104.497    32.021    13.744    54.000     0.112    1121       2    42.0    16.0
   104.482    32.008    13.744    54.000     0.089    1122       2    44.0    16.0
   104.468    31.995    13.744    54.000     0.061    1121       2    46.0    16.0
   104.453    31.982    13.744    54.000     0.061    1310      25    48.0    16.0
   104.438    31.969    13.744    54.000     0.062    1310      25    50.0    16.0
   104.424    31.956    13.744    54.000     0.056    1312      24    52.0    16.0
   104.409    31.943    13.744    54.000     0.049    1310      24    54.0    16.0
   104.394    31.930    13.744    54.000     0.044    1431       7    56.0    16.0
   104.380    31.917    13.744    54.000     0.063    1194      12    58.0    16.0
   104.365    31.904    13.744    54.000     0.093    1194      13    60.0    16.0
   104.350    31.891    13.744    54.000     0.141    1192      13    62.0    16.0
   104.336    31.878    13.744    54.000     0.162    1123      21    64.0    16.0
   104.816    32.285    12.126    54.000     0.051    1324      16     0.0    14.0
   104.801    32.272    12.126    54.000     0.069    1189      35     2.0    14.0
   104.786    32.259    12.126    54.000     0.086    1188      35     4.0    14.0
   104.772    32.246    12.126    54.000     0.117    1186      35     6.0    14.0
   104.757    32.233    12.126    54.000     0.145    1187      35     8.0    14.0
   104.742    32.220    12.126    54.000     0.164    1186      35    10.0    14.0
   104.727    32.207    12.126    54.000     0.182    1182      34    12.0    14.0
   104.713    32.195    12.126    54.000     0.183    1183      34    14.0    14.0
   104.698    32.182    12.126    54.000     0.177    1182      35    16.0    14.0
   104.683    32.169    12.126    54.000     0.167    1179      34    18.0    14.0
   104.668    32.156    12.126    54.000     0.153    1182      35    20.0    14.0
   104.653    32.143    12.126    54.000     0.138    1183      35    22.0    14.0
   104.639    32.130    12.126    54.000     0.125    1183      35    24.0    14.0
   104.624    32.117    12.126    54.000     0.099    1288      26    26.0    14.0
   104.609    32.104    12.126    54.000     0.108    1299      16    28.0    14.0
   104.594    32.091    12.126    54.000     0.125    1299      17    30.0    14.0
   104.580    32.078    12.126    54.000     0.122    1298      15    32.0    14.0
   104.565    32.065    12.126    54.000     0.107    1295      19    34.0    14.0
   104.550    32.052    12.126    54.000     0.096    1294      20    36.0    14.0
   104.536    32.039    12.126    54.000     0.142    1124       2    38.0    14.0
   104.521    32.026    12.126    54.000     0.153    1124       2    40.0    14.0
   104.506    32.013    12.126    54.000     0.131    1123       2    42.0    14.0
   104.491    32.000    12.126    54.000     0.107    1121       2    44.0    14.0
   104.477    31.987    12.126    54.000     0.078    1123       2    46.0    14.0
   104.462    31.974    12.126    54.000     0.063    1123       2    48.0    14.0
   104.447    31.961    12.126    54.000     0.042    1308      27    50.0    14.0
   104.433    31.948    12.126    54.000     0.049    1312      24    52.0    14.0
   104.418    31.935    12.126    54.000     0.051    1434       9    54.0    14.0
   104.403    31.922    12.126    54.000     0.060    1308      22    56.0    14.0
   104.388    31.909    12.126    54.000     0.054    1309      21    58.0    14.0
   104.374    31.896    12.126    54.000     0.076    1191      14    60.0    14.0
   104.359    31.884    12.126    54.000     0.080    1189      16    62.0    14.0
   104.344    31.871    12.126    54.000     0.099    1119      15    64.0    14.0
   104.825    32.278    10.508    54.000     0.047    1438      23     0.0    12.0
   104.810    32.265    10.508    54.000     0.043    1441      26     2.0    12.0
   104.795    32.252    10.508    54.000     0.047    1441      27     4.0    12.0
   104.781    32.239    10.508    54.000     0.054    1192      36     6.0    12.0
   104.766    32.226    10.508    54.000     0.059    1193      35     8.0    12.0
   104.751    32.213    10.508    54.000     0.067    1190      35    10.0    12.0
   104.736    32.200    10.508    54.000     0.068    1189      35    12.0    12.0
   104.722    32.187    10.508    54.000     0.061    1189      35    14.0    12.0
   104.707    32.174    10.508    54.000     0.050    1186      35    16.0    12.0
   104.692    32.161    10.508    54.000     0.062    1290      15    18.0    12.0
   104.677    32.148    10.508    54.000     0.086    1292      18    20.0    12.0
   104.662    32.135    10.508    54.000     0.125    1293      24    22.0    12.0
   104.648    32.122    10.508    54.000     0.143    1292      23    24.0    12.0
   104.633    32.109    10.508    54.000     0.155    1292      24    26.0    12.0
   104.618    32.097    10.508    54.000     0.160    1291      24    28.0    12.0
   104.603    32.084    10.508    54.000     0.167    1290      20    30.0    12.0
   104.589    32.071    10.508    54.000     0.182    1290      24    32.0    12.0
   104.574    32.058    10.508    54.000     0.174    1290      27    34.0    12.0
   104.559    32.045    10.508    54.000     0.157    1288      26    36.0    12.0
   104.544    32.032    10.508    54.000     0.142    1292      27    38.0    12.0
   104.530    32.019    10.508    54.000     0.127    1292      22    40.0    12.0
   104.515    32.006    10.508    54.000     0.114    1291      21    42.0    12.0
   104.500    31.993    10.508    54.000     0.093    1289      20    44.0    12.0
   104.486    31.980    10.508    54.000     0.075    1290      18    46.0    12.0
   104.471    31.967    10.508    54.000     0.062    1287      15    48.0    12.0
   104.456    31.954    10.508    54.000     0.055    1287      17    50.0    12.0
   104.441    31.941    10.508    54.000     0.061    1294      11    52.0    12.0
   104.427    31.928    10.508    54.000     0.060    1296      15    54.0    12.0
   104.412    31.915    10.508    54.000     0.056    1308      24    56.0    12.0
   104.397    31.902    10.508    54.000     0.058    1302      18    58.0    12.0
   104.383    31.889    10.508    54.000     0.069    1303      18    60.0    12.0
   104.368    31.876    10.508    54.000     0.066     958      22    62.0    12.0
   104.353    31.863    10.508    54.000     0.068     959      22    64.0    12.0
   104.834    32.270     8.890    54.000     0.103    1549      20     0.0    10.0
   104.819    32.257     8.890    54.000     0.097    1550      20     2.0    10.0
   104.804    32.244     8.890    54.000     0.081    1546      20     4.0    10.0
   104.790    32.231     8.890    54.000     0.076    1545      20     6.0    10.0
   104.775    32.219     8.890    54.000     0.071    1544      20     8.0    10.0
   104.760    32.206     8.890    54.000     0.073    1291       5    10.0    10.0
   104.745    32.193     8.890    54.000     0.094    1289       5    12.0    10.0
   104.730    32.180     8.890    54.000     0.086    1289       6    14.0    10.0
   104.716    32.167     8.890    54.000     0.086    1288       7    16.0    10.0
   104.701    32.154     8.890    54.000     0.078    1288      15    18.0    10.0
   104.686    32.141     8.890    54.000     0.089    1288      18    20.0    10.0
   104.671    32.128     8.890    54.000     0.123    1288      23    22.0    10.0
   104.657    32.115     8.890    54.000     0.163    1289      21    24.0    10.0
   104.642    32.102     8.890    54.000     0.179    1289      21    26.0    10.0
   104.627    32.089     8.890    54.000     0.196    1285      22    28.0    10.0
   104.612    32.076     8.890    54.000     0.240    1291      24    30.0    10.0
   104.598    32.063     8.890    54.000     0.254    1291      26    32.0    10.0
   104.583    32.050     8.890    54.000     0.262    1290      26    34.0    10.0
   104.568    32.037     8.890    54.000     0.261    1290      28    36.0    10.0
   104.553    32.024     8.890    54.000     0.256    1289      28    38.0    10.0
   104.539    32.011     8.890    54.000     0.241    1288      28    40.0    10.0
   104.524    31.998     8.890    54.000     0.200    1287      26    42.0    10.0
   104.509    31.986     8.890    54.000     0.156    1284      27    44.0    10.0
   104.495    31.973     8.890    54.000     0.131    1286      26    46.0    10.0
   104.480    31.960     8.890    54.000     0.109    1168      32    48.0    10.0
   104.465    31.947     8.890    54.000     0.114    1168      33    50.0    10.0
   104.450    31.934     8.890    54.000     0.095    1169      33    52.0    10.0
   104.436    31.921     8.890    54.000     0.089    1058       3    54.0    10.0
   104.421    31.908     8.890    54.000     0.106    1059       3    56.0    10.0
   104.406    31.895     8.890    54.000     0.113    1058       3    58.0    10.0
   104.392    31.882     8.890    54.000     0.129    1061      10    60.0    10.0
   104.377    31.869     8.890    54.000     0.134    1061      10    62.0    10.0
   104.362    31.856     8.890    54.000     0.130    1060      10    64.0    10.0
   104.843    32.263     7.272    54.000     0.161    1547      20     0.0     8.0
   104.828    32.250     7.272    54.000     0.164    1546      20     2.0     8.0
   104.813    32.237     7.272    54.000     0.163    1546      20     4.0     8.0
   104.799    32.224     7.272    54.000     0.162    1546      20     6.0     8.0
   104.784    32.211     7.272    54.000     0.156    1546      21     8.0     8.0
   104.769    32.198     7.272    54.000     0.162    1540      17    10.0     8.0
   104.754    32.185     7.272    54.000     0.158    1541      17    12.0     8.0
   104.739    32.172     7.272    54.000     0.155    1535      16    14.0     8.0
   104.725    32.159     7.272    54.000     0.154    1535      16    16.0     8.0
   104.710    32.147     7.272    54.000     0.153    1539      17    18.0     8.0
   104.695    32.134     7.272    54.000     0.144    1537      17    20.0     8.0
   104.680    32.121     7.272    54.000     0.138    1538      18    22.0     8.0
   104.666    32.108     7.272    54.000     0.116    1538      18    24.0     8.0
   104.651    32.095     7.272    54.000     0.099    1286      12    26.0     8.0
   104.636    32.082     7.272    54.000     0.119    1283      12    28.0     8.0
   104.621    32.069     7.272    54.000     0.133    1288      30    30.0     8.0
   104.607    32.056     7.272    54.000     0.152    1288      29    32.0     8.0
   104.592    32.043     7.272    54.000     0.182    1290      30    34.0     8.0
   104.577    32.030     7.272    54.000     0.200    1290      29    36.0     8.0
   104.562    32.017     7.272    54.000     0.218    1292      29    38.0     8.0
   104.548    32.004     7.272    54.000     0.222    1291      29    40.0     8.0
   104.533    31.991     7.272    54.000     0.218    1286      27    42.0     8.0
   104.518    31.978     7.272    54.000     0.221    1286      27    44.0     8.0
   104.503    31.965     7.272    54.000     0.219    1283      27    46.0     8.0
   104.489    31.952     7.272    54.000     0.211    1282      27    48.0     8.0
   104.474    31.939     7.272    54.000     0.187    1282      28    50.0     8.0
   104.459    31.926     7.272    54.000     0.176    1171      31    52.0     8.0
   104.445    31.913     7.272    54.000     0.167    1062       3    54.0     8.0
   104.430    31.900     7.272    54.000     0.155    1062       3    56.0     8.0
   104.415    31.887     7.272    54.000     0.145    1063       4    58.0     8.0
   104.401    31.874     7.272    54.000     0.147    1060       3    60.0     8.0
   104.386    31.861     7.272    54.000     0.153    1172      15    62.0     8.0
   104.371    31.848     7.272    54.000     0.152    1171      15    64.0     8.0
   104.852    32.255     5.654    54.000     0.188    1544      11     0.0     6.0
   104.837    32.243     5.654    54.000     0.213    1546      11     2.0     6.0
   104.822    32.230     5.654    54.000     0.213    1547      12     4.0     6.0
   104.807    32.217     5.654    54.000     0.203    1548      12     6.0     6.0
   104.793    32.204     5.654    54.000     0.197    1545      12     8.0     6.0
   104.778    32.191     5.654    54.000     0.187    1545      11    10.0     6.0
   104.763    32.178     5.654    54.000     0.164    1545      11    12.0     6.0
   104.748    32.165     5.654    54.000     0.153    1293       3    14.0     6.0
   104.734    32.152     5.654    54.000     0.132    1539      17    16.0     6.0
   104.719    32.139     5.654    54.000     0.119    1539      17    18.0     6.0
   104.704    32.126     5.654    54.000     0.106    1538      17    20.0     6.0
   104.689    32.113     5.654    54.000     0.088    1179       3    22.0     6.0
   104.674    32.100     5.654    54.000     0.077    1180       4    24.0     6.0
   104.660    32.087     5.654    54.000     0.072     970       1    26.0     6.0
   104.645    32.074     5.654    54.000     0.090     969       1    28.0     6.0
   104.630    32.061     5.654    54.000     0.099     973       1    30.0     6.0
   104.616    32.049     5.654    54.000     0.106     972       1    32.0     6.0
   104.601    32.036     5.654    54.000     0.107     971       2    34.0     6.0
   104.586    32.023     5.654    54.000     0.128    1179      29    36.0     6.0
   104.571    32.010     5.654    54.000     0.160    1179      30    38.0     6.0
   104.557    31.997     5.654    54.000     0.178    1181      28    40.0     6.0
   104.542    31.984     5.654    54.000     0.190    1180      26    42.0     6.0
   104.527    31.971     5.654    54.000     0.204    1177      21    44.0     6.0
   104.512    31.958     5.654    54.000     0.205    1173      26    46.0     6.0
   104.498    31.945     5.654    54.000     0.225    1174      27    48.0     6.0
   104.483    31.932     5.654    54.000     0.201    1175      28    50.0     6.0
   104.468    31.919     5.654    54.000     0.244    1170      23    52.0     6.0
   104.454    31.906     5.654    54.000     0.238    1170      23    54.0     6.0
   104.439    31.893     5.654    54.000     0.251    1170      23    56.0     6.0
   104.424    31.880     5.654    54.000     0.254    1170      23    58.0     6.0
   104.410    31.867     5.654    54.000     0.247    1169      21    60.0     6.0
   104.395    31.854     5.654    54.000     0.211    1168      23    62.0     6.0
   104.380    31.841     5.654    54.000     0.181    1168      18    64.0     6.0
   104.861    32.248     4.036    54.000     0.221    1546       4     0.0     4.0
   104.846    32.235     4.036    54.000     0.205    1547       9     2.0     4.0
   104.831    32.222     4.036    54.000     0.185    1547      16     4.0     4.0
   104.816    32.209     4.036    54.000     0.156    1545      11     6.0     4.0
   104.802    32.196     4.036    54.000     0.163    1238      37     8.0     4.0
   104.787    32.183     4.036    54.000     0.190    1236      37    10.0     4.0
   104.772    32.171     4.036    54.000     0.197    1235      37    12.0     4.0
   104.757    32.158     4.036    54.000     0.196    1235      37    14.0     4.0
   104.742    32.145     4.036    54.000     0.201    1236      37    16.0     4.0
   104.728    32.132     4.036    54.000     0.172    1238      37    18.0     4.0
   104.713    32.119     4.036    54.000     0.150    1233      37    20.0     4.0
   104.698    32.106     4.036    54.000     0.133    1232      37    22.0     4.0
   104.683    32.093     4.036    54.000     0.132    1559      35    24.0     4.0
   104.669    32.080     4.036    54.000     0.134    1561      36    26.0     4.0
   104.654    32.067     4.036    54.000     0.140    1561      36    28.0     4.0
   104.639    32.054     4.036    54.000     0.132    1558      36    30.0     4.0
   104.624    32.041     4.036    54.000     0.134    1557      36    32.0     4.0
   104.610    32.028     4.036    54.000     0.133    1556      36    34.0     4.0
   104.595    32.015     4.036    54.000     0.128    1555      36    36.0     4.0
   104.580    32.002     4.036    54.000     0.120    1554      36    38.0     4.0
   104.566    31.989     4.036    54.000     0.130    1179      15    40.0     4.0
   104.551    31.976     4.036    54.000     0.171    1177      16    42.0     4.0
   104.536    31.963     4.036    54.000     0.203    1176      18    44.0     4.0
   104.521    31.950     4.036    54.000     0.248    1177      19    46.0     4.0
   104.507    31.937     4.036    54.000     0.259    1178      21    48.0     4.0
   104.492    31.925     4.036    54.000     0.255    1179      23    50.0     4.0
   104.477    31.912     4.036    54.000     0.227    1178      25    52.0     4.0
   104.463    31.899     4.036    54.000     0.221    1178      27    54.0     4.0
   104.448    31.886     4.036    54.000     0.215    1090       6    56.0     4.0
   104.433    31.873     4.036    54.000     0.248    1091       6    58.0     4.0
   104.418    31.860     4.036    54.000     0.278    1090       8    60.0     4.0
   104.404    31.847     4.036    54.000     0.298    1090      10    62.0     4.0
   104.389    31.834     4.036    54.000     0.331    1091      10    64.0     4.0
   104.870    32.241     2.418    54.000     0.143    1548       7     0.0     2.0
   104.855    32.228     2.418    54.000     0.141    1548       9     2.0     2.0
   104.840    32.215     2.418    54.000     0.130    1547      14     4.0     2.0
   104.825    32.202     2.418    54.000     0.151    1241      37     6.0     2.0
   104.811    32.189     2.418    54.000     0.161    1241      37     8.0     2.0
   104.796    32.176     2.418    54.000     0.193    1236      37    10.0     2.0
   104.781    32.163     2.418    54.000     0.194    1238      37    12.0     2.0
   104.766    32.150     2.418    54.000     0.185    1238      37    14.0     2.0
   104.751    32.137     2.418    54.000     0.176    1239      37    16.0     2.0
   104.737    32.124     2.418    54.000     0.137    1238      37    18.0     2.0
   104.722    32.111     2.418    54.000     0.119    1239      37    20.0     2.0
   104.707    32.098     2.418    54.000     0.068    1200       1    22.0     2.0
   104.692    32.086     2.418    54.000     0.063    1199       2    24.0     2.0
   104.678    32.073     2.418    54.000     0.062    1567      35    26.0     2.0
   104.663    32.060     2.418    54.000     0.065    1567      36    28.0     2.0
   104.648    32.047     2.418    54.000     0.074    1565      36    30.0     2.0
   104.633    32.034     2.418    54.000     0.071    1569      37    32.0     2.0
   104.619    32.021     2.418    54.000     0.082    1186       2    34.0     2.0
   104.604    32.008     2.418    54.000     0.106    1181       3    36.0     2.0
   104.589    31.995     2.418    54.000     0.147    1180       3    38.0     2.0
   104.574    31.982     2.418    54.000     0.161    1181       3    40.0     2.0
   104.560    31.969     2.418    54.000     0.165    1181       4    42.0     2.0
   104.545    31.956     2.418    54.000     0.189    1178       9    44.0     2.0
   104.530    31.943     2.418    54.000     0.201    1176      13    46.0     2.0
   104.516    31.930     2.418    54.000     0.213    1178      16    48.0     2.0
   104.501    31.917     2.418    54.000     0.185    1178      18    50.0     2.0
   104.486    31.904     2.418    54.000     0.183    1178      22    52.0     2.0
   104.471    31.891     2.418    54.000     0.182    1178      24    54.0     2.0
   104.457    31.878     2.418    54.000     0.178    1179      26    56.0     2.0
   104.442    31.865     2.418    54.000     0.185    1093       3    58.0     2.0
   104.427    31.852     2.418    54.000     0.235    1094       5    60.0     2.0
   104.413    31.839     2.418    54.000     0.292    1093       8    62.0     2.0
   104.398    31.826     2.418    54.000     0.341    1089       7    64.0     2.0
   104.879    32.233     0.800    54.000     0.090    1552       8     0.0     0.0
   104.864    32.220     0.800    54.000     0.106    1551      10     2.0     0.0
   104.849    32.207     0.800    54.000     0.102    1551      15     4.0     0.0
   104.834    32.195     0.800    54.000     0.114    1247      37     6.0     0.0
   104.819    32.182     0.800    54.000     0.126    1246      37     8.0     0.0
   104.805    32.169     0.800    54.000     0.129    1245      37    10.0     0.0
   104.790    32.156     0.800    54.000     0.122    1244      37    12.0     0.0
   104.775    32.143     0.800    54.000     0.094    1245      37    14.0     0.0
   104.760    32.130     0.800    54.000     0.076    1242      37    16.0     0.0
   104.746    32.117     0.800    54.000     0.050    1554      31    18.0     0.0
   104.731    32.104     0.800    54.000     0.046    1555      32    20.0     0.0
   104.716    32.091     0.800    54.000     0.039    1555      32    22.0     0.0
   104.701    32.078     0.800    54.000     0.042    1201       2    24.0     0.0
   104.687    32.065     0.800    54.000     0.046    1204       2    26.0     0.0
   104.672    32.052     0.800    54.000     0.053    1569      35    28.0     0.0
   104.657    32.039     0.800    54.000     0.059    1198       9    30.0     0.0
   104.642    32.026     0.800    54.000     0.064    1197      10    32.0     0.0
   104.628    32.013     0.800    54.000     0.066    1197      13    34.0     0.0
   104.613    32.000     0.800    54.000     0.101    1188       2    36.0     0.0
   104.598    31.988     0.800    54.000     0.129    1188       2    38.0     0.0
   104.583    31.975     0.800    54.000     0.136    1188       2    40.0     0.0
   104.569    31.962     0.800    54.000     0.128    1188       2    42.0     0.0
   104.554    31.949     0.800    54.000     0.131    1188       4    44.0     0.0
   104.539    31.936     0.800    54.000     0.136    1180      10    46.0     0.0
   104.525    31.923     0.800    54.000     0.135    1184       9    48.0     0.0
   104.510    31.910     0.800    54.000     0.133    1184      10    50.0     0.0
   104.495    31.897     0.800    54.000     0.132    1182      20    52.0     0.0
   104.480    31.884     0.800    54.000     0.147    1182      25    54.0     0.0
   104.466    31.871     0.800    54.000     0.149    1183      28    56.0     0.0
   104.451    31.858     0.800    54.000     0.151    1184      30    58.0     0.0
   104.436    31.845     0.800    54.000     0.163    1099      11    60.0     0.0
   104.422    31.832     0.800    54.000     0.184    1098      13    62.0     0.0
   104.407    31.819     0.800    54.000     0.235    1099      14    64.0     0.0
