   104.700    32.381    33.161    54.000     0.038      33      10     0.0    40.0
   104.685    32.368    33.161    54.000     0.044      35      19     2.0    40.0
   104.670    32.355    33.161    54.000     0.047      34      18     4.0    40.0
   104.655    32.342    33.161    54.000     0.045      36      21     6.0    40.0
   104.641    32.329    33.161    54.000     0.047      36      21     8.0    40.0
   104.626    32.316    33.161    54.000     0.050      37      22    10.0    40.0
   104.611    32.303    33.161    54.000     0.046      35      22    12.0    40.0
   104.596    32.290    33.161    54.000     0.044      37      21    14.0    40.0
   104.581    32.278    33.161    54.000     0.046      36      22    16.0    40.0
   104.567    32.265    33.161    54.000     0.043      35      23    18.0    40.0
   104.552    32.252    33.161    54.000     0.036      30      16    20.0    40.0
   104.537    32.239    33.161    54.000     0.028      29      21    22.0    40.0
   104.522    32.226    33.161    54.000     0.028      27      23    24.0    40.0
   104.508    32.213    33.161    54.000     0.025      26      23    26.0    40.0
   104.493    32.200    33.161    54.000     0.019      25      27    28.0    40.0
   104.478    32.187    33.161    54.000     0.021      18      26    30.0    40.0
   104.463    32.174    33.161    54.000     0.020      18      21    32.0    40.0
   104.449    32.161    33.161    54.000     0.025      21      27    34.0    40.0
   104.434    32.148    33.161    54.000     0.022      22      27    36.0    40.0
   104.419    32.135    33.161    54.000     0.020      17      25    38.0    40.0
   104.404    32.122    33.161    54.000     0.019      17      25    40.0    40.0
   104.390    32.109    33.161    54.000     0.016      19      30    42.0    40.0
   104.375    32.096    33.161    54.000     0.013      19      31    44.0    40.0
   104.360    32.083    33.161    54.000     0.013      18      31    46.0    40.0
   104.346    32.070    33.161    54.000     0.012      17      31    48.0    40.0
   104.331    32.057    33.161    54.000     0.008      15      31    50.0    40.0
   104.316    32.044    33.161    54.000     0.006      17      29    52.0    40.0
   104.301    32.031    33.161    54.000     0.003       4      29    54.0    40.0
   104.287    32.018    33.161    54.000     0.005       5      29    56.0    40.0
   104.272    32.005    33.161    54.000     0.007       4      24    58.0    40.0
   104.257    31.992    33.161    54.000     0.009       6      24    60.0    40.0
   104.243    31.979    33.161    54.000     0.008       6      22    62.0    40.0
   104.228    31.966    33.161    54.000     0.008       5      21    64.0    40.0
   104.709    32.374    31.543    54.000     0.056      34      12     0.0    38.0
   104.694    32.361    31.543    54.000     0.069      34      13     2.0    38.0
   104.679    32.348    31.543    54.000     0.072      34      14     4.0    38.0
   104.664    32.335    31.543    54.000     0.069      33      19     6.0    38.0
   104.649    32.322    31.543    54.000     0.064      33      12     8.0    38.0
   104.635    32.309    31.543    54.000     0.058      37      20    10.0    38.0
   104.620    32.296    31.543    54.000     0.059      35      20    12.0    38.0
   104.605    32.283    31.543    54.000     0.051      35      20    14.0    38.0
   104.590    32.270    31.543    54.000     0.045      36      21    16.0    38.0
   104.576    32.257    31.543    54.000     0.038      35      15    18.0    38.0
   104.561    32.244    31.543    54.000     0.028      32      21    20.0    38.0
   104.546    32.231    31.543    54.000     0.020      31      22    22.0    38.0
   104.531    32.218    31.543    54.000     0.022       9       6    24.0    38.0
   104.517    32.205    31.543    54.000     0.024       8       9    26.0    38.0
   104.502    32.192    31.543    54.000     0.024       8       8    28.0    38.0
   104.487    32.179    31.543    54.000     0.018       9       9    30.0    38.0
   104.472    32.166    31.543    54.000     0.018      13      12    32.0    38.0
   104.458    32.154    31.543    54.000     0.015      11      10    34.0    38.0
   104.443    32.141    31.543    54.000     0.012      11      12    36.0    38.0
   104.428    32.128    31.543    54.000     0.012      22      29    38.0    38.0
   104.413    32.115    31.543    54.000     0.014      22      30    40.0    38.0
   104.399    32.102    31.543    54.000     0.010      23      30    42.0    38.0
   104.384    32.089    31.543    54.000     0.009      18      30    44.0    38.0
   104.369    32.076    31.543    54.000     0.009      18      30    46.0    38.0
   104.355    32.063    31.543    54.000     0.009      33      34    48.0    38.0
   104.340    32.050    31.543    54.000     0.008      17      31    50.0    38.0
   104.325    32.037    31.543    54.000     0.008      15      31    52.0    38.0
   104.310    32.024    31.543    54.000     0.007      14      32    54.0    38.0
   104.296    32.011    31.543    54.000     0.005      11      31    56.0    38.0
   104.281    31.998    31.543    54.000     0.005       9      35    58.0    38.0
   104.266    31.985    31.543    54.000     0.006       8      33    60.0    38.0
   104.252    31.972    31.543    54.000     0.012       9      32    62.0    38.0
   104.237    31.959    31.543    54.000     0.010       9      32    64.0    38.0
   104.718    32.366    29.925    54.000     0.064      37       5     0.0    36.0
   104.703    32.353    29.925    54.000     0.058      38       5     2.0    36.0
   104.688    32.340    29.925    54.000     0.050      34      10     4.0    36.0
   104.673    32.328    29.925    54.000     0.057      33      11     6.0    36.0
   104.658    32.315    29.925    54.000     0.056      33      11     8.0    36.0
   104.644    32.302    29.925    54.000     0.052      31      13    10.0    36.0
   104.629    32.289    29.925    54.000     0.049      32      13    12.0    36.0
   104.614    32.276    29.925    54.000     0.038      33      14    14.0    36.0
   104.599    32.263    29.925    54.000     0.031      27      15    16.0    36.0
   104.585    32.250    29.925    54.000     0.025      26      17    18.0    36.0
   104.570    32.237    29.925    54.000     0.020      33      23    20.0    36.0
   104.555    32.224    29.925    54.000     0.021      16       3    22.0    36.0
   104.540    32.211    29.925    54.000     0.025      16       3    24.0    36.0
   104.526    32.198    29.925    54.000     0.020      15       3    26.0    36.0
   104.511    32.185    29.925    54.000     0.022      14       5    28.0    36.0
   104.496    32.172    29.925    54.000     0.017      13       5    30.0    36.0
   104.481    32.159    29.925    54.000     0.010      14      10    32.0    36.0
   104.467    32.146    29.925    54.000     0.008      18       5    34.0    36.0
   104.452    32.133    29.925    54.000     0.006      19      35    36.0    36.0
   104.437    32.120    29.925    54.000     0.009      20      35    38.0    36.0
   104.422    32.107    29.925    54.000     0.011      19      35    40.0    36.0
   104.408    32.094    29.925    54.000     0.011      21      35    42.0    36.0
   104.393    32.081    29.925    54.000     0.010      23      35    44.0    36.0
   104.378    32.068    29.925    54.000     0.009      29      33    46.0    36.0
   104.364    32.055    29.925    54.000     0.007      34      35    48.0    36.0
   104.349    32.042    29.925    54.000     0.012      33      35    50.0    36.0
   104.334    32.029    29.925    54.000     0.015      33      35    52.0    36.0
   104.319    32.016    29.925    54.000     0.013      33      35    54.0    36.0
   104.305    32.003    29.925    54.000     0.009      34      35    56.0    36.0
   104.290    31.990    29.925    54.000     0.007      36      36    58.0    36.0
   104.275    31.977    29.925    54.000     0.006      24      36    60.0    36.0
   104.261    31.964    29.925    54.000     0.004      24      36    62.0    36.0
   104.246    31.951    29.925    54.000     0.004      36      36    64.0    36.0
   104.727    32.359    28.307    54.000     0.066      40       5     0.0    34.0
   104.712    32.346    28.307    54.000     0.068      40       5     2.0    34.0
   104.697    32.333    28.307    54.000     0.063      40       5     4.0    34.0
   104.682    32.320    28.307    54.000     0.046      39       7     6.0    34.0
   104.667    32.307    28.307    54.000     0.043      38       9     8.0    34.0
   104.653    32.294    28.307    54.000     0.041      34      12    10.0    34.0
   104.638    32.281    28.307    54.000     0.037      33      15    12.0    34.0
   104.623    32.268    28.307    54.000     0.034      31      13    14.0    34.0
   104.608    32.255    28.307    54.000     0.028      29      14    16.0    34.0
   104.594    32.242    28.307    54.000     0.019      27      15    18.0    34.0
   104.579    32.230    28.307    54.000     0.017      23       3    20.0    34.0
   104.564    32.217    28.307    54.000     0.015      31      24    22.0    34.0
   104.549    32.204    28.307    54.000     0.017      31      25    24.0    34.0
   104.534    32.191    28.307    54.000     0.017      15       5    26.0    34.0
   104.520    32.178    28.307    54.000     0.013      18       9    28.0    34.0
   104.505    32.165    28.307    54.000     0.012      18       5    30.0    34.0
   104.490    32.152    28.307    54.000     0.011      18       5    32.0    34.0
   104.476    32.139    28.307    54.000     0.008      43      31    34.0    34.0
   104.461    32.126    28.307    54.000     0.009      42      30    36.0    34.0
   104.446    32.113    28.307    54.000     0.007      41      30    38.0    34.0
   104.431    32.100    28.307    54.000     0.009      20      34    40.0    34.0
   104.417    32.087    28.307    54.000     0.012      23      33    42.0    34.0
   104.402    32.074    28.307    54.000     0.014      22      35    44.0    34.0
   104.387    32.061    28.307    54.000     0.010      24      35    46.0    34.0
   104.372    32.048    28.307    54.000     0.009      22      35    48.0    34.0
   104.358    32.035    28.307    54.000     0.008      21      35    50.0    34.0
   104.343    32.022    28.307    54.000     0.007      30      36    52.0    34.0
   104.328    32.009    28.307    54.000     0.008      33      36    54.0    34.0
   104.314    31.996    28.307    54.000     0.008      31      36    56.0    34.0
   104.299    31.983    28.307    54.000     0.007      30      36    58.0    34.0
   104.284    31.970    28.307    54.000     0.007      29      36    60.0    34.0
   104.270    31.957    28.307    54.000     0.006      28      36    62.0    34.0
   104.255    31.944    28.307    54.000     0.006      32      36    64.0    34.0
   104.736    32.352    26.689    54.000     0.041      47       6     0.0    32.0
   104.721    32.339    26.689    54.000     0.039      44       5     2.0    32.0
   104.706    32.326    26.689    54.000     0.028      44       5     4.0    32.0
   104.691    32.313    26.689    54.000     0.016      39       8     6.0    32.0
   104.676    32.300    26.689    54.000     0.019      37      10     8.0    32.0
   104.662    32.287    26.689    54.000     0.015      33      10    10.0    32.0
   104.647    32.274    26.689    54.000     0.011      32      10    12.0    32.0
   104.632    32.261    26.689    54.000     0.013      32      21    14.0    32.0
   104.617    32.248    26.689    54.000     0.014      32      21    16.0    32.0
   104.602    32.235    26.689    54.000     0.013      32      24    18.0    32.0
   104.588    32.222    26.689    54.000     0.013      32      24    20.0    32.0
   104.573    32.209    26.689    54.000     0.010      14       4    22.0    32.0
   104.558    32.196    26.689    54.000     0.010      18       9    24.0    32.0
   104.543    32.183    26.689    54.000     0.009      17      16    26.0    32.0
   104.529    32.170    26.689    54.000     0.010      42      32    28.0    32.0
   104.514    32.157    26.689    54.000     0.013      41      32    30.0    32.0
   104.499    32.144    26.689    54.000     0.013      41      32    32.0    32.0
   104.484    32.131    26.689    54.000     0.013      41      32    34.0    32.0
   104.470    32.118    26.689    54.000     0.013      42      32    36.0    32.0
   104.455    32.105    26.689    54.000     0.012      41      33    38.0    32.0
   104.440    32.093    26.689    54.000     0.011      42      33    40.0    32.0
   104.426    32.080    26.689    54.000     0.009      47      36    42.0    32.0
   104.411    32.067    26.689    54.000     0.011      22      34    44.0    32.0
   104.396    32.054    26.689    54.000     0.012      21      34    46.0    32.0
   104.381    32.041    26.689    54.000     0.010      20      34    48.0    32.0
   104.367    32.028    26.689    54.000     0.010      18      34    50.0    32.0
   104.352    32.015    26.689    54.000     0.010      17      34    52.0    32.0
   104.337    32.002    26.689    54.000     0.009      17      34    54.0    32.0
   104.323    31.989    26.689    54.000     0.008      14      34    56.0    32.0
   104.308    31.976    26.689    54.000     0.007      15      34    58.0    32.0
   104.293    31.963    26.689    54.000     0.007      35      36    60.0    32.0
   104.279    31.950    26.689    54.000     0.009      33      36    62.0    32.0
   104.264    31.937    26.689    54.000     0.006      33      36    64.0    32.0
   104.745    32.344    25.071    54.000     0.013      45       3     0.0    30.0
   104.730    32.331    25.071    54.000     0.009      39       4     2.0    30.0
   104.715    32.318    25.071    54.000     0.010      36       4     4.0    30.0
   104.700    32.305    25.071    54.000     0.009      35       4     6.0    30.0
   104.685    32.292    25.071    54.000     0.010      34       5     8.0    30.0
   104.671    32.279    25.071    54.000     0.006      83      36    10.0    30.0
   104.656    32.267    25.071    54.000     0.005      13      10    12.0    30.0
   104.641    32.254    25.071    54.000     0.006      35      21    14.0    30.0
   104.626    32.241    25.071    54.000     0.005      14      10    16.0    30.0
   104.611    32.228    25.071    54.000     0.005      13      11    18.0    30.0
   104.597    32.215    25.071    54.000     0.006      36      26    20.0    30.0
   104.582    32.202    25.071    54.000     0.007      33      25    22.0    30.0
   104.567    32.189    25.071    54.000     0.006      32      26    24.0    30.0
   104.552    32.176    25.071    54.000     0.005      23       9    26.0    30.0
   104.538    32.163    25.071    54.000     0.006      21      12    28.0    30.0
   104.523    32.150    25.071    54.000     0.008      56      37    30.0    30.0
   104.508    32.137    25.071    54.000     0.011      57      37    32.0    30.0
   104.493    32.124    25.071    54.000     0.010      46      36    34.0    30.0
   104.479    32.111    25.071    54.000     0.011      45      36    36.0    30.0
   104.464    32.098    25.071    54.000     0.013      47      36    38.0    30.0
   104.449    32.085    25.071    54.000     0.010      48      36    40.0    30.0
   104.435    32.072    25.071    54.000     0.010      49      36    42.0    30.0
   104.420    32.059    25.071    54.000     0.009      49      36    44.0    30.0
   104.405    32.046    25.071    54.000     0.007      24      35    46.0    30.0
   104.390    32.033    25.071    54.000     0.010      21      35    48.0    30.0
   104.376    32.020    25.071    54.000     0.012      21      35    50.0    30.0
   104.361    32.007    25.071    54.000     0.011      21      35    52.0    30.0
   104.346    31.994    25.071    54.000     0.011      21      35    54.0    30.0
   104.332    31.981    25.071    54.000     0.010      19      34    56.0    30.0
   104.317    31.968    25.071    54.000     0.008      17      35    58.0    30.0
   104.302    31.955    25.071    54.000     0.006      18      34    60.0    30.0
   104.288    31.942    25.071    54.000     0.005      27      37    62.0    30.0
   104.273    31.929    25.071    54.000     0.005      32      36    64.0    30.0
   104.753    32.337    23.452    54.000     0.008      40       2     0.0    28.0
   104.739    32.324    23.452    54.000     0.007      34       2     2.0    28.0
   104.724    32.311    23.452    54.000     0.007      35       2     4.0    28.0
   104.709    32.298    23.452    54.000     0.005      31       2     6.0    28.0
   104.694    32.285    23.452    54.000     0.005      87      36     8.0    28.0
   104.679    32.272    23.452    54.000     0.004      85      36    10.0    28.0
   104.665    32.259    23.452    54.000     0.004      84      36    12.0    28.0
   104.650    32.246    23.452    54.000     0.003      83      36    14.0    28.0
   104.635    32.233    23.452    54.000     0.002      87      36    16.0    28.0
   104.620    32.220    23.452    54.000     0.002      91      32    18.0    28.0
   104.606    32.207    23.452    54.000     0.002      91      28    20.0    28.0
   104.591    32.194    23.452    54.000     0.002      31      23    22.0    28.0
   104.576    32.181    23.452    54.000     0.003      30      22    24.0    28.0
   104.561    32.169    23.452    54.000     0.003      28      24    26.0    28.0
   104.547    32.156    23.452    54.000     0.002      28      23    28.0    28.0
   104.532    32.143    23.452    54.000     0.002      45      34    30.0    28.0
   104.517    32.130    23.452    54.000     0.002      41      34    32.0    28.0
   104.502    32.117    23.452    54.000     0.003      56      37    34.0    28.0
   104.488    32.104    23.452    54.000     0.003      57      37    36.0    28.0
   104.473    32.091    23.452    54.000     0.003      40      33    38.0    28.0
   104.458    32.078    23.452    54.000     0.003      41      36    40.0    28.0
   104.443    32.065    23.452    54.000     0.004      59      37    42.0    28.0
   104.429    32.052    23.452    54.000     0.004      59      37    44.0    28.0
   104.414    32.039    23.452    54.000     0.004      88       4    46.0    28.0
   104.399    32.026    23.452    54.000     0.004      59      37    48.0    28.0
   104.385    32.013    23.452    54.000     0.004      59      37    50.0    28.0
   104.370    32.000    23.452    54.000     0.006      17      34    52.0    28.0
   104.355    31.987    23.452    54.000     0.008      17      34    54.0    28.0
   104.341    31.974    23.452    54.000     0.010      17      34    56.0    28.0
   104.326    31.961    23.452    54.000     0.010      17      34    58.0    28.0
   104.311    31.948    23.452    54.000     0.008      20      34    60.0    28.0
   104.296    31.935    23.452    54.000     0.008      22      34    62.0    28.0
   104.282    31.922    23.452    54.000     0.007      23      34    64.0    28.0
   104.762    32.329    21.834    54.000     0.004       1      22     0.0    26.0
   104.748    32.316    21.834    54.000     0.004       4      18     2.0    26.0
   104.733    32.304    21.834    54.000     0.004       4      21     4.0    26.0
   104.718    32.291    21.834    54.000     0.004      10      20     6.0    26.0
   104.703    32.278    21.834    54.000     0.005       9      19     8.0    26.0
   104.688    32.265    21.834    54.000     0.004      12      18    10.0    26.0
   104.674    32.252    21.834    54.000     0.004      11      16    12.0    26.0
   104.659    32.239    21.834    54.000     0.003      89      32    14.0    26.0
   104.644    32.226    21.834    54.000     0.003      86      32    16.0    26.0
   104.629    32.213    21.834    54.000     0.004      86      33    18.0    26.0
   104.615    32.200    21.834    54.000     0.004      94      36    20.0    26.0
   104.600    32.187    21.834    54.000     0.005      92      34    22.0    26.0
   104.585    32.174    21.834    54.000     0.005      92      34    24.0    26.0
   104.570    32.161    21.834    54.000     0.005      93      35    26.0    26.0
   104.556    32.148    21.834    54.000     0.003      92      35    28.0    26.0
   104.541    32.135    21.834    54.000     0.002      90      36    30.0    26.0
   104.526    32.122    21.834    54.000     0.002      89      35    32.0    26.0
   104.511    32.109    21.834    54.000     0.002      89      35    34.0    26.0
   104.497    32.096    21.834    54.000     0.002      89      34    36.0    26.0
   104.482    32.083    21.834    54.000     0.001      35      36    38.0    26.0
   104.467    32.070    21.834    54.000     0.002      33      37    40.0    26.0
   104.452    32.057    21.834    54.000     0.002      94      22    42.0    26.0
   104.438    32.044    21.834    54.000     0.003      93       6    44.0    26.0
   104.423    32.032    21.834    54.000     0.003      31      37    46.0    26.0
   104.408    32.019    21.834    54.000     0.003      29      37    48.0    26.0
   104.394    32.006    21.834    54.000     0.003      65      37    50.0    26.0
   104.379    31.993    21.834    54.000     0.003      84       3    52.0    26.0
   104.364    31.980    21.834    54.000     0.003      84       3    54.0    26.0
   104.349    31.967    21.834    54.000     0.003      82       3    56.0    26.0
   104.335    31.954    21.834    54.000     0.006      21      34    58.0    26.0
   104.320    31.941    21.834    54.000     0.006      21      33    60.0    26.0
   104.305    31.928    21.834    54.000     0.004      23      33    62.0    26.0
   104.291    31.915    21.834    54.000     0.005      25      33    64.0    26.0
   104.771    32.322    20.216    54.000     0.004       9      27     0.0    24.0
   104.757    32.309    20.216    54.000     0.005      13      24     2.0    24.0
   104.742    32.296    20.216    54.000     0.007      14      22     4.0    24.0
   104.727    32.283    20.216    54.000     0.006      14      20     6.0    24.0
   104.712    32.270    20.216    54.000     0.006      13      19     8.0    24.0
   104.697    32.257    20.216    54.000     0.006      14      18    10.0    24.0
   104.683    32.244    20.216    54.000     0.004      10      18    12.0    24.0
   104.668    32.231    20.216    54.000     0.005      99      36    14.0    24.0
   104.653    32.219    20.216    54.000     0.005      90      36    16.0    24.0
   104.638    32.206    20.216    54.000     0.005      92      36    18.0    24.0
   104.624    32.193    20.216    54.000     0.008      94      35    20.0    24.0
   104.609    32.180    20.216    54.000     0.009      94      35    22.0    24.0
   104.594    32.167    20.216    54.000     0.011      94      35    24.0    24.0
   104.579    32.154    20.216    54.000     0.008      95      35    26.0    24.0
   104.564    32.141    20.216    54.000     0.006      95      34    28.0    24.0
   104.550    32.128    20.216    54.000     0.006      94      34    30.0    24.0
   104.535    32.115    20.216    54.000     0.003      90      35    32.0    24.0
   104.520    32.102    20.216    54.000     0.003      87      35    34.0    24.0
   104.506    32.089    20.216    54.000     0.003      90      34    36.0    24.0
   104.491    32.076    20.216    54.000     0.003      83      35    38.0    24.0
   104.476    32.063    20.216    54.000     0.002      81      35    40.0    24.0
   104.461    32.050    20.216    54.000     0.002      30      36    42.0    24.0
   104.447    32.037    20.216    54.000     0.002      30      36    44.0    24.0
   104.432    32.024    20.216    54.000     0.002      29      36    46.0    24.0
   104.417    32.011    20.216    54.000     0.002      33      32    48.0    24.0
   104.403    31.998    20.216    54.000     0.002      29      32    50.0    24.0
   104.388    31.985    20.216    54.000     0.002      31      32    52.0    24.0
   104.373    31.972    20.216    54.000     0.002      65      36    54.0    24.0
   104.358    31.959    20.216    54.000     0.002      88       3    56.0    24.0
   104.344    31.946    20.216    54.000     0.002      88       3    58.0    24.0
   104.329    31.933    20.216    54.000     0.003      74      16    60.0    24.0
   104.314    31.920    20.216    54.000     0.003      18      27    62.0    24.0
   104.300    31.907    20.216    54.000     0.004      22      29    64.0    24.0
   104.780    32.315    18.598    54.000     0.003      94       6     0.0    22.0
   104.766    32.302    18.598    54.000     0.002      96       8     2.0    22.0
   104.751    32.289    18.598    54.000     0.002      78       6     4.0    22.0
   104.736    32.276    18.598    54.000     0.003      11      17     6.0    22.0
   104.721    32.263    18.598    54.000     0.005      13      17     8.0    22.0
   104.706    32.250    18.598    54.000     0.004      13      17    10.0    22.0
   104.692    32.237    18.598    54.000     0.004      99      36    12.0    22.0
   104.677    32.224    18.598    54.000     0.006      96      36    14.0    22.0
   104.662    32.211    18.598    54.000     0.006      97      35    16.0    22.0
   104.647    32.198    18.598    54.000     0.007      95      36    18.0    22.0
   104.632    32.185    18.598    54.000     0.008      96      36    20.0    22.0
   104.618    32.172    18.598    54.000     0.007      96      35    22.0    22.0
   104.603    32.159    18.598    54.000     0.007      99      36    24.0    22.0
   104.588    32.146    18.598    54.000     0.007      94      36    26.0    22.0
   104.573    32.133    18.598    54.000     0.007      93      36    28.0    22.0
   104.559    32.120    18.598    54.000     0.007      92      36    30.0    22.0
   104.544    32.108    18.598    54.000     0.006      85      36    32.0    22.0
   104.529    32.095    18.598    54.000     0.008      87      36    34.0    22.0
   104.514    32.082    18.598    54.000     0.006      86      36    36.0    22.0
   104.500    32.069    18.598    54.000     0.004      84      36    38.0    22.0
   104.485    32.056    18.598    54.000     0.003      93      36    40.0    22.0
   104.470    32.043    18.598    54.000     0.004      93      36    42.0    22.0
   104.456    32.030    18.598    54.000     0.004      92      36    44.0    22.0
   104.441    32.017    18.598    54.000     0.003      91      36    46.0    22.0
   104.426    32.004    18.598    54.000     0.003      90      36    48.0    22.0
   104.411    31.991    18.598    54.000     0.002      58      32    50.0    22.0
   104.397    31.978    18.598    54.000     0.003      60      33    52.0    22.0
   104.382    31.965    18.598    54.000     0.003      58      31    54.0    22.0
   104.367    31.952    18.598    54.000     0.004      58      32    56.0    22.0
   104.353    31.939    18.598    54.000     0.004      58      29    58.0    22.0
   104.338    31.926    18.598    54.000     0.003      60      27    60.0    22.0
   104.323    31.913    18.598    54.000     0.004      61      28    62.0    22.0
   104.309    31.900    18.598    54.000     0.003      60      24    64.0    22.0
   104.789    32.307    16.980    54.000     0.001      77       8     0.0    20.0
   104.774    32.294    16.980    54.000     0.002      78       8     2.0    20.0
   104.760    32.281    16.980    54.000     0.002      77       8     4.0    20.0
   104.745    32.268    16.980    54.000     0.002      77       8     6.0    20.0
   104.730    32.256    16.980    54.000     0.002      73       8     8.0    20.0
   104.715    32.243    16.980    54.000     0.003      71       8    10.0    20.0
   104.701    32.230    16.980    54.000     0.003      70       8    12.0    20.0
   104.686    32.217    16.980    54.000     0.002      68       8    14.0    20.0
   104.671    32.204    16.980    54.000     0.002      99      36    16.0    20.0
   104.656    32.191    16.980    54.000     0.003     100      36    18.0    20.0
   104.641    32.178    16.980    54.000     0.003     100      36    20.0    20.0
   104.627    32.165    16.980    54.000     0.005     100      36    22.0    20.0
   104.612    32.152    16.980    54.000     0.003      98      34    24.0    20.0
   104.597    32.139    16.980    54.000     0.003     100      34    26.0    20.0
   104.582    32.126    16.980    54.000     0.005      92      37    28.0    20.0
   104.568    32.113    16.980    54.000     0.007      94      36    30.0    20.0
   104.553    32.100    16.980    54.000     0.007      95      35    32.0    20.0
   104.538    32.087    16.980    54.000     0.006      96      35    34.0    20.0
   104.523    32.074    16.980    54.000     0.007      97      35    36.0    20.0
   104.509    32.061    16.980    54.000     0.007      97      35    38.0    20.0
   104.494    32.048    16.980    54.000     0.006      98      34    40.0    20.0
   104.479    32.035    16.980    54.000     0.004      95      34    42.0    20.0
   104.465    32.022    16.980    54.000     0.005      97      36    44.0    20.0
   104.450    32.009    16.980    54.000     0.003      98      35    46.0    20.0
   104.435    31.996    16.980    54.000     0.002      94      36    48.0    20.0
   104.420    31.983    16.980    54.000     0.001      94      35    50.0    20.0
   104.406    31.970    16.980    54.000     0.001      47      35    52.0    20.0
   104.391    31.958    16.980    54.000     0.001      47      35    54.0    20.0
   104.376    31.945    16.980    54.000     0.002      64      26    56.0    20.0
   104.362    31.932    16.980    54.000     0.003      63      26    58.0    20.0
   104.347    31.919    16.980    54.000     0.003      62      27    60.0    20.0
   104.332    31.906    16.980    54.000     0.004      64      26    62.0    20.0
   104.318    31.893    16.980    54.000     0.004      64      26    64.0    20.0
   104.798    32.300    15.362    54.000     0.001      36      37     0.0    18.0
   104.783    32.287    15.362    54.000     0.001       1      28     2.0    18.0
   104.769    32.274    15.362    54.000     0.002       1      28     4.0    18.0
   104.754    32.261    15.362    54.000     0.002       1      28     6.0    18.0
   104.739    32.248    15.362    54.000     0.002       1      26     8.0    18.0
   104.724    32.235    15.362    54.000     0.003       2      26    10.0    18.0
   104.709    32.222    15.362    54.000     0.002       2      25    12.0    18.0
   104.695    32.209    15.362    54.000     0.002       1      24    14.0    18.0
   104.680    32.196    15.362    54.000     0.002      72      14    16.0    18.0
   104.665    32.183    15.362    54.000     0.001       1      25    18.0    18.0
   104.650    32.170    15.362    54.000     0.001      97      37    20.0    18.0
   104.636    32.158    15.362    54.000     0.001      98      37    22.0    18.0
   104.621    32.145    15.362    54.000     0.001      99      37    24.0    18.0
   104.606    32.132    15.362    54.000     0.001      54      13    26.0    18.0
   104.591    32.119    15.362    54.000     0.001      53       7    28.0    18.0
   104.577    32.106    15.362    54.000     0.001      97      37    30.0    18.0
   104.562    32.093    15.362    54.000     0.001     100      37    32.0    18.0
   104.547    32.080    15.362    54.000     0.002      60       6    34.0    18.0
   104.532    32.067    15.362    54.000     0.002      59       6    36.0    18.0
   104.518    32.054    15.362    54.000     0.003      57       6    38.0    18.0
   104.503    32.041    15.362    54.000     0.004      59       4    40.0    18.0
   104.488    32.028    15.362    54.000     0.004      59       4    42.0    18.0
   104.473    32.015    15.362    54.000     0.004     100      37    44.0    18.0
   104.459    32.002    15.362    54.000     0.004      62       4    46.0    18.0
   104.444    31.989    15.362    54.000     0.005      62       4    48.0    18.0
   104.429    31.976    15.362    54.000     0.003      66       4    50.0    18.0
   104.415    31.963    15.362    54.000     0.002      67       4    52.0    18.0
   104.400    31.950    15.362    54.000     0.002      38      25    54.0    18.0
   104.385    31.937    15.362    54.000     0.003      37      26    56.0    18.0
   104.371    31.924    15.362    54.000     0.004      38      26    58.0    18.0
   104.356    31.911    15.362    54.000     0.006      39      28    60.0    18.0
   104.341    31.898    15.362    54.000     0.007      43      12    62.0    18.0
   104.327    31.885    15.362    54.000     0.011      44      12    64.0    18.0
   104.807    32.292    13.744    54.000     0.009      43      36     0.0    16.0
   104.792    32.280    13.744    54.000     0.006      46      37     2.0    16.0
   104.778    32.267    13.744    54.000     0.003      43      37     4.0    16.0
   104.763    32.254    13.744    54.000     0.002      40      36     6.0    16.0
   104.748    32.241    13.744    54.000     0.001      41      37     8.0    16.0
   104.733    32.228    13.744    54.000     0.001      55      36    10.0    16.0
   104.718    32.215    13.744    54.000     0.002      58      36    12.0    16.0
   104.704    32.202    13.744    54.000     0.002      59      36    14.0    16.0
   104.689    32.189    13.744    54.000     0.001       1      29    16.0    16.0
   104.674    32.176    13.744    54.000     0.002      61      36    18.0    16.0
   104.659    32.163    13.744    54.000     0.001      61      36    20.0    16.0
   104.645    32.150    13.744    54.000     0.001      51      36    22.0    16.0
   104.630    32.137    13.744    54.000     0.001      51      36    24.0    16.0
   104.615    32.124    13.744    54.000     0.001      55      36    26.0    16.0
   104.600    32.111    13.744    54.000     0.001      60       7    28.0    16.0
   104.586    32.098    13.744    54.000     0.001      61       6    30.0    16.0
   104.571    32.085    13.744    54.000     0.001      75       6    32.0    16.0
   104.556    32.072    13.744    54.000     0.002      73       6    34.0    16.0
   104.541    32.059    13.744    54.000     0.004      70       6    36.0    16.0
   104.527    32.047    13.744    54.000     0.006      69       5    38.0    16.0
   104.512    32.034    13.744    54.000     0.008      70       6    40.0    16.0
   104.497    32.021    13.744    54.000     0.013      67       5    42.0    16.0
   104.482    32.008    13.744    54.000     0.016      65       5    44.0    16.0
   104.468    31.995    13.744    54.000     0.013      64       5    46.0    16.0
   104.453    31.982    13.744    54.000     0.011      63       5    48.0    16.0
   104.438    31.969    13.744    54.000     0.010      63       5    50.0    16.0
   104.424    31.956    13.744    54.000     0.005      47      26    52.0    16.0
   104.409    31.943    13.744    54.000     0.011      49      10    54.0    16.0
   104.394    31.930    13.744    54.000     0.017      50      10    56.0    16.0
   104.380    31.917    13.744    54.000     0.025      48       9    58.0    16.0
   104.365    31.904    13.744    54.000     0.033      46      11    60.0    16.0
   104.350    31.891    13.744    54.000     0.037      46      10    62.0    16.0
   104.336    31.878    13.744    54.000     0.041      48       9    64.0    16.0
   104.816    32.285    12.126    54.000     0.025      39      36     0.0    14.0
   104.801    32.272    12.126    54.000     0.015      41      36     2.0    14.0
   104.786    32.259    12.126    54.000     0.008      38      36     4.0    14.0
   104.772    32.246    12.126    54.000     0.004      37      36     6.0    14.0
   104.757    32.233    12.126    54.000     0.003      56      36     8.0    14.0
   104.742    32.220    12.126    54.000     0.003      57      36    10.0    14.0
   104.727    32.207    12.126    54.000     0.003      59      36    12.0    14.0
   104.713    32.195    12.126    54.000     0.003      64      36    14.0    14.0
   104.698    32.182    12.126    54.000     0.003      67      36    16.0    14.0
   104.683    32.169    12.126    54.000     0.005      66      36    18.0    14.0
   104.668    32.156    12.126    54.000     0.005      68      36    20.0    14.0
   104.653    32.143    12.126    54.000     0.004      68      36    22.0    14.0
   104.639    32.130    12.126    54.000     0.001      67      36    24.0    14.0
   104.624    32.117    12.126    54.000     0.001      52      36    26.0    14.0
   104.609    32.104    12.126    54.000     0.002      54      36    28.0    14.0
   104.594    32.091    12.126    54.000     0.002      53      36    30.0    14.0
   104.580    32.078    12.126    54.000     0.003      50      36    32.0    14.0
   104.565    32.065    12.126    54.000     0.003      74       5    34.0    14.0
   104.550    32.052    12.126    54.000     0.005      72       6    36.0    14.0
   104.536    32.039    12.126    54.000     0.008      69       6    38.0    14.0
   104.521    32.026    12.126    54.000     0.013      67       6    40.0    14.0
   104.506    32.013    12.126    54.000     0.011      68       5    42.0    14.0
   104.491    32.000    12.126    54.000     0.011      41      36    44.0    14.0
   104.477    31.987    12.126    54.000     0.008      67       6    46.0    14.0
   104.462    31.974    12.126    54.000     0.009      58       7    48.0    14.0
   104.447    31.961    12.126    54.000     0.010      56       7    50.0    14.0
   104.433    31.948    12.126    54.000     0.013      50       9    52.0    14.0
   104.418    31.935    12.126    54.000     0.023      51       8    54.0    14.0
   104.403    31.922    12.126    54.000     0.030      49       8    56.0    14.0
   104.388    31.909    12.126    54.000     0.037      46       9    58.0    14.0
   104.374    31.896    12.126    54.000     0.040      50      10    60.0    14.0
   104.359    31.884    12.126    54.000     0.042      50      10    62.0    14.0
   104.344    31.871    12.126    54.000     0.040      51      10    64.0    14.0
   104.825    32.278    10.508    54.000     0.039      42      35     0.0    12.0
   104.810    32.265    10.508    54.000     0.027      41      36     2.0    12.0
   104.795    32.252    10.508    54.000     0.018      40      36     4.0    12.0
   104.781    32.239    10.508    54.000     0.008      42      36     6.0    12.0
   104.766    32.226    10.508    54.000     0.004      57      37     8.0    12.0
   104.751    32.213    10.508    54.000     0.003      55      37    10.0    12.0
   104.736    32.200    10.508    54.000     0.002      57      37    12.0    12.0
   104.722    32.187    10.508    54.000     0.003      68      36    14.0    12.0
   104.707    32.174    10.508    54.000     0.004      70      36    16.0    12.0
   104.692    32.161    10.508    54.000     0.004      73      37    18.0    12.0
   104.677    32.148    10.508    54.000     0.004      73      36    20.0    12.0
   104.662    32.135    10.508    54.000     0.004      72      36    22.0    12.0
   104.648    32.122    10.508    54.000     0.003      68      37    24.0    12.0
   104.633    32.109    10.508    54.000     0.003      67      37    26.0    12.0
   104.618    32.097    10.508    54.000     0.004       3      37    28.0    12.0
   104.603    32.084    10.508    54.000     0.004       3      37    30.0    12.0
   104.589    32.071    10.508    54.000     0.005      59      37    32.0    12.0
   104.574    32.058    10.508    54.000     0.003      61      37    34.0    12.0
   104.559    32.045    10.508    54.000     0.002      69       6    36.0    12.0
   104.544    32.032    10.508    54.000     0.002      89       3    38.0    12.0
   104.530    32.019    10.508    54.000     0.003      88       2    40.0    12.0
   104.515    32.006    10.508    54.000     0.004      89       2    42.0    12.0
   104.500    31.993    10.508    54.000     0.005      88       2    44.0    12.0
   104.486    31.980    10.508    54.000     0.005      87       2    46.0    12.0
   104.471    31.967    10.508    54.000     0.004      85       2    48.0    12.0
   104.456    31.954    10.508    54.000     0.007      53       5    50.0    12.0
   104.441    31.941    10.508    54.000     0.009      54       7    52.0    12.0
   104.427    31.928    10.508    54.000     0.011      53       6    54.0    12.0
   104.412    31.915    10.508    54.000     0.012      46      12    56.0    12.0
   104.397    31.902    10.508    54.000     0.017      48      11    58.0    12.0
   104.383    31.889    10.508    54.000     0.019      47      12    60.0    12.0
   104.368    31.876    10.508    54.000     0.015      46      12    62.0    12.0
   104.353    31.863    10.508    54.000     0.016      45      12    64.0    12.0
   104.834    32.270     8.890    54.000     0.033      46      35     0.0    10.0
   104.819    32.257     8.890    54.000     0.024      46      35     2.0    10.0
   104.804    32.244     8.890    54.000     0.014      45      36     4.0    10.0
   104.790    32.231     8.890    54.000     0.009      46      36     6.0    10.0
   104.775    32.219     8.890    54.000     0.008      44      36     8.0    10.0
   104.760    32.206     8.890    54.000     0.005      44      36    10.0    10.0
   104.745    32.193     8.890    54.000     0.004      76      37    12.0    10.0
   104.730    32.180     8.890    54.000     0.004      75      36    14.0    10.0
   104.716    32.167     8.890    54.000     0.005      77      36    16.0    10.0
   104.701    32.154     8.890    54.000     0.004      74      37    18.0    10.0
   104.686    32.141     8.890    54.000     0.004      75      37    20.0    10.0
   104.671    32.128     8.890    54.000     0.003      61      37    22.0    10.0
   104.657    32.115     8.890    54.000     0.003      61      37    24.0    10.0
   104.642    32.102     8.890    54.000     0.003      63      37    26.0    10.0
   104.627    32.089     8.890    54.000     0.004      66      37    28.0    10.0
   104.612    32.076     8.890    54.000     0.003      65      37    30.0    10.0
   104.598    32.063     8.890    54.000     0.003      98      14    32.0    10.0
   104.583    32.050     8.890    54.000     0.003      90       3    34.0    10.0
   104.568    32.037     8.890    54.000     0.004      89       8    36.0    10.0
   104.553    32.024     8.890    54.000     0.005      91       3    38.0    10.0
   104.539    32.011     8.890    54.000     0.004      91       4    40.0    10.0
   104.524    31.998     8.890    54.000     0.006      88       3    42.0    10.0
   104.509    31.986     8.890    54.000     0.005      98       4    44.0    10.0
   104.495    31.973     8.890    54.000     0.005      97       4    46.0    10.0
   104.480    31.960     8.890    54.000     0.006      98      13    48.0    10.0
   104.465    31.947     8.890    54.000     0.006      97      14    50.0    10.0
   104.450    31.934     8.890    54.000     0.006      96      15    52.0    10.0
   104.436    31.921     8.890    54.000     0.005      98      16    54.0    10.0
   104.421    31.908     8.890    54.000     0.004      89      30    56.0    10.0
   104.406    31.895     8.890    54.000     0.005      89      30    58.0    10.0
   104.392    31.882     8.890    54.000     0.005      88      30    60.0    10.0
   104.377    31.869     8.890    54.000     0.006      97      33    62.0    10.0
   104.362    31.856     8.890    54.000     0.006      83      31    64.0    10.0
   104.843    32.263     7.272    54.000     0.021      60      34     0.0     8.0
   104.828    32.250     7.272    54.000     0.019      58      33     2.0     8.0
   104.813    32.237     7.272    54.000     0.015      57      34     4.0     8.0
   104.799    32.224     7.272    54.000     0.007      56      35     6.0     8.0
   104.784    32.211     7.272    54.000     0.004      58      35     8.0     8.0
   104.769    32.198     7.272    54.000     0.003      75      36    10.0     8.0
   104.754    32.185     7.272    54.000     0.005      77      37    12.0     8.0
   104.739    32.172     7.272    54.000     0.005      77      37    14.0     8.0
   104.725    32.159     7.272    54.000     0.004      77      37    16.0     8.0
   104.710    32.147     7.272    54.000     0.005      70      37    18.0     8.0
   104.695    32.134     7.272    54.000     0.004      72      37    20.0     8.0
   104.680    32.121     7.272    54.000     0.004      67      37    22.0     8.0
   104.666    32.108     7.272    54.000     0.004      68      37    24.0     8.0
   104.651    32.095     7.272    54.000     0.004      68      37    26.0     8.0
   104.636    32.082     7.272    54.000     0.003      66      37    28.0     8.0
   104.621    32.069     7.272    54.000     0.003      72      37    30.0     8.0
   104.607    32.056     7.272    54.000     0.003      90       8    32.0     8.0
   104.592    32.043     7.272    54.000     0.004      89       8    34.0     8.0
   104.577    32.030     7.272    54.000     0.005      88       9    36.0     8.0
   104.562    32.017     7.272    54.000     0.004      90       9    38.0     8.0
   104.548    32.004     7.272    54.000     0.005     100      10    40.0     8.0
   104.533    31.991     7.272    54.000     0.006      99       9    42.0     8.0
   104.518    31.978     7.272    54.000     0.006      99      10    44.0     8.0
   104.503    31.965     7.272    54.000     0.007      96       9    46.0     8.0
   104.489    31.952     7.272    54.000     0.007      97       4    48.0     8.0
   104.474    31.939     7.272    54.000     0.006      95      11    50.0     8.0
   104.459    31.926     7.272    54.000     0.007      91       7    52.0     8.0
   104.445    31.913     7.272    54.000     0.005      85       5    54.0     8.0
   104.430    31.900     7.272    54.000     0.007      88       6    56.0     8.0
   104.415    31.887     7.272    54.000     0.006      87       6    58.0     8.0
   104.401    31.874     7.272    54.000     0.008      88       4    60.0     8.0
   104.386    31.861     7.272    54.000     0.008      87       4    62.0     8.0
   104.371    31.848     7.272    54.000     0.007      85       5    64.0     8.0
   104.852    32.255     5.654    54.000     0.037      68      36     0.0     6.0
   104.837    32.243     5.654    54.000     0.037      69      36     2.0     6.0
   104.822    32.230     5.654    54.000     0.034      69      36     4.0     6.0
   104.807    32.217     5.654    54.000     0.026      67      36     6.0     6.0
   104.793    32.204     5.654    54.000     0.020      64      36     8.0     6.0
   104.778    32.191     5.654    54.000     0.014      74      36    10.0     6.0
   104.763    32.178     5.654    54.000     0.012      71      36    12.0     6.0
   104.748    32.165     5.654    54.000     0.010      69      36    14.0     6.0
   104.734    32.152     5.654    54.000     0.006      68      36    16.0     6.0
   104.719    32.139     5.654    54.000     0.003      68      36    18.0     6.0
   104.704    32.126     5.654    54.000     0.003      81      36    20.0     6.0
   104.689    32.113     5.654    54.000     0.003      81      36    22.0     6.0
   104.674    32.100     5.654    54.000     0.002      79      36    24.0     6.0
   104.660    32.087     5.654    54.000     0.002      82      36    26.0     6.0
   104.645    32.074     5.654    54.000     0.002      81      36    28.0     6.0
   104.630    32.061     5.654    54.000     0.001      83      36    30.0     6.0
   104.616    32.049     5.654    54.000     0.001      92      12    32.0     6.0
   104.601    32.036     5.654    54.000     0.001      77      36    34.0     6.0
   104.586    32.023     5.654    54.000     0.002     100       6    36.0     6.0
   104.571    32.010     5.654    54.000     0.002      73      36    38.0     6.0
   104.557    31.997     5.654    54.000     0.003     100       7    40.0     6.0
   104.542    31.984     5.654    54.000     0.003     100       2    42.0     6.0
   104.527    31.971     5.654    54.000     0.004      99       2    44.0     6.0
   104.512    31.958     5.654    54.000     0.004      98       2    46.0     6.0
   104.498    31.945     5.654    54.000     0.003      99       2    48.0     6.0
   104.483    31.932     5.654    54.000     0.002      94       5    50.0     6.0
   104.468    31.919     5.654    54.000     0.002      89       4    52.0     6.0
   104.454    31.906     5.654    54.000     0.002      88       5    54.0     6.0
   104.439    31.893     5.654    54.000     0.003      87       5    56.0     6.0
   104.424    31.880     5.654    54.000     0.003      86       5    58.0     6.0
   104.410    31.867     5.654    54.000     0.003      74       4    60.0     6.0
   104.395    31.854     5.654    54.000     0.004      76       5    62.0     6.0
   104.380    31.841     5.654    54.000     0.004      80       4    64.0     6.0
   104.861    32.248     4.036    54.000     0.058      77      36     0.0     4.0
   104.846    32.235     4.036    54.000     0.053      76      36     2.0     4.0
   104.831    32.222     4.036    54.000     0.050      64      36     4.0     4.0
   104.816    32.209     4.036    54.000     0.050      67      36     6.0     4.0
   104.802    32.196     4.036    54.000     0.044      66      36     8.0     4.0
   104.787    32.183     4.036    54.000     0.039      67      36    10.0     4.0
   104.772    32.171     4.036    54.000     0.030      67      36    12.0     4.0
   104.757    32.158     4.036    54.000     0.018      64      36    14.0     4.0
   104.742    32.145     4.036    54.000     0.015      63      36    16.0     4.0
   104.728    32.132     4.036    54.000     0.010      61      36    18.0     4.0
   104.713    32.119     4.036    54.000     0.009      53      37    20.0     4.0
   104.698    32.106     4.036    54.000     0.008      52      37    22.0     4.0
   104.683    32.093     4.036    54.000     0.006      49      37    24.0     4.0
   104.669    32.080     4.036    54.000     0.003      81      36    26.0     4.0
   104.654    32.067     4.036    54.000     0.002      79      36    28.0     4.0
   104.639    32.054     4.036    54.000     0.002      77      36    30.0     4.0
   104.624    32.041     4.036    54.000     0.002      76      36    32.0     4.0
   104.610    32.028     4.036    54.000     0.002      74      36    34.0     4.0
   104.595    32.015     4.036    54.000     0.002      79      36    36.0     4.0
   104.580    32.002     4.036    54.000     0.002      77      36    38.0     4.0
   104.566    31.989     4.036    54.000     0.002      76      36    40.0     4.0
   104.551    31.976     4.036    54.000     0.002      81      36    42.0     4.0
   104.536    31.963     4.036    54.000     0.002      79      36    44.0     4.0
   104.521    31.950     4.036    54.000     0.001      77      36    46.0     4.0
   104.507    31.937     4.036    54.000     0.001       8      35    48.0     4.0
   104.492    31.925     4.036    54.000     0.001       6      35    50.0     4.0
   104.477    31.912     4.036    54.000     0.001      71      36    52.0     4.0
   104.463    31.899     4.036    54.000     0.002      69      36    54.0     4.0
   104.448    31.886     4.036    54.000     0.002      68      36    56.0     4.0
   104.433    31.873     4.036    54.000     0.001      68      36    58.0     4.0
   104.418    31.860     4.036    54.000     0.001      79       4    60.0     4.0
   104.404    31.847     4.036    54.000     0.001      78       4    62.0     4.0
   104.389    31.834     4.036    54.000     0.001      80       4    64.0     4.0
   104.870    32.241     2.418    54.000     0.028      73      34     0.0     2.0
   104.855    32.228     2.418    54.000     0.026      73      34     2.0     2.0
   104.840    32.215     2.418    54.000     0.021      64      33     4.0     2.0
   104.825    32.202     2.418    54.000     0.020      63      34     6.0     2.0
   104.811    32.189     2.418    54.000     0.020      64      34     8.0     2.0
   104.796    32.176     2.418    54.000     0.019      70      34    10.0     2.0
   104.781    32.163     2.418    54.000     0.018      72      35    12.0     2.0
   104.766    32.150     2.418    54.000     0.014      71      35    14.0     2.0
   104.751    32.137     2.418    54.000     0.014      70      35    16.0     2.0
   104.737    32.124     2.418    54.000     0.011      66      35    18.0     2.0
   104.722    32.111     2.418    54.000     0.010      64      35    20.0     2.0
   104.707    32.098     2.418    54.000     0.007      64      35    22.0     2.0
   104.692    32.086     2.418    54.000     0.003      64      35    24.0     2.0
   104.678    32.073     2.418    54.000     0.002      65      36    26.0     2.0
   104.663    32.060     2.418    54.000     0.002       1       1    28.0     2.0
   104.648    32.047     2.418    54.000     0.001       1       1    30.0     2.0
   104.633    32.034     2.418    54.000     0.001      90      15    32.0     2.0
   104.619    32.021     2.418    54.000     0.001      91      17    34.0     2.0
   104.604    32.008     2.418    54.000     0.001      85      12    36.0     2.0
   104.589    31.995     2.418    54.000     0.001      94      35    38.0     2.0
   104.574    31.982     2.418    54.000     0.002      93      36    40.0     2.0
   104.560    31.969     2.418    54.000     0.002      93      36    42.0     2.0
   104.545    31.956     2.418    54.000     0.001      77       4    44.0     2.0
   104.530    31.943     2.418    54.000     0.001      77       4    46.0     2.0
   104.516    31.930     2.418    54.000     0.001      92      36    48.0     2.0
   104.501    31.917     2.418    54.000     0.001      76       7    50.0     2.0
   104.486    31.904     2.418    54.000     0.001      77      36    52.0     2.0
   104.471    31.891     2.418    54.000     0.001      81      35    54.0     2.0
   104.457    31.878     2.418    54.000     0.001      82      36    56.0     2.0
   104.442    31.865     2.418    54.000     0.001      84      36    58.0     2.0
   104.427    31.852     2.418    54.000     0.001      78      36    60.0     2.0
   104.413    31.839     2.418    54.000     0.001      74      35    62.0     2.0
   104.398    31.826     2.418    54.000     0.002      74      36    64.0     2.0
   104.879    32.233     0.800    54.000     0.010      66      32     0.0     0.0
   104.864    32.220     0.800    54.000     0.010      74      33     2.0     0.0
   104.849    32.207     0.800    54.000     0.012      71      33     4.0     0.0
   104.834    32.195     0.800    54.000     0.018      70      33     6.0     0.0
   104.819    32.182     0.800    54.000     0.018      71      33     8.0     0.0
   104.805    32.169     0.800    54.000     0.014      71      33    10.0     0.0
   104.790    32.156     0.800    54.000     0.011      72      34    12.0     0.0
   104.775    32.143     0.800    54.000     0.007      68      33    14.0     0.0
   104.760    32.130     0.800    54.000     0.009      69      34    16.0     0.0
   104.746    32.117     0.800    54.000     0.005      69      35    18.0     0.0
   104.731    32.104     0.800    54.000     0.003      66      35    20.0     0.0
   104.716    32.091     0.800    54.000     0.002      70      35    22.0     0.0
   104.701    32.078     0.800    54.000     0.002      91       4    24.0     0.0
   104.687    32.065     0.800    54.000     0.002      95       5    26.0     0.0
   104.672    32.052     0.800    54.000     0.002      94       5    28.0     0.0
   104.657    32.039     0.800    54.000     0.002      94       9    30.0     0.0
   104.642    32.026     0.800    54.000     0.002      83       2    32.0     0.0
   104.628    32.013     0.800    54.000     0.002      84       2    34.0     0.0
   104.613    32.000     0.800    54.000     0.002      80       5    36.0     0.0
   104.598    31.988     0.800    54.000     0.003      82       5    38.0     0.0
   104.583    31.975     0.800    54.000     0.003      77       1    40.0     0.0
   104.569    31.962     0.800    54.000     0.003      73       2    42.0     0.0
   104.554    31.949     0.800    54.000     0.004      75       2    44.0     0.0
   104.539    31.936     0.800    54.000     0.003      74       2    46.0     0.0
   104.525    31.923     0.800    54.000     0.003      69       2    48.0     0.0
   104.510    31.910     0.800    54.000     0.003      71       2    50.0     0.0
   104.495    31.897     0.800    54.000     0.003      70       2    52.0     0.0
   104.480    31.884     0.800    54.000     0.002      71       3    54.0     0.0
   104.466    31.871     0.800    54.000     0.002      76       2    56.0     0.0
   104.451    31.858     0.800    54.000     0.002      75       2    58.0     0.0
   104.436    31.845     0.800    54.000     0.002      81      33    60.0     0.0
   104.422    31.832     0.800    54.000     0.001      82      34    62.0     0.0
   104.407    31.819     0.800    54.000     0.002      81      33    64.0     0.0
