   104.132    31.868    23.168    34.000     0.025      88      23     0.0    40.0
   104.117    31.855    23.168    34.000     0.026      86      21     2.0    40.0
   104.103    31.842    23.168    34.000     0.040       5       1     4.0    40.0
   104.088    31.829    23.168    34.000     0.057       5       1     6.0    40.0
   104.074    31.815    23.168    34.000     0.083       2       1     8.0    40.0
   104.060    31.802    23.168    34.000     0.104       3       1    10.0    40.0
   104.045    31.789    23.168    34.000     0.116       6       1    12.0    40.0
   104.031    31.776    23.168    34.000     0.150       6       1    14.0    40.0
   104.016    31.763    23.168    34.000     0.143       7       1    16.0    40.0
   104.002    31.750    23.168    34.000     0.149       8       1    18.0    40.0
   103.987    31.736    23.168    34.000     0.159       9       1    20.0    40.0
   103.973    31.723    23.168    34.000     0.119       6       1    22.0    40.0
   103.959    31.710    23.168    34.000     0.114       5       1    24.0    40.0
   103.944    31.697    23.168    34.000     0.097       3       1    26.0    40.0
   103.930    31.684    23.168    34.000     0.095       1       1    28.0    40.0
   103.915    31.671    23.168    34.000     0.088       1       1    30.0    40.0
   103.901    31.657    23.168    34.000     0.071       1       2    32.0    40.0
   103.887    31.644    23.168    34.000     0.063       1       2    34.0    40.0
   103.872    31.631    23.168    34.000     0.037       1       2    36.0    40.0
   103.858    31.618    23.168    34.000     0.019       1       2    38.0    40.0
   103.844    31.605    23.168    34.000     0.015       1      15    40.0    40.0
   103.829    31.591    23.168    34.000     0.016       1      15    42.0    40.0
   103.815    31.578    23.168    34.000     0.020       1      14    44.0    40.0
   103.800    31.565    23.168    34.000     0.020       1      14    46.0    40.0
   103.786    31.552    23.168    34.000     0.013       1      15    48.0    40.0
   103.772    31.539    23.168    34.000     0.016       1      27    50.0    40.0
   103.757    31.525    23.168    34.000     0.031       1      25    52.0    40.0
   103.743    31.512    23.168    34.000     0.053       1      26    54.0    40.0
   103.729    31.499    23.168    34.000     0.062       1      26    56.0    40.0
   103.714    31.486    23.168    34.000     0.075       1      28    58.0    40.0
   103.700    31.473    23.168    34.000     0.079       1      27    60.0    40.0
   103.686    31.459    23.168    34.000     0.072       1      26    62.0    40.0
   103.671    31.446    23.168    34.000     0.060      75       9    64.0    40.0
   103.657    31.433    23.168    34.000     0.089      74      14    66.0    40.0
   103.643    31.420    23.168    34.000     0.089      75      14    68.0    40.0
   103.628    31.407    23.168    34.000     0.096      77      14    70.0    40.0
   103.614    31.393    23.168    34.000     0.100      76      14    72.0    40.0
   103.600    31.380    23.168    34.000     0.096      76      14    74.0    40.0
   103.585    31.367    23.168    34.000     0.077      71      16    76.0    40.0
   103.571    31.354    23.168    34.000     0.068      75      15    78.0    40.0
   104.145    31.858    22.049    34.000     0.056      91      24     0.0    38.0
   104.130    31.845    22.049    34.000     0.048      92      24     2.0    38.0
   104.116    31.832    22.049    34.000     0.060       4       1     4.0    38.0
   104.101    31.818    22.049    34.000     0.066       3       1     6.0    38.0
   104.087    31.805    22.049    34.000     0.089       5       1     8.0    38.0
   104.072    31.792    22.049    34.000     0.100       5       1    10.0    38.0
   104.058    31.779    22.049    34.000     0.103       7       1    12.0    38.0
   104.044    31.766    22.049    34.000     0.109       8       1    14.0    38.0
   104.029    31.753    22.049    34.000     0.100       8       1    16.0    38.0
   104.015    31.739    22.049    34.000     0.103       9       1    18.0    38.0
   104.000    31.726    22.049    34.000     0.130      10       1    20.0    38.0
   103.986    31.713    22.049    34.000     0.139      10       1    22.0    38.0
   103.971    31.700    22.049    34.000     0.112       9       1    24.0    38.0
   103.957    31.687    22.049    34.000     0.101      13       1    26.0    38.0
   103.943    31.674    22.049    34.000     0.107       6       1    28.0    38.0
   103.928    31.660    22.049    34.000     0.091       5       1    30.0    38.0
   103.914    31.647    22.049    34.000     0.084       6       1    32.0    38.0
   103.899    31.634    22.049    34.000     0.072       7       2    34.0    38.0
   103.885    31.621    22.049    34.000     0.058       5       1    36.0    38.0
   103.871    31.608    22.049    34.000     0.039       6       2    38.0    38.0
   103.856    31.594    22.049    34.000     0.029       4       2    40.0    38.0
   103.842    31.581    22.049    34.000     0.036       1      18    42.0    38.0
   103.828    31.568    22.049    34.000     0.036       1      18    44.0    38.0
   103.813    31.555    22.049    34.000     0.030       1      18    46.0    38.0
   103.799    31.542    22.049    34.000     0.024       1      18    48.0    38.0
   103.784    31.528    22.049    34.000     0.018       1      18    50.0    38.0
   103.770    31.515    22.049    34.000     0.019      84       2    52.0    38.0
   103.756    31.502    22.049    34.000     0.033       3      27    54.0    38.0
   103.741    31.489    22.049    34.000     0.050       1      26    56.0    38.0
   103.727    31.476    22.049    34.000     0.055       1      27    58.0    38.0
   103.713    31.462    22.049    34.000     0.058       3      27    60.0    38.0
   103.698    31.449    22.049    34.000     0.057       1      28    62.0    38.0
   103.684    31.436    22.049    34.000     0.052       2      28    64.0    38.0
   103.670    31.423    22.049    34.000     0.083      73      15    66.0    38.0
   103.655    31.410    22.049    34.000     0.079      74      15    68.0    38.0
   103.641    31.396    22.049    34.000     0.097      75      15    70.0    38.0
   103.627    31.383    22.049    34.000     0.104      75      14    72.0    38.0
   103.612    31.370    22.049    34.000     0.093      74      14    74.0    38.0
   103.598    31.357    22.049    34.000     0.081      77      14    76.0    38.0
   103.584    31.344    22.049    34.000     0.067      77      14    78.0    38.0
   104.157    31.848    20.931    34.000     0.044      90      26     0.0    36.0
   104.143    31.834    20.931    34.000     0.039      94      24     2.0    36.0
   104.128    31.821    20.931    34.000     0.061       7       1     4.0    36.0
   104.114    31.808    20.931    34.000     0.071       7       1     6.0    36.0
   104.100    31.795    20.931    34.000     0.074       8       1     8.0    36.0
   104.085    31.782    20.931    34.000     0.083       6       1    10.0    36.0
   104.071    31.769    20.931    34.000     0.069       7       1    12.0    36.0
   104.056    31.755    20.931    34.000     0.067       2       2    14.0    36.0
   104.042    31.742    20.931    34.000     0.065       1       2    16.0    36.0
   104.027    31.729    20.931    34.000     0.069      55      37    18.0    36.0
   104.013    31.716    20.931    34.000     0.080      55      37    20.0    36.0
   103.999    31.703    20.931    34.000     0.095      53      37    22.0    36.0
   103.984    31.690    20.931    34.000     0.106      54      37    24.0    36.0
   103.970    31.676    20.931    34.000     0.117      54      37    26.0    36.0
   103.955    31.663    20.931    34.000     0.108      51      37    28.0    36.0
   103.941    31.650    20.931    34.000     0.107      52      37    30.0    36.0
   103.927    31.637    20.931    34.000     0.082      51      37    32.0    36.0
   103.912    31.624    20.931    34.000     0.075      51      37    34.0    36.0
   103.898    31.611    20.931    34.000     0.065       7       2    36.0    36.0
   103.883    31.597    20.931    34.000     0.044       6       2    38.0    36.0
   103.869    31.584    20.931    34.000     0.033      45      37    40.0    36.0
   103.855    31.571    20.931    34.000     0.030      44      37    42.0    36.0
   103.840    31.558    20.931    34.000     0.026      44      37    44.0    36.0
   103.826    31.545    20.931    34.000     0.029      40      37    46.0    36.0
   103.812    31.531    20.931    34.000     0.030      39      37    48.0    36.0
   103.797    31.518    20.931    34.000     0.031      38      37    50.0    36.0
   103.783    31.505    20.931    34.000     0.024      37      37    52.0    36.0
   103.769    31.492    20.931    34.000     0.020      33      37    54.0    36.0
   103.754    31.479    20.931    34.000     0.027       3      27    56.0    36.0
   103.740    31.465    20.931    34.000     0.031       1      27    58.0    36.0
   103.726    31.452    20.931    34.000     0.036      24      37    60.0    36.0
   103.711    31.439    20.931    34.000     0.044      24      37    62.0    36.0
   103.697    31.426    20.931    34.000     0.045      24      37    64.0    36.0
   103.683    31.413    20.931    34.000     0.048      24      37    66.0    36.0
   103.668    31.399    20.931    34.000     0.056      75      14    68.0    36.0
   103.654    31.386    20.931    34.000     0.060      75      14    70.0    36.0
   103.640    31.373    20.931    34.000     0.061      76      15    72.0    36.0
   103.625    31.360    20.931    34.000     0.058      76      14    74.0    36.0
   103.611    31.347    20.931    34.000     0.058      76      10    76.0    36.0
   103.597    31.333    20.931    34.000     0.056      75      11    78.0    36.0
   104.170    31.837    19.813    34.000     0.036      91      31     0.0    34.0
   104.156    31.824    19.813    34.000     0.038      92      31     2.0    34.0
   104.141    31.811    19.813    34.000     0.036      11       2     4.0    34.0
   104.127    31.798    19.813    34.000     0.040      10       1     6.0    34.0
   104.112    31.785    19.813    34.000     0.049       9       1     8.0    34.0
   104.098    31.772    19.813    34.000     0.033      10       1    10.0    34.0
   104.083    31.758    19.813    34.000     0.035       1       3    12.0    34.0
   104.069    31.745    19.813    34.000     0.064      63      37    14.0    34.0
   104.055    31.732    19.813    34.000     0.070      61      37    16.0    34.0
   104.040    31.719    19.813    34.000     0.085      58      37    18.0    34.0
   104.026    31.706    19.813    34.000     0.093      57      37    20.0    34.0
   104.011    31.693    19.813    34.000     0.104      57      37    22.0    34.0
   103.997    31.679    19.813    34.000     0.112      58      37    24.0    34.0
   103.983    31.666    19.813    34.000     0.102      55      37    26.0    34.0
   103.968    31.653    19.813    34.000     0.088      57      37    28.0    34.0
   103.954    31.640    19.813    34.000     0.069      55      37    30.0    34.0
   103.939    31.627    19.813    34.000     0.061      50      37    32.0    34.0
   103.925    31.614    19.813    34.000     0.059      51      37    34.0    34.0
   103.911    31.600    19.813    34.000     0.039      50      37    36.0    34.0
   103.896    31.587    19.813    34.000     0.030      48      37    38.0    34.0
   103.882    31.574    19.813    34.000     0.027      46      37    40.0    34.0
   103.867    31.561    19.813    34.000     0.030       1      15    42.0    34.0
   103.853    31.548    19.813    34.000     0.030      39      37    44.0    34.0
   103.839    31.534    19.813    34.000     0.029      40      37    46.0    34.0
   103.824    31.521    19.813    34.000     0.028      41      37    48.0    34.0
   103.810    31.508    19.813    34.000     0.022      36      37    50.0    34.0
   103.796    31.495    19.813    34.000     0.024      30      37    52.0    34.0
   103.781    31.482    19.813    34.000     0.028      34      37    54.0    34.0
   103.767    31.468    19.813    34.000     0.025      26      37    56.0    34.0
   103.753    31.455    19.813    34.000     0.034      26      37    58.0    34.0
   103.738    31.442    19.813    34.000     0.043      26      37    60.0    34.0
   103.724    31.429    19.813    34.000     0.053      26      37    62.0    34.0
   103.710    31.416    19.813    34.000     0.047      26      37    64.0    34.0
   103.695    31.402    19.813    34.000     0.042      19      37    66.0    34.0
   103.681    31.389    19.813    34.000     0.040      19      37    68.0    34.0
   103.667    31.376    19.813    34.000     0.035      18      37    70.0    34.0
   103.652    31.363    19.813    34.000     0.027      18      37    72.0    34.0
   103.638    31.350    19.813    34.000     0.021      18      37    74.0    34.0
   103.624    31.336    19.813    34.000     0.017      89       3    76.0    34.0
   103.609    31.323    19.813    34.000     0.022      68      21    78.0    34.0
   104.183    31.827    18.694    34.000     0.034       4      17     0.0    32.0
   104.168    31.814    18.694    34.000     0.033       1      18     2.0    32.0
   104.154    31.801    18.694    34.000     0.029       2      18     4.0    32.0
   104.140    31.788    18.694    34.000     0.032     100      21     6.0    32.0
   104.125    31.775    18.694    34.000     0.041     100      20     8.0    32.0
   104.111    31.761    18.694    34.000     0.038     100      19    10.0    32.0
   104.096    31.748    18.694    34.000     0.024      66      37    12.0    32.0
   104.082    31.735    18.694    34.000     0.051      66      37    14.0    32.0
   104.067    31.722    18.694    34.000     0.061      65      37    16.0    32.0
   104.053    31.709    18.694    34.000     0.065      62      37    18.0    32.0
   104.039    31.696    18.694    34.000     0.072      61      37    20.0    32.0
   104.024    31.682    18.694    34.000     0.079      61      37    22.0    32.0
   104.010    31.669    18.694    34.000     0.088      59      37    24.0    32.0
   103.995    31.656    18.694    34.000     0.078      58      37    26.0    32.0
   103.981    31.643    18.694    34.000     0.066      59      37    28.0    32.0
   103.967    31.630    18.694    34.000     0.052      61      37    30.0    32.0
   103.952    31.617    18.694    34.000     0.040     100       6    32.0    32.0
   103.938    31.603    18.694    34.000     0.032      65      33    34.0    32.0
   103.923    31.590    18.694    34.000     0.020      69      34    36.0    32.0
   103.909    31.577    18.694    34.000     0.016      69      31    38.0    32.0
   103.895    31.564    18.694    34.000     0.014      70      24    40.0    32.0
   103.880    31.551    18.694    34.000     0.018      41      37    42.0    32.0
   103.866    31.537    18.694    34.000     0.022      40      37    44.0    32.0
   103.851    31.524    18.694    34.000     0.023      40      37    46.0    32.0
   103.837    31.511    18.694    34.000     0.019      38      37    48.0    32.0
   103.823    31.498    18.694    34.000     0.020      31      37    50.0    32.0
   103.808    31.485    18.694    34.000     0.029      32      37    52.0    32.0
   103.794    31.471    18.694    34.000     0.025      32      37    54.0    32.0
   103.780    31.458    18.694    34.000     0.027      31      37    56.0    32.0
   103.765    31.445    18.694    34.000     0.028      31      37    58.0    32.0
   103.751    31.432    18.694    34.000     0.033      29      37    60.0    32.0
   103.737    31.419    18.694    34.000     0.034      27      37    62.0    32.0
   103.722    31.405    18.694    34.000     0.035      27      37    64.0    32.0
   103.708    31.392    18.694    34.000     0.030      28      37    66.0    32.0
   103.694    31.379    18.694    34.000     0.020      23      37    68.0    32.0
   103.679    31.366    18.694    34.000     0.020      22      37    70.0    32.0
   103.665    31.353    18.694    34.000     0.015      92      15    72.0    32.0
   103.651    31.339    18.694    34.000     0.014      96      13    74.0    32.0
   103.636    31.326    18.694    34.000     0.013      95      13    76.0    32.0
   103.622    31.313    18.694    34.000     0.013      93       3    78.0    32.0
   104.196    31.817    17.576    34.000     0.069       5      17     0.0    30.0
   104.181    31.804    17.576    34.000     0.068       5      16     2.0    30.0
   104.167    31.791    17.576    34.000     0.065       4      15     4.0    30.0
   104.152    31.777    17.576    34.000     0.049       2      18     6.0    30.0
   104.138    31.764    17.576    34.000     0.037       1      16     8.0    30.0
   104.123    31.751    17.576    34.000     0.019       1      13    10.0    30.0
   104.109    31.738    17.576    34.000     0.016     100      15    12.0    30.0
   104.095    31.725    17.576    34.000     0.022     100      12    14.0    30.0
   104.080    31.712    17.576    34.000     0.033      66      37    16.0    30.0
   104.066    31.699    17.576    34.000     0.052     100       5    18.0    30.0
   104.051    31.685    17.576    34.000     0.069     100       5    20.0    30.0
   104.037    31.672    17.576    34.000     0.090     100       4    22.0    30.0
   104.023    31.659    17.576    34.000     0.077     100       4    24.0    30.0
   104.008    31.646    17.576    34.000     0.063     100       4    26.0    30.0
   103.994    31.633    17.576    34.000     0.048     100       5    28.0    30.0
   103.979    31.619    17.576    34.000     0.046      99      12    30.0    30.0
   103.965    31.606    17.576    34.000     0.045      99      10    32.0    30.0
   103.951    31.593    17.576    34.000     0.034     100      11    34.0    30.0
   103.936    31.580    17.576    34.000     0.028      99      12    36.0    30.0
   103.922    31.567    17.576    34.000     0.016      99      13    38.0    30.0
   103.907    31.554    17.576    34.000     0.011      93      18    40.0    30.0
   103.893    31.540    17.576    34.000     0.008      66      32    42.0    30.0
   103.879    31.527    17.576    34.000     0.009      71      14    44.0    30.0
   103.864    31.514    17.576    34.000     0.010      71      12    46.0    30.0
   103.850    31.501    17.576    34.000     0.010      70       9    48.0    30.0
   103.836    31.488    17.576    34.000     0.012      74      12    50.0    30.0
   103.821    31.474    17.576    34.000     0.016      75      13    52.0    30.0
   103.807    31.461    17.576    34.000     0.019      33      37    54.0    30.0
   103.792    31.448    17.576    34.000     0.020      34      37    56.0    30.0
   103.778    31.435    17.576    34.000     0.022     100      28    58.0    30.0
   103.764    31.422    17.576    34.000     0.025     100      29    60.0    30.0
   103.749    31.409    17.576    34.000     0.023     100      25    62.0    30.0
   103.735    31.395    17.576    34.000     0.023     100      21    64.0    30.0
   103.721    31.382    17.576    34.000     0.023     100      19    66.0    30.0
   103.706    31.369    17.576    34.000     0.021      99      18    68.0    30.0
   103.692    31.356    17.576    34.000     0.024      97      14    70.0    30.0
   103.678    31.342    17.576    34.000     0.023      95      14    72.0    30.0
   103.664    31.329    17.576    34.000     0.018      95      13    74.0    30.0
   103.649    31.316    17.576    34.000     0.014      97      12    76.0    30.0
   103.635    31.303    17.576    34.000     0.017      95       5    78.0    30.0
   104.208    31.807    16.457    34.000     0.045       8      16     0.0    28.0
   104.194    31.794    16.457    34.000     0.049       1      21     2.0    28.0
   104.180    31.780    16.457    34.000     0.048       1      19     4.0    28.0
   104.165    31.767    16.457    34.000     0.043       1      15     6.0    28.0
   104.151    31.754    16.457    34.000     0.039       1      14     8.0    28.0
   104.136    31.741    16.457    34.000     0.021       1      14    10.0    28.0
   104.122    31.728    16.457    34.000     0.016      80      37    12.0    28.0
   104.107    31.715    16.457    34.000     0.017      81      37    14.0    28.0
   104.093    31.701    16.457    34.000     0.019      81      37    16.0    28.0
   104.079    31.688    16.457    34.000     0.026      78      37    18.0    28.0
   104.064    31.675    16.457    34.000     0.030      75      37    20.0    28.0
   104.050    31.662    16.457    34.000     0.030      81      37    22.0    28.0
   104.035    31.649    16.457    34.000     0.042      80      37    24.0    28.0
   104.021    31.636    16.457    34.000     0.043      80      37    26.0    28.0
   104.006    31.622    16.457    34.000     0.041     100      12    28.0    28.0
   103.992    31.609    16.457    34.000     0.036     100      12    30.0    28.0
   103.978    31.596    16.457    34.000     0.038      99      13    32.0    28.0
   103.963    31.583    16.457    34.000     0.034     100      13    34.0    28.0
   103.949    31.570    16.457    34.000     0.024      97      14    36.0    28.0
   103.935    31.557    16.457    34.000     0.014      99       9    38.0    28.0
   103.920    31.543    16.457    34.000     0.010      88      21    40.0    28.0
   103.906    31.530    16.457    34.000     0.009      86      22    42.0    28.0
   103.891    31.517    16.457    34.000     0.007      86      19    44.0    28.0
   103.877    31.504    16.457    34.000     0.005      72      12    46.0    28.0
   103.863    31.491    16.457    34.000     0.006      72      10    48.0    28.0
   103.848    31.477    16.457    34.000     0.008     100      31    50.0    28.0
   103.834    31.464    16.457    34.000     0.013     100      31    52.0    28.0
   103.820    31.451    16.457    34.000     0.015      99      31    54.0    28.0
   103.805    31.438    16.457    34.000     0.014     100      30    56.0    28.0
   103.791    31.425    16.457    34.000     0.018      43      30    58.0    28.0
   103.777    31.412    16.457    34.000     0.029      44      28    60.0    28.0
   103.762    31.398    16.457    34.000     0.046      43      26    62.0    28.0
   103.748    31.385    16.457    34.000     0.079      43      24    64.0    28.0
   103.734    31.372    16.457    34.000     0.092      43      23    66.0    28.0
   103.719    31.359    16.457    34.000     0.097      43      22    68.0    28.0
   103.705    31.345    16.457    34.000     0.109      42      20    70.0    28.0
   103.691    31.332    16.457    34.000     0.106      42      21    72.0    28.0
   103.676    31.319    16.457    34.000     0.089      41      20    74.0    28.0
   103.662    31.306    16.457    34.000     0.053      37      21    76.0    28.0
   103.648    31.293    16.457    34.000     0.041      42      23    78.0    28.0
   104.221    31.796    15.339    34.000     0.028       5      12     0.0    26.0
   104.207    31.783    15.339    34.000     0.030       4      12     2.0    26.0
   104.192    31.770    15.339    34.000     0.021       6      11     4.0    26.0
   104.178    31.757    15.339    34.000     0.019       3       1     6.0    26.0
   104.163    31.744    15.339    34.000     0.021       5       1     8.0    26.0
   104.149    31.731    15.339    34.000     0.020       2       1    10.0    26.0
   104.135    31.718    15.339    34.000     0.020       7       1    12.0    26.0
   104.120    31.704    15.339    34.000     0.020       5       1    14.0    26.0
   104.106    31.691    15.339    34.000     0.019       3       1    16.0    26.0
   104.091    31.678    15.339    34.000     0.020     100      22    18.0    26.0
   104.077    31.665    15.339    34.000     0.021     100      24    20.0    26.0
   104.062    31.652    15.339    34.000     0.021     100      11    22.0    26.0
   104.048    31.639    15.339    34.000     0.023     100      14    24.0    26.0
   104.034    31.625    15.339    34.000     0.031     100      15    26.0    26.0
   104.019    31.612    15.339    34.000     0.035     100      15    28.0    26.0
   104.005    31.599    15.339    34.000     0.033     100      14    30.0    26.0
   103.990    31.586    15.339    34.000     0.029      99      19    32.0    26.0
   103.976    31.573    15.339    34.000     0.027      98      17    34.0    26.0
   103.962    31.560    15.339    34.000     0.020      98      17    36.0    26.0
   103.947    31.546    15.339    34.000     0.020      89      23    38.0    26.0
   103.933    31.533    15.339    34.000     0.020      89      22    40.0    26.0
   103.919    31.520    15.339    34.000     0.018      89      18    42.0    26.0
   103.904    31.507    15.339    34.000     0.017      86      19    44.0    26.0
   103.890    31.494    15.339    34.000     0.016      89      19    46.0    26.0
   103.875    31.480    15.339    34.000     0.014      85      14    48.0    26.0
   103.861    31.467    15.339    34.000     0.012      84      12    50.0    26.0
   103.847    31.454    15.339    34.000     0.014      37      33    52.0    26.0
   103.832    31.441    15.339    34.000     0.021      36      33    54.0    26.0
   103.818    31.428    15.339    34.000     0.027      38      32    56.0    26.0
   103.804    31.415    15.339    34.000     0.032      38      31    58.0    26.0
   103.789    31.401    15.339    34.000     0.044      39      30    60.0    26.0
   103.775    31.388    15.339    34.000     0.063      38      28    62.0    26.0
   103.761    31.375    15.339    34.000     0.068      37      27    64.0    26.0
   103.746    31.362    15.339    34.000     0.081      43      28    66.0    26.0
   103.732    31.349    15.339    34.000     0.104      41      27    68.0    26.0
   103.718    31.335    15.339    34.000     0.122      40      27    70.0    26.0
   103.703    31.322    15.339    34.000     0.152      39      26    72.0    26.0
   103.689    31.309    15.339    34.000     0.152      38      25    74.0    26.0
   103.675    31.296    15.339    34.000     0.147      37      24    76.0    26.0
   103.660    31.282    15.339    34.000     0.108      37      25    78.0    26.0
   104.234    31.786    14.221    34.000     0.012      15       7     0.0    24.0
   104.220    31.773    14.221    34.000     0.013      26       8     2.0    24.0
   104.205    31.760    14.221    34.000     0.018      22       9     4.0    24.0
   104.191    31.747    14.221    34.000     0.017      23       8     6.0    24.0
   104.176    31.734    14.221    34.000     0.020       6       1     8.0    24.0
   104.162    31.720    14.221    34.000     0.022       7       1    10.0    24.0
   104.147    31.707    14.221    34.000     0.020       4       1    12.0    24.0
   104.133    31.694    14.221    34.000     0.021       7       1    14.0    24.0
   104.118    31.681    14.221    34.000     0.019       8       1    16.0    24.0
   104.104    31.668    14.221    34.000     0.022     100      18    18.0    24.0
   104.090    31.655    14.221    34.000     0.035     100      18    20.0    24.0
   104.075    31.642    14.221    34.000     0.032     100      19    22.0    24.0
   104.061    31.628    14.221    34.000     0.032     100      18    24.0    24.0
   104.046    31.615    14.221    34.000     0.032     100      30    26.0    24.0
   104.032    31.602    14.221    34.000     0.032     100      31    28.0    24.0
   104.018    31.589    14.221    34.000     0.022      95      27    30.0    24.0
   104.003    31.576    14.221    34.000     0.021      95      28    32.0    24.0
   103.989    31.563    14.221    34.000     0.016      93      28    34.0    24.0
   103.974    31.549    14.221    34.000     0.022      86      25    36.0    24.0
   103.960    31.536    14.221    34.000     0.028      87      23    38.0    24.0
   103.946    31.523    14.221    34.000     0.029      87      22    40.0    24.0
   103.931    31.510    14.221    34.000     0.028      87      20    42.0    24.0
   103.917    31.497    14.221    34.000     0.032      86      20    44.0    24.0
   103.903    31.483    14.221    34.000     0.025      87      15    46.0    24.0
   103.888    31.470    14.221    34.000     0.019      88      15    48.0    24.0
   103.874    31.457    14.221    34.000     0.018      88      14    50.0    24.0
   103.859    31.444    14.221    34.000     0.018      86       7    52.0    24.0
   103.845    31.431    14.221    34.000     0.012      85       7    54.0    24.0
   103.831    31.418    14.221    34.000     0.015      39      32    56.0    24.0
   103.816    31.404    14.221    34.000     0.022      37      30    58.0    24.0
   103.802    31.391    14.221    34.000     0.027      38      29    60.0    24.0
   103.788    31.378    14.221    34.000     0.043      34      26    62.0    24.0
   103.773    31.365    14.221    34.000     0.049      34      26    64.0    24.0
   103.759    31.352    14.221    34.000     0.061      40      25    66.0    24.0
   103.745    31.338    14.221    34.000     0.067      39      25    68.0    24.0
   103.730    31.325    14.221    34.000     0.090      34      24    70.0    24.0
   103.716    31.312    14.221    34.000     0.096      34      22    72.0    24.0
   103.702    31.299    14.221    34.000     0.107      38      24    74.0    24.0
   103.688    31.286    14.221    34.000     0.094      37      23    76.0    24.0
   103.673    31.272    14.221    34.000     0.071      40      27    78.0    24.0
   104.247    31.776    13.102    34.000     0.028      29       6     0.0    22.0
   104.232    31.763    13.102    34.000     0.030      29       6     2.0    22.0
   104.218    31.750    13.102    34.000     0.037      28      10     4.0    22.0
   104.203    31.737    13.102    34.000     0.034      24       9     6.0    22.0
   104.189    31.723    13.102    34.000     0.029      27       7     8.0    22.0
   104.175    31.710    13.102    34.000     0.024      29      11    10.0    22.0
   104.160    31.697    13.102    34.000     0.018      39      32    12.0    22.0
   104.146    31.684    13.102    34.000     0.020      38      31    14.0    22.0
   104.131    31.671    13.102    34.000     0.023      40      31    16.0    22.0
   104.117    31.658    13.102    34.000     0.027      42      32    18.0    22.0
   104.102    31.644    13.102    34.000     0.030      37      34    20.0    22.0
   104.088    31.631    13.102    34.000     0.035      35      33    22.0    22.0
   104.074    31.618    13.102    34.000     0.043      34      34    24.0    22.0
   104.059    31.605    13.102    34.000     0.056      30      34    26.0    22.0
   104.045    31.592    13.102    34.000     0.106      33      34    28.0    22.0
   104.030    31.579    13.102    34.000     0.099      31      34    30.0    22.0
   104.016    31.565    13.102    34.000     0.085      29      34    32.0    22.0
   104.002    31.552    13.102    34.000     0.084      27      35    34.0    22.0
   103.987    31.539    13.102    34.000     0.070      26      34    36.0    22.0
   103.973    31.526    13.102    34.000     0.052      25      33    38.0    22.0
   103.958    31.513    13.102    34.000     0.036      30      34    40.0    22.0
   103.944    31.500    13.102    34.000     0.035      84      20    42.0    22.0
   103.930    31.486    13.102    34.000     0.041      85      21    44.0    22.0
   103.915    31.473    13.102    34.000     0.030      84      21    46.0    22.0
   103.901    31.460    13.102    34.000     0.024      45       6    48.0    22.0
   103.887    31.447    13.102    34.000     0.028      47       7    50.0    22.0
   103.872    31.434    13.102    34.000     0.025      48       9    52.0    22.0
   103.858    31.420    13.102    34.000     0.023      39       8    54.0    22.0
   103.844    31.407    13.102    34.000     0.025      39       9    56.0    22.0
   103.829    31.394    13.102    34.000     0.030      45       9    58.0    22.0
   103.815    31.381    13.102    34.000     0.034      45       9    60.0    22.0
   103.800    31.368    13.102    34.000     0.044      43       9    62.0    22.0
   103.786    31.355    13.102    34.000     0.043      42       9    64.0    22.0
   103.772    31.341    13.102    34.000     0.040      35      27    66.0    22.0
   103.758    31.328    13.102    34.000     0.050      36      27    68.0    22.0
   103.743    31.315    13.102    34.000     0.056      37      26    70.0    22.0
   103.729    31.302    13.102    34.000     0.073      38      26    72.0    22.0
   103.715    31.289    13.102    34.000     0.080      36      25    74.0    22.0
   103.700    31.275    13.102    34.000     0.105      38      23    76.0    22.0
   103.686    31.262    13.102    34.000     0.088      37      23    78.0    22.0
   104.259    31.766    11.984    34.000     0.072      32       5     0.0    20.0
   104.245    31.753    11.984    34.000     0.090      29       5     2.0    20.0
   104.231    31.739    11.984    34.000     0.102      28       5     4.0    20.0
   104.216    31.726    11.984    34.000     0.102      29       6     6.0    20.0
   104.202    31.713    11.984    34.000     0.094      30       9     8.0    20.0
   104.187    31.700    11.984    34.000     0.085      30       9    10.0    20.0
   104.173    31.687    11.984    34.000     0.052      31      10    12.0    20.0
   104.158    31.674    11.984    34.000     0.054      40      31    14.0    20.0
   104.144    31.661    11.984    34.000     0.062      39      31    16.0    20.0
   104.130    31.647    11.984    34.000     0.091      35      29    18.0    20.0
   104.115    31.634    11.984    34.000     0.092      37      28    20.0    20.0
   104.101    31.621    11.984    34.000     0.112      32      31    22.0    20.0
   104.086    31.608    11.984    34.000     0.145      32      31    24.0    20.0
   104.072    31.595    11.984    34.000     0.188      36      34    26.0    20.0
   104.057    31.582    11.984    34.000     0.252      34      34    28.0    20.0
   104.043    31.568    11.984    34.000     0.253      32      34    30.0    20.0
   104.029    31.555    11.984    34.000     0.275      32      33    32.0    20.0
   104.014    31.542    11.984    34.000     0.252      31      34    34.0    20.0
   104.000    31.529    11.984    34.000     0.233      33      34    36.0    20.0
   103.986    31.516    11.984    34.000     0.193      30      34    38.0    20.0
   103.971    31.503    11.984    34.000     0.125      27      34    40.0    20.0
   103.957    31.489    11.984    34.000     0.091      28      34    42.0    20.0
   103.942    31.476    11.984    34.000     0.066      29      34    44.0    20.0
   103.928    31.463    11.984    34.000     0.043      27      34    46.0    20.0
   103.914    31.450    11.984    34.000     0.041      44       8    48.0    20.0
   103.899    31.437    11.984    34.000     0.044      44       8    50.0    20.0
   103.885    31.423    11.984    34.000     0.049      50      10    52.0    20.0
   103.871    31.410    11.984    34.000     0.051      46       7    54.0    20.0
   103.856    31.397    11.984    34.000     0.055      48      10    56.0    20.0
   103.842    31.384    11.984    34.000     0.051      47      10    58.0    20.0
   103.828    31.371    11.984    34.000     0.059      46      10    60.0    20.0
   103.813    31.358    11.984    34.000     0.056      44      10    62.0    20.0
   103.799    31.344    11.984    34.000     0.044      42      10    64.0    20.0
   103.785    31.331    11.984    34.000     0.028      37      17    66.0    20.0
   103.770    31.318    11.984    34.000     0.031      37      18    68.0    20.0
   103.756    31.305    11.984    34.000     0.031      38      19    70.0    20.0
   103.742    31.292    11.984    34.000     0.041      33      28    72.0    20.0
   103.727    31.278    11.984    34.000     0.054      31      28    74.0    20.0
   103.713    31.265    11.984    34.000     0.057      33      28    76.0    20.0
   103.699    31.252    11.984    34.000     0.066      36      28    78.0    20.0
   104.272    31.755    10.865    34.000     0.120      37       6     0.0    18.0
   104.258    31.742    10.865    34.000     0.156      31       5     2.0    18.0
   104.243    31.729    10.865    34.000     0.197      34       7     4.0    18.0
   104.229    31.716    10.865    34.000     0.218      35       7     6.0    18.0
   104.214    31.703    10.865    34.000     0.216      34       8     8.0    18.0
   104.200    31.690    10.865    34.000     0.180      33       8    10.0    18.0
   104.186    31.677    10.865    34.000     0.148      33      10    12.0    18.0
   104.171    31.663    10.865    34.000     0.105      33      13    14.0    18.0
   104.157    31.650    10.865    34.000     0.072      41      30    16.0    18.0
   104.142    31.637    10.865    34.000     0.104      42      29    18.0    18.0
   104.128    31.624    10.865    34.000     0.135      37      29    20.0    18.0
   104.113    31.611    10.865    34.000     0.159      36      30    22.0    18.0
   104.099    31.598    10.865    34.000     0.195      36      31    24.0    18.0
   104.085    31.585    10.865    34.000     0.240      38      32    26.0    18.0
   104.070    31.571    10.865    34.000     0.288      38      32    28.0    18.0
   104.056    31.558    10.865    34.000     0.322      37      32    30.0    18.0
   104.041    31.545    10.865    34.000     0.332      36      33    32.0    18.0
   104.027    31.532    10.865    34.000     0.325      34      33    34.0    18.0
   104.013    31.519    10.865    34.000     0.306      36      33    36.0    18.0
   103.998    31.506    10.865    34.000     0.259      34      33    38.0    18.0
   103.984    31.492    10.865    34.000     0.197      31      33    40.0    18.0
   103.970    31.479    10.865    34.000     0.138      30      34    42.0    18.0
   103.955    31.466    10.865    34.000     0.097      55      16    44.0    18.0
   103.941    31.453    10.865    34.000     0.097      55      17    46.0    18.0
   103.926    31.440    10.865    34.000     0.094      55      18    48.0    18.0
   103.912    31.426    10.865    34.000     0.080      56      19    50.0    18.0
   103.898    31.413    10.865    34.000     0.098      57      20    52.0    18.0
   103.883    31.400    10.865    34.000     0.097      57      20    54.0    18.0
   103.869    31.387    10.865    34.000     0.083      58      21    56.0    18.0
   103.855    31.374    10.865    34.000     0.077      65      21    58.0    18.0
   103.840    31.361    10.865    34.000     0.080      65      23    60.0    18.0
   103.826    31.347    10.865    34.000     0.080      61      23    62.0    18.0
   103.812    31.334    10.865    34.000     0.073      62      24    64.0    18.0
   103.797    31.321    10.865    34.000     0.045      61      26    66.0    18.0
   103.783    31.308    10.865    34.000     0.030      62      26    68.0    18.0
   103.769    31.295    10.865    34.000     0.021      15      23    70.0    18.0
   103.754    31.281    10.865    34.000     0.022      38      34    72.0    18.0
   103.740    31.268    10.865    34.000     0.032      38      34    74.0    18.0
   103.726    31.255    10.865    34.000     0.034      29      28    76.0    18.0
   103.711    31.242    10.865    34.000     0.044      42      33    78.0    18.0
   104.285    31.745     9.747    34.000     0.165      36       5     0.0    16.0
   104.271    31.732     9.747    34.000     0.197      38       5     2.0    16.0
   104.256    31.719     9.747    34.000     0.229      38       6     4.0    16.0
   104.242    31.706     9.747    34.000     0.236      36       6     6.0    16.0
   104.227    31.693     9.747    34.000     0.212      35       7     8.0    16.0
   104.213    31.680     9.747    34.000     0.173      34       8    10.0    16.0
   104.198    31.666     9.747    34.000     0.136      35       9    12.0    16.0
   104.184    31.653     9.747    34.000     0.108      33      12    14.0    16.0
   104.169    31.640     9.747    34.000     0.070      37      23    16.0    16.0
   104.155    31.627     9.747    34.000     0.078      37      24    18.0    16.0
   104.141    31.614     9.747    34.000     0.129      41      29    20.0    16.0
   104.126    31.601     9.747    34.000     0.180      43      29    22.0    16.0
   104.112    31.587     9.747    34.000     0.210      43      31    24.0    16.0
   104.097    31.574     9.747    34.000     0.251      43      32    26.0    16.0
   104.083    31.561     9.747    34.000     0.282      38      30    28.0    16.0
   104.069    31.548     9.747    34.000     0.309      37      32    30.0    16.0
   104.054    31.535     9.747    34.000     0.339      38      32    32.0    16.0
   104.040    31.522     9.747    34.000     0.327      38      33    34.0    16.0
   104.025    31.508     9.747    34.000     0.315      39      33    36.0    16.0
   104.011    31.495     9.747    34.000     0.278      36      33    38.0    16.0
   103.997    31.482     9.747    34.000     0.230      36      33    40.0    16.0
   103.982    31.469     9.747    34.000     0.199      59      12    42.0    16.0
   103.968    31.456     9.747    34.000     0.177      59      13    44.0    16.0
   103.954    31.443     9.747    34.000     0.155      63      12    46.0    16.0
   103.939    31.429     9.747    34.000     0.147      59      17    48.0    16.0
   103.925    31.416     9.747    34.000     0.132      57      18    50.0    16.0
   103.910    31.403     9.747    34.000     0.126      57      19    52.0    16.0
   103.896    31.390     9.747    34.000     0.117      57      18    54.0    16.0
   103.882    31.377     9.747    34.000     0.101      60      21    56.0    16.0
   103.867    31.364     9.747    34.000     0.098      58      22    58.0    16.0
   103.853    31.350     9.747    34.000     0.101      62      19    60.0    16.0
   103.839    31.337     9.747    34.000     0.103      63      21    62.0    16.0
   103.824    31.324     9.747    34.000     0.110      63      23    64.0    16.0
   103.810    31.311     9.747    34.000     0.074      62      24    66.0    16.0
   103.796    31.298     9.747    34.000     0.050      14      17    68.0    16.0
   103.781    31.284     9.747    34.000     0.047      14      19    70.0    16.0
   103.767    31.271     9.747    34.000     0.041      18      19    72.0    16.0
   103.753    31.258     9.747    34.000     0.039      19      19    74.0    16.0
   103.738    31.245     9.747    34.000     0.038      21      18    76.0    16.0
   103.724    31.232     9.747    34.000     0.034      20      23    78.0    16.0
   104.298    31.735     8.629    34.000     0.118      41       5     0.0    14.0
   104.283    31.722     8.629    34.000     0.130      39       6     2.0    14.0
   104.269    31.709     8.629    34.000     0.133      38       6     4.0    14.0
   104.254    31.696     8.629    34.000     0.143      39       6     6.0    14.0
   104.240    31.682     8.629    34.000     0.127      44       5     8.0    14.0
   104.226    31.669     8.629    34.000     0.119      43       6    10.0    14.0
   104.211    31.656     8.629    34.000     0.090      43       6    12.0    14.0
   104.197    31.643     8.629    34.000     0.076      41       9    14.0    14.0
   104.182    31.630     8.629    34.000     0.054      44      11    16.0    14.0
   104.168    31.617     8.629    34.000     0.068      44      25    18.0    14.0
   104.153    31.604     8.629    34.000     0.111      46      26    20.0    14.0
   104.139    31.590     8.629    34.000     0.179      44      29    22.0    14.0
   104.125    31.577     8.629    34.000     0.212      45      29    24.0    14.0
   104.110    31.564     8.629    34.000     0.256      43      28    26.0    14.0
   104.096    31.551     8.629    34.000     0.267      41      28    28.0    14.0
   104.081    31.538     8.629    34.000     0.288      43      32    30.0    14.0
   104.067    31.525     8.629    34.000     0.300      41      31    32.0    14.0
   104.053    31.511     8.629    34.000     0.307      41      31    34.0    14.0
   104.038    31.498     8.629    34.000     0.303      40      31    36.0    14.0
   104.024    31.485     8.629    34.000     0.289      41      31    38.0    14.0
   104.009    31.472     8.629    34.000     0.265      39      31    40.0    14.0
   103.995    31.459     8.629    34.000     0.225      57      18    42.0    14.0
   103.981    31.446     8.629    34.000     0.219      57      18    44.0    14.0
   103.966    31.432     8.629    34.000     0.215      56      19    46.0    14.0
   103.952    31.419     8.629    34.000     0.201      56      19    48.0    14.0
   103.938    31.406     8.629    34.000     0.170      54      19    50.0    14.0
   103.923    31.393     8.629    34.000     0.153      53      19    52.0    14.0
   103.909    31.380     8.629    34.000     0.116      52      19    54.0    14.0
   103.894    31.366     8.629    34.000     0.101      61      23    56.0    14.0
   103.880    31.353     8.629    34.000     0.114      63      24    58.0    14.0
   103.866    31.340     8.629    34.000     0.107      62      26    60.0    14.0
   103.851    31.327     8.629    34.000     0.087      61      25    62.0    14.0
   103.837    31.314     8.629    34.000     0.078      64      27    64.0    14.0
   103.823    31.301     8.629    34.000     0.077      65      28    66.0    14.0
   103.808    31.287     8.629    34.000     0.041      60      28    68.0    14.0
   103.794    31.274     8.629    34.000     0.052      17      14    70.0    14.0
   103.780    31.261     8.629    34.000     0.055      10      17    72.0    14.0
   103.766    31.248     8.629    34.000     0.067      12      17    74.0    14.0
   103.751    31.235     8.629    34.000     0.063      14      17    76.0    14.0
   103.737    31.221     8.629    34.000     0.052      12      16    78.0    14.0
   104.310    31.725     7.510    34.000     0.087      46       3     0.0    12.0
   104.296    31.712     7.510    34.000     0.109      45       3     2.0    12.0
   104.282    31.698     7.510    34.000     0.119      43       3     4.0    12.0
   104.267    31.685     7.510    34.000     0.120      48       4     6.0    12.0
   104.253    31.672     7.510    34.000     0.130      49       8     8.0    12.0
   104.238    31.659     7.510    34.000     0.132      47       8    10.0    12.0
   104.224    31.646     7.510    34.000     0.123      46       8    12.0    12.0
   104.209    31.633     7.510    34.000     0.110      53      12    14.0    12.0
   104.195    31.620     7.510    34.000     0.124      53      12    16.0    12.0
   104.181    31.606     7.510    34.000     0.129      52      12    18.0    12.0
   104.166    31.593     7.510    34.000     0.134      52      14    20.0    12.0
   104.152    31.580     7.510    34.000     0.178      50      23    22.0    12.0
   104.137    31.567     7.510    34.000     0.257      48      29    24.0    12.0
   104.123    31.554     7.510    34.000     0.308      45      29    26.0    12.0
   104.108    31.541     7.510    34.000     0.328      46      27    28.0    12.0
   104.094    31.528     7.510    34.000     0.365      51      25    30.0    12.0
   104.080    31.514     7.510    34.000     0.414      53      22    32.0    12.0
   104.065    31.501     7.510    34.000     0.436      52      22    34.0    12.0
   104.051    31.488     7.510    34.000     0.484      49      23    36.0    12.0
   104.037    31.475     7.510    34.000     0.477      47      23    38.0    12.0
   104.022    31.462     7.510    34.000     0.460      46      21    40.0    12.0
   104.008    31.449     7.510    34.000     0.421      48      20    42.0    12.0
   103.993    31.435     7.510    34.000     0.362      44      21    44.0    12.0
   103.979    31.422     7.510    34.000     0.328      46      20    46.0    12.0
   103.965    31.409     7.510    34.000     0.272      41      20    48.0    12.0
   103.950    31.396     7.510    34.000     0.229      55      19    50.0    12.0
   103.936    31.383     7.510    34.000     0.185      53      19    52.0    12.0
   103.922    31.369     7.510    34.000     0.161      52      20    54.0    12.0
   103.907    31.356     7.510    34.000     0.123      54      21    56.0    12.0
   103.893    31.343     7.510    34.000     0.098      59      25    58.0    12.0
   103.879    31.330     7.510    34.000     0.090      60      27    60.0    12.0
   103.864    31.317     7.510    34.000     0.069      59      27    62.0    12.0
   103.850    31.304     7.510    34.000     0.066      64      29    64.0    12.0
   103.836    31.290     7.510    34.000     0.065      64      33    66.0    12.0
   103.821    31.277     7.510    34.000     0.063      66      29    68.0    12.0
   103.807    31.264     7.510    34.000     0.060      66      32    70.0    12.0
   103.793    31.251     7.510    34.000     0.044      14      16    72.0    12.0
   103.778    31.238     7.510    34.000     0.054      16      16    74.0    12.0
   103.764    31.224     7.510    34.000     0.058      16      14    76.0    12.0
   103.750    31.211     7.510    34.000     0.051      15      18    78.0    12.0
   104.323    31.715     6.392    34.000     0.081      59       3     0.0    10.0
   104.309    31.701     6.392    34.000     0.099      60       5     2.0    10.0
   104.294    31.688     6.392    34.000     0.136      60       5     4.0    10.0
   104.280    31.675     6.392    34.000     0.158      58       5     6.0    10.0
   104.265    31.662     6.392    34.000     0.201      58       5     8.0    10.0
   104.251    31.649     6.392    34.000     0.213      56       5    10.0    10.0
   104.237    31.636     6.392    34.000     0.201      53       9    12.0    10.0
   104.222    31.623     6.392    34.000     0.202      52       9    14.0    10.0
   104.208    31.609     6.392    34.000     0.194      51       9    16.0    10.0
   104.193    31.596     6.392    34.000     0.188      53      11    18.0    10.0
   104.179    31.583     6.392    34.000     0.234      61      14    20.0    10.0
   104.164    31.570     6.392    34.000     0.328      60      15    22.0    10.0
   104.150    31.557     6.392    34.000     0.414      62      15    24.0    10.0
   104.136    31.544     6.392    34.000     0.492      57      18    26.0    10.0
   104.121    31.530     6.392    34.000     0.591      55      21    28.0    10.0
   104.107    31.517     6.392    34.000     0.636      53      22    30.0    10.0
   104.092    31.504     6.392    34.000     0.671      52      22    32.0    10.0
   104.078    31.491     6.392    34.000     0.697      51      22    34.0    10.0
   104.064    31.478     6.392    34.000     0.703      49      22    36.0    10.0
   104.049    31.465     6.392    34.000     0.691      47      23    38.0    10.0
   104.035    31.451     6.392    34.000     0.673      46      22    40.0    10.0
   104.020    31.438     6.392    34.000     0.632      44      22    42.0    10.0
   104.006    31.425     6.392    34.000     0.564      47      21    44.0    10.0
   103.992    31.412     6.392    34.000     0.509      47      21    46.0    10.0
   103.977    31.399     6.392    34.000     0.417      46      20    48.0    10.0
   103.963    31.386     6.392    34.000     0.330      47      22    50.0    10.0
   103.949    31.372     6.392    34.000     0.270      48      21    52.0    10.0
   103.934    31.359     6.392    34.000     0.198      45      22    54.0    10.0
   103.920    31.346     6.392    34.000     0.125      44      21    56.0    10.0
   103.906    31.333     6.392    34.000     0.082      54      21    58.0    10.0
   103.891    31.320     6.392    34.000     0.077      57      34    60.0    10.0
   103.877    31.307     6.392    34.000     0.081      58      35    62.0    10.0
   103.863    31.293     6.392    34.000     0.078      60      34    64.0    10.0
   103.848    31.280     6.392    34.000     0.066      59      35    66.0    10.0
   103.834    31.267     6.392    34.000     0.058      62      34    68.0    10.0
   103.820    31.254     6.392    34.000     0.066      66      33    70.0    10.0
   103.805    31.241     6.392    34.000     0.057      68      34    72.0    10.0
   103.791    31.227     6.392    34.000     0.057      66      34    74.0    10.0
   103.777    31.214     6.392    34.000     0.053       1       1    76.0    10.0
   103.762    31.201     6.392    34.000     0.044       1       1    78.0    10.0
   104.336    31.704     5.274    34.000     0.141      69       2     0.0     8.0
   104.322    31.691     5.274    34.000     0.164      68       2     2.0     8.0
   104.307    31.678     5.274    34.000     0.204      67       2     4.0     8.0
   104.293    31.665     5.274    34.000     0.250      67       3     6.0     8.0
   104.278    31.652     5.274    34.000     0.326      64       3     8.0     8.0
   104.264    31.639     5.274    34.000     0.354      63       3    10.0     8.0
   104.249    31.625     5.274    34.000     0.388      64       3    12.0     8.0
   104.235    31.612     5.274    34.000     0.422      63       4    14.0     8.0
   104.220    31.599     5.274    34.000     0.471      65       7    16.0     8.0
   104.206    31.586     5.274    34.000     0.503      63       8    18.0     8.0
   104.192    31.573     5.274    34.000     0.563      61      11    20.0     8.0
   104.177    31.560     5.274    34.000     0.582      60      12    22.0     8.0
   104.163    31.547     5.274    34.000     0.592      59      13    24.0     8.0
   104.148    31.533     5.274    34.000     0.596      58      14    26.0     8.0
   104.134    31.520     5.274    34.000     0.620      55      19    28.0     8.0
   104.120    31.507     5.274    34.000     0.657      54      21    30.0     8.0
   104.105    31.494     5.274    34.000     0.683      53      22    32.0     8.0
   104.091    31.481     5.274    34.000     0.708      52      23    34.0     8.0
   104.076    31.468     5.274    34.000     0.718      51      23    36.0     8.0
   104.062    31.454     5.274    34.000     0.723      49      24    38.0     8.0
   104.048    31.441     5.274    34.000     0.715      48      24    40.0     8.0
   104.033    31.428     5.274    34.000     0.689      46      24    42.0     8.0
   104.019    31.415     5.274    34.000     0.659      45      24    44.0     8.0
   104.004    31.402     5.274    34.000     0.618      44      24    46.0     8.0
   103.990    31.389     5.274    34.000     0.493      46      21    48.0     8.0
   103.976    31.375     5.274    34.000     0.390      48      22    50.0     8.0
   103.961    31.362     5.274    34.000     0.321      50      21    52.0     8.0
   103.947    31.349     5.274    34.000     0.231      48      21    54.0     8.0
   103.933    31.336     5.274    34.000     0.154      49      23    56.0     8.0
   103.918    31.323     5.274    34.000     0.117      46      30    58.0     8.0
   103.904    31.310     5.274    34.000     0.105      45      34    60.0     8.0
   103.890    31.296     5.274    34.000     0.118      60      35    62.0     8.0
   103.875    31.283     5.274    34.000     0.127      58      35    64.0     8.0
   103.861    31.270     5.274    34.000     0.147       4       1    66.0     8.0
   103.847    31.257     5.274    34.000     0.168       1       1    68.0     8.0
   103.832    31.244     5.274    34.000     0.175       1       1    70.0     8.0
   103.818    31.230     5.274    34.000     0.159       2       1    72.0     8.0
   103.804    31.217     5.274    34.000     0.127       2       1    74.0     8.0
   103.789    31.204     5.274    34.000     0.101       7       1    76.0     8.0
   103.775    31.191     5.274    34.000     0.073       7       1    78.0     8.0
   104.349    31.694     4.155    34.000     0.196      72       2     0.0     6.0
   104.334    31.681     4.155    34.000     0.263      70       2     2.0     6.0
   104.320    31.668     4.155    34.000     0.321      70       2     4.0     6.0
   104.305    31.655     4.155    34.000     0.425      72       3     6.0     6.0
   104.291    31.641     4.155    34.000     0.473      70       3     8.0     6.0
   104.276    31.628     4.155    34.000     0.495      68       3    10.0     6.0
   104.262    31.615     4.155    34.000     0.547      65       5    12.0     6.0
   104.248    31.602     4.155    34.000     0.576      64       6    14.0     6.0
   104.233    31.589     4.155    34.000     0.590      63       7    16.0     6.0
   104.219    31.576     4.155    34.000     0.593      62       8    18.0     6.0
   104.204    31.563     4.155    34.000     0.590      62       9    20.0     6.0
   104.190    31.549     4.155    34.000     0.580      61      10    22.0     6.0
   104.175    31.536     4.155    34.000     0.559      60      11    24.0     6.0
   104.161    31.523     4.155    34.000     0.516      61      12    26.0     6.0
   104.147    31.510     4.155    34.000     0.467      58      17    28.0     6.0
   104.132    31.497     4.155    34.000     0.483      53      17    30.0     6.0
   104.118    31.484     4.155    34.000     0.526      56      23    32.0     6.0
   104.103    31.471     4.155    34.000     0.527      56      25    34.0     6.0
   104.089    31.457     4.155    34.000     0.540      50      20    36.0     6.0
   104.075    31.444     4.155    34.000     0.547      48      21    38.0     6.0
   104.060    31.431     4.155    34.000     0.554      48      22    40.0     6.0
   104.046    31.418     4.155    34.000     0.552      46      22    42.0     6.0
   104.032    31.405     4.155    34.000     0.578      43      21    44.0     6.0
   104.017    31.392     4.155    34.000     0.585      44      23    46.0     6.0
   104.003    31.378     4.155    34.000     0.562      44      25    48.0     6.0
   103.988    31.365     4.155    34.000     0.488      44      27    50.0     6.0
   103.974    31.352     4.155    34.000     0.406      43      28    52.0     6.0
   103.960    31.339     4.155    34.000     0.319      45      30    54.0     6.0
   103.945    31.326     4.155    34.000     0.233      46      32    56.0     6.0
   103.931    31.312     4.155    34.000     0.202      48      33    58.0     6.0
   103.917    31.299     4.155    34.000     0.188      50      34    60.0     6.0
   103.902    31.286     4.155    34.000     0.166      51      35    62.0     6.0
   103.888    31.273     4.155    34.000     0.161       5       1    64.0     6.0
   103.874    31.260     4.155    34.000     0.180       8       1    66.0     6.0
   103.859    31.247     4.155    34.000     0.196       6       1    68.0     6.0
   103.845    31.233     4.155    34.000     0.183       9       1    70.0     6.0
   103.831    31.220     4.155    34.000     0.169      11       1    72.0     6.0
   103.816    31.207     4.155    34.000     0.148       7       1    74.0     6.0
   103.802    31.194     4.155    34.000     0.124       8       1    76.0     6.0
   103.788    31.181     4.155    34.000     0.111       7       1    78.0     6.0
   104.361    31.684     3.037    34.000     0.114      73       2     0.0     4.0
   104.347    31.671     3.037    34.000     0.169      75       3     2.0     4.0
   104.333    31.657     3.037    34.000     0.198      73       2     4.0     4.0
   104.318    31.644     3.037    34.000     0.233      72       2     6.0     4.0
   104.304    31.631     3.037    34.000     0.273      74       4     8.0     4.0
   104.289    31.618     3.037    34.000     0.309      71       3    10.0     4.0
   104.275    31.605     3.037    34.000     0.296      71       3    12.0     4.0
   104.260    31.592     3.037    34.000     0.325      66       6    14.0     4.0
   104.246    31.579     3.037    34.000     0.363      64       8    16.0     4.0
   104.231    31.566     3.037    34.000     0.403      62       9    18.0     4.0
   104.217    31.552     3.037    34.000     0.402      63      10    20.0     4.0
   104.203    31.539     3.037    34.000     0.360      62      11    22.0     4.0
   104.188    31.526     3.037    34.000     0.346      62      13    24.0     4.0
   104.174    31.513     3.037    34.000     0.321      59      15    26.0     4.0
   104.159    31.500     3.037    34.000     0.366      52      14    28.0     4.0
   104.145    31.487     3.037    34.000     0.396      53      16    30.0     4.0
   104.131    31.473     3.037    34.000     0.402      54      17    32.0     4.0
   104.116    31.460     3.037    34.000     0.407      53      20    34.0     4.0
   104.102    31.447     3.037    34.000     0.407      49      16    36.0     4.0
   104.087    31.434     3.037    34.000     0.413      48      17    38.0     4.0
   104.073    31.421     3.037    34.000     0.431      41      17    40.0     4.0
   104.059    31.408     3.037    34.000     0.456      41      19    42.0     4.0
   104.044    31.394     3.037    34.000     0.490      43      20    44.0     4.0
   104.030    31.381     3.037    34.000     0.483      44      22    46.0     4.0
   104.016    31.368     3.037    34.000     0.449      44      23    48.0     4.0
   104.001    31.355     3.037    34.000     0.371      45      26    50.0     4.0
   103.987    31.342     3.037    34.000     0.345      46      28    52.0     4.0
   103.972    31.329     3.037    34.000     0.365      50      31    54.0     4.0
   103.958    31.315     3.037    34.000     0.361      50      32    56.0     4.0
   103.944    31.302     3.037    34.000     0.327      48      32    58.0     4.0
   103.929    31.289     3.037    34.000     0.240      49      33    60.0     4.0
   103.915    31.276     3.037    34.000     0.201      52      34    62.0     4.0
   103.901    31.263     3.037    34.000     0.173      52      35    64.0     4.0
   103.886    31.250     3.037    34.000     0.126      56      35    66.0     4.0
   103.872    31.236     3.037    34.000     0.084      57      36    68.0     4.0
   103.858    31.223     3.037    34.000     0.077      13       1    70.0     4.0
   103.843    31.210     3.037    34.000     0.054      64      36    72.0     4.0
   103.829    31.197     3.037    34.000     0.050      13       1    74.0     4.0
   103.815    31.184     3.037    34.000     0.044      65      36    76.0     4.0
   103.801    31.170     3.037    34.000     0.030      61      36    78.0     4.0
   104.374    31.674     1.918    34.000     0.083      84       1     0.0     2.0
   104.360    31.660     1.918    34.000     0.111      82       1     2.0     2.0
   104.345    31.647     1.918    34.000     0.151      83       1     4.0     2.0
   104.331    31.634     1.918    34.000     0.149      81       1     6.0     2.0
   104.316    31.621     1.918    34.000     0.150      80       2     8.0     2.0
   104.302    31.608     1.918    34.000     0.144      79       6    10.0     2.0
   104.287    31.595     1.918    34.000     0.121      78       5    12.0     2.0
   104.273    31.582     1.918    34.000     0.145      70       9    14.0     2.0
   104.259    31.568     1.918    34.000     0.155      68       9    16.0     2.0
   104.244    31.555     1.918    34.000     0.155      18      37    18.0     2.0
   104.230    31.542     1.918    34.000     0.204      18      37    20.0     2.0
   104.215    31.529     1.918    34.000     0.222      18      37    22.0     2.0
   104.201    31.516     1.918    34.000     0.251      19      37    24.0     2.0
   104.187    31.503     1.918    34.000     0.247      58      18    26.0     2.0
   104.172    31.490     1.918    34.000     0.273      55      13    28.0     2.0
   104.158    31.476     1.918    34.000     0.296      51      12    30.0     2.0
   104.143    31.463     1.918    34.000     0.326      51      12    32.0     2.0
   104.129    31.450     1.918    34.000     0.340      51      13    34.0     2.0
   104.115    31.437     1.918    34.000     0.345      50      14    36.0     2.0
   104.100    31.424     1.918    34.000     0.347      49      16    38.0     2.0
   104.086    31.411     1.918    34.000     0.345      48      17    40.0     2.0
   104.071    31.397     1.918    34.000     0.344      43      18    42.0     2.0
   104.057    31.384     1.918    34.000     0.384      44      20    44.0     2.0
   104.043    31.371     1.918    34.000     0.342      45      22    46.0     2.0
   104.028    31.358     1.918    34.000     0.300      46      23    48.0     2.0
   104.014    31.345     1.918    34.000     0.257      47      25    50.0     2.0
   104.000    31.332     1.918    34.000     0.232      49      27    52.0     2.0
   103.985    31.318     1.918    34.000     0.227      50      28    54.0     2.0
   103.971    31.305     1.918    34.000     0.205      52      29    56.0     2.0
   103.957    31.292     1.918    34.000     0.213      53      32    58.0     2.0
   103.942    31.279     1.918    34.000     0.172      52      32    60.0     2.0
   103.928    31.266     1.918    34.000     0.128      56      34    62.0     2.0
   103.914    31.253     1.918    34.000     0.122      56      35    64.0     2.0
   103.899    31.239     1.918    34.000     0.074      57      35    66.0     2.0
   103.885    31.226     1.918    34.000     0.046      55      35    68.0     2.0
   103.871    31.213     1.918    34.000     0.034      55      35    70.0     2.0
   103.856    31.200     1.918    34.000     0.029      18       1    72.0     2.0
   103.842    31.187     1.918    34.000     0.025      53      35    74.0     2.0
   103.828    31.173     1.918    34.000     0.023      52      35    76.0     2.0
   103.813    31.160     1.918    34.000     0.022      52      35    78.0     2.0
   104.387    31.663     0.800    34.000     0.081      88       1     0.0     0.0
   104.372    31.650     0.800    34.000     0.119      88       1     2.0     0.0
   104.358    31.637     0.800    34.000     0.153      87       1     4.0     0.0
   104.344    31.624     0.800    34.000     0.153      86       1     6.0     0.0
   104.329    31.611     0.800    34.000     0.148      82       5     8.0     0.0
   104.315    31.598     0.800    34.000     0.160      82       6    10.0     0.0
   104.300    31.584     0.800    34.000     0.156      80       6    12.0     0.0
   104.286    31.571     0.800    34.000     0.153      80       7    14.0     0.0
   104.271    31.558     0.800    34.000     0.131      78       7    16.0     0.0
   104.257    31.545     0.800    34.000     0.143      69       9    18.0     0.0
   104.242    31.532     0.800    34.000     0.176      23      37    20.0     0.0
   104.228    31.519     0.800    34.000     0.212      24      37    22.0     0.0
   104.214    31.506     0.800    34.000     0.239      23      37    24.0     0.0
   104.199    31.492     0.800    34.000     0.232      61      16    26.0     0.0
   104.185    31.479     0.800    34.000     0.251      58      11    28.0     0.0
   104.170    31.466     0.800    34.000     0.257      59      12    30.0     0.0
   104.156    31.453     0.800    34.000     0.284      53      11    32.0     0.0
   104.142    31.440     0.800    34.000     0.304      53      11    34.0     0.0
   104.127    31.427     0.800    34.000     0.307      53      12    36.0     0.0
   104.113    31.414     0.800    34.000     0.304      52      14    38.0     0.0
   104.099    31.400     0.800    34.000     0.293      51      16    40.0     0.0
   104.084    31.387     0.800    34.000     0.276      49      18    42.0     0.0
   104.070    31.374     0.800    34.000     0.274      46      20    44.0     0.0
   104.055    31.361     0.800    34.000     0.208      46      22    46.0     0.0
   104.041    31.348     0.800    34.000     0.191      49      24    48.0     0.0
   104.027    31.335     0.800    34.000     0.183      50      25    50.0     0.0
   104.012    31.321     0.800    34.000     0.173      51      29    52.0     0.0
   103.998    31.308     0.800    34.000     0.171      53      29    54.0     0.0
   103.984    31.295     0.800    34.000     0.164      53      31    56.0     0.0
   103.969    31.282     0.800    34.000     0.131      53      31    58.0     0.0
   103.955    31.269     0.800    34.000     0.083      52      31    60.0     0.0
   103.941    31.255     0.800    34.000     0.053      57      35    62.0     0.0
   103.926    31.242     0.800    34.000     0.049      27       1    64.0     0.0
   103.912    31.229     0.800    34.000     0.040      29       1    66.0     0.0
   103.898    31.216     0.800    34.000     0.032      27       1    68.0     0.0
   103.883    31.203     0.800    34.000     0.021      26       1    70.0     0.0
   103.869    31.190     0.800    34.000     0.016      54      35    72.0     0.0
   103.855    31.176     0.800    34.000     0.014      76      34    74.0     0.0
   103.840    31.163     0.800    34.000     0.017      35       1    76.0     0.0
   103.826    31.150     0.800    34.000     0.017      35       1    78.0     0.0
