   103.535    31.374    23.947    34.000     0.027      99      29     0.0    40.0
   103.521    31.360    23.947    34.000     0.027      99      29     2.0    40.0
   103.507    31.347    23.947    34.000     0.025      99      30     4.0    40.0
   103.492    31.334    23.947    34.000     0.024     100      32     6.0    40.0
   103.478    31.321    23.947    34.000     0.034      66      19     8.0    40.0
   103.464    31.308    23.947    34.000     0.038      65      19    10.0    40.0
   103.449    31.295    23.947    34.000     0.044      65      22    12.0    40.0
   103.435    31.281    23.947    34.000     0.035      63      21    14.0    40.0
   103.421    31.268    23.947    34.000     0.029      70      22    16.0    40.0
   103.406    31.255    23.947    34.000     0.034      72      21    18.0    40.0
   103.392    31.242    23.947    34.000     0.033      71      22    20.0    40.0
   103.378    31.229    23.947    34.000     0.029      73      21    22.0    40.0
   103.363    31.216    23.947    34.000     0.029      77      23    24.0    40.0
   103.349    31.202    23.947    34.000     0.028      76      23    26.0    40.0
   103.335    31.189    23.947    34.000     0.027      78      20    28.0    40.0
   103.320    31.176    23.947    34.000     0.024      74      25    30.0    40.0
   103.306    31.163    23.947    34.000     0.033      89      22    32.0    40.0
   103.292    31.150    23.947    34.000     0.035      87      22    34.0    40.0
   103.277    31.136    23.947    34.000     0.049      85      23    36.0    40.0
   103.263    31.123    23.947    34.000     0.039      87      22    38.0    40.0
   103.249    31.110    23.947    34.000     0.032      86      22    40.0    40.0
   103.235    31.097    23.947    34.000     0.029      86      22    42.0    40.0
   103.220    31.084    23.947    34.000     0.023      86      15    44.0    40.0
   103.206    31.070    23.947    34.000     0.018      87      22    46.0    40.0
   103.192    31.057    23.947    34.000     0.015      90      27    48.0    40.0
   103.178    31.044    23.947    34.000     0.014       1      10    50.0    40.0
   103.163    31.031    23.947    34.000     0.015      86      28    52.0    40.0
   103.149    31.018    23.947    34.000     0.012      91      13    54.0    40.0
   103.135    31.004    23.947    34.000     0.015      91      26    56.0    40.0
   103.120    30.991    23.947    34.000     0.014      90      26    58.0    40.0
   103.106    30.978    23.947    34.000     0.016      88      26    60.0    40.0
   103.092    30.965    23.947    34.000     0.021      87      25    62.0    40.0
   103.078    30.951    23.947    34.000     0.022      86      25    64.0    40.0
   103.548    31.363    22.829    34.000     0.056      54      11     0.0    38.0
   103.534    31.350    22.829    34.000     0.043      54      10     2.0    38.0
   103.519    31.337    22.829    34.000     0.035      99      32     4.0    38.0
   103.505    31.324    22.829    34.000     0.030     100      32     6.0    38.0
   103.491    31.311    22.829    34.000     0.026     100      32     8.0    38.0
   103.476    31.298    22.829    34.000     0.026      64      16    10.0    38.0
   103.462    31.284    22.829    34.000     0.027      64      19    12.0    38.0
   103.448    31.271    22.829    34.000     0.018      70      19    14.0    38.0
   103.433    31.258    22.829    34.000     0.018      69      21    16.0    38.0
   103.419    31.245    22.829    34.000     0.018      70      22    18.0    38.0
   103.405    31.232    22.829    34.000     0.019      98      11    20.0    38.0
   103.390    31.218    22.829    34.000     0.025      97      10    22.0    38.0
   103.376    31.205    22.829    34.000     0.027      95      11    24.0    38.0
   103.362    31.192    22.829    34.000     0.029      93      10    26.0    38.0
   103.347    31.179    22.829    34.000     0.041      90      13    28.0    38.0
   103.333    31.166    22.829    34.000     0.044      90      12    30.0    38.0
   103.319    31.153    22.829    34.000     0.053      86      12    32.0    38.0
   103.305    31.139    22.829    34.000     0.065      86      16    34.0    38.0
   103.290    31.126    22.829    34.000     0.064      86      18    36.0    38.0
   103.276    31.113    22.829    34.000     0.063      86      17    38.0    38.0
   103.262    31.100    22.829    34.000     0.049      88      13    40.0    38.0
   103.247    31.087    22.829    34.000     0.047      86      14    42.0    38.0
   103.233    31.073    22.829    34.000     0.030      88      23    44.0    38.0
   103.219    31.060    22.829    34.000     0.026      84      24    46.0    38.0
   103.204    31.047    22.829    34.000     0.024      83      24    48.0    38.0
   103.190    31.034    22.829    34.000     0.020      84      27    50.0    38.0
   103.176    31.021    22.829    34.000     0.017      86      27    52.0    38.0
   103.162    31.007    22.829    34.000     0.014      82      25    54.0    38.0
   103.147    30.994    22.829    34.000     0.014      83      25    56.0    38.0
   103.133    30.981    22.829    34.000     0.012      82      24    58.0    38.0
   103.119    30.968    22.829    34.000     0.011      85      27    60.0    38.0
   103.105    30.954    22.829    34.000     0.013      89      27    62.0    38.0
   103.090    30.941    22.829    34.000     0.014      88      26    64.0    38.0
   103.561    31.353    21.710    34.000     0.105      56      13     0.0    36.0
   103.547    31.340    21.710    34.000     0.088      56      11     2.0    36.0
   103.532    31.327    21.710    34.000     0.076      56      11     4.0    36.0
   103.518    31.314    21.710    34.000     0.043      59       6     6.0    36.0
   103.503    31.301    21.710    34.000     0.033      59      11     8.0    36.0
   103.489    31.287    21.710    34.000     0.023      57      13    10.0    36.0
   103.475    31.274    21.710    34.000     0.014      65      19    12.0    36.0
   103.460    31.261    21.710    34.000     0.014       1       6    14.0    36.0
   103.446    31.248    21.710    34.000     0.012       3      20    16.0    36.0
   103.432    31.235    21.710    34.000     0.012      68      30    18.0    36.0
   103.417    31.221    21.710    34.000     0.017      98       9    20.0    36.0
   103.403    31.208    21.710    34.000     0.020      98      16    22.0    36.0
   103.389    31.195    21.710    34.000     0.027      95       8    24.0    36.0
   103.374    31.182    21.710    34.000     0.035      95       3    26.0    36.0
   103.360    31.169    21.710    34.000     0.047      93       7    28.0    36.0
   103.346    31.156    21.710    34.000     0.045      93      16    30.0    36.0
   103.332    31.142    21.710    34.000     0.049      91      17    32.0    36.0
   103.317    31.129    21.710    34.000     0.054      89      17    34.0    36.0
   103.303    31.116    21.710    34.000     0.064      86      19    36.0    36.0
   103.289    31.103    21.710    34.000     0.066      88      19    38.0    36.0
   103.274    31.090    21.710    34.000     0.063      88      17    40.0    36.0
   103.260    31.076    21.710    34.000     0.051      86      21    42.0    36.0
   103.246    31.063    21.710    34.000     0.037      87      11    44.0    36.0
   103.231    31.050    21.710    34.000     0.025      81      22    46.0    36.0
   103.217    31.037    21.710    34.000     0.022      81      24    48.0    36.0
   103.203    31.024    21.710    34.000     0.018      84      26    50.0    36.0
   103.189    31.010    21.710    34.000     0.015      80      24    52.0    36.0
   103.174    30.997    21.710    34.000     0.014      79      24    54.0    36.0
   103.160    30.984    21.710    34.000     0.015      80      28    56.0    36.0
   103.146    30.971    21.710    34.000     0.016      78      28    58.0    36.0
   103.132    30.958    21.710    34.000     0.016      79      30    60.0    36.0
   103.117    30.944    21.710    34.000     0.017      79      27    62.0    36.0
   103.103    30.931    21.710    34.000     0.011      82      27    64.0    36.0
   103.574    31.343    20.592    34.000     0.119      66       6     0.0    34.0
   103.559    31.330    20.592    34.000     0.108      66       7     2.0    34.0
   103.545    31.317    20.592    34.000     0.080      64       9     4.0    34.0
   103.531    31.303    20.592    34.000     0.060      64      10     6.0    34.0
   103.516    31.290    20.592    34.000     0.043      60       5     8.0    34.0
   103.502    31.277    20.592    34.000     0.028      60       5    10.0    34.0
   103.487    31.264    20.592    34.000     0.017       1       8    12.0    34.0
   103.473    31.251    20.592    34.000     0.016       1       6    14.0    34.0
   103.459    31.238    20.592    34.000     0.015       1       5    16.0    34.0
   103.444    31.224    20.592    34.000     0.013       8      18    18.0    34.0
   103.430    31.211    20.592    34.000     0.025     100       7    20.0    34.0
   103.416    31.198    20.592    34.000     0.031     100      10    22.0    34.0
   103.401    31.185    20.592    34.000     0.043      97       5    24.0    34.0
   103.387    31.172    20.592    34.000     0.056      98       7    26.0    34.0
   103.373    31.159    20.592    34.000     0.063      98       5    28.0    34.0
   103.359    31.145    20.592    34.000     0.073      99       5    30.0    34.0
   103.344    31.132    20.592    34.000     0.083      95       4    32.0    34.0
   103.330    31.119    20.592    34.000     0.082      94       5    34.0    34.0
   103.316    31.106    20.592    34.000     0.084      93       6    36.0    34.0
   103.301    31.093    20.592    34.000     0.083      93       6    38.0    34.0
   103.287    31.079    20.592    34.000     0.075      91       6    40.0    34.0
   103.273    31.066    20.592    34.000     0.068      91       6    42.0    34.0
   103.258    31.053    20.592    34.000     0.053      93       6    44.0    34.0
   103.244    31.040    20.592    34.000     0.039      92       7    46.0    34.0
   103.230    31.027    20.592    34.000     0.029      81      27    48.0    34.0
   103.216    31.013    20.592    34.000     0.025      82      25    50.0    34.0
   103.201    31.000    20.592    34.000     0.022      85      29    52.0    34.0
   103.187    30.987    20.592    34.000     0.022      76      28    54.0    34.0
   103.173    30.974    20.592    34.000     0.021      78      29    56.0    34.0
   103.159    30.961    20.592    34.000     0.024      80      28    58.0    34.0
   103.144    30.947    20.592    34.000     0.023      78      28    60.0    34.0
   103.130    30.934    20.592    34.000     0.016      80      29    62.0    34.0
   103.116    30.921    20.592    34.000     0.009      79      29    64.0    34.0
   103.586    31.333    19.474    34.000     0.087      69       6     0.0    32.0
   103.572    31.320    19.474    34.000     0.074      70       6     2.0    32.0
   103.558    31.306    19.474    34.000     0.058      69       6     4.0    32.0
   103.543    31.293    19.474    34.000     0.045      64       7     6.0    32.0
   103.529    31.280    19.474    34.000     0.036      63       7     8.0    32.0
   103.515    31.267    19.474    34.000     0.024      63       6    10.0    32.0
   103.500    31.254    19.474    34.000     0.015       1      10    12.0    32.0
   103.486    31.241    19.474    34.000     0.013       3      16    14.0    32.0
   103.472    31.227    19.474    34.000     0.017       4      13    16.0    32.0
   103.457    31.214    19.474    34.000     0.011       6      17    18.0    32.0
   103.443    31.201    19.474    34.000     0.016     100       8    20.0    32.0
   103.429    31.188    19.474    34.000     0.028     100       8    22.0    32.0
   103.414    31.175    19.474    34.000     0.041     100       6    24.0    32.0
   103.400    31.162    19.474    34.000     0.046      96       6    26.0    32.0
   103.386    31.148    19.474    34.000     0.051      96       6    28.0    32.0
   103.371    31.135    19.474    34.000     0.061      95       5    30.0    32.0
   103.357    31.122    19.474    34.000     0.063      96       5    32.0    32.0
   103.343    31.109    19.474    34.000     0.067      98       5    34.0    32.0
   103.328    31.096    19.474    34.000     0.062      97       5    36.0    32.0
   103.314    31.082    19.474    34.000     0.060      96       6    38.0    32.0
   103.300    31.069    19.474    34.000     0.059      95       6    40.0    32.0
   103.285    31.056    19.474    34.000     0.054      94       6    42.0    32.0
   103.271    31.043    19.474    34.000     0.053      95       5    44.0    32.0
   103.257    31.030    19.474    34.000     0.053      95       5    46.0    32.0
   103.243    31.016    19.474    34.000     0.047      81      27    48.0    32.0
   103.228    31.003    19.474    34.000     0.044      79      28    50.0    32.0
   103.214    30.990    19.474    34.000     0.047      77      28    52.0    32.0
   103.200    30.977    19.474    34.000     0.034      75      28    54.0    32.0
   103.186    30.964    19.474    34.000     0.027      78      29    56.0    32.0
   103.171    30.950    19.474    34.000     0.018      80      29    58.0    32.0
   103.157    30.937    19.474    34.000     0.017      76      17    60.0    32.0
   103.143    30.924    19.474    34.000     0.021      76      16    62.0    32.0
   103.129    30.911    19.474    34.000     0.015      76      14    64.0    32.0
   103.599    31.323    18.355    34.000     0.062      70       4     0.0    30.0
   103.585    31.309    18.355    34.000     0.054      73       6     2.0    30.0
   103.570    31.296    18.355    34.000     0.040      72       4     4.0    30.0
   103.556    31.283    18.355    34.000     0.033      68       5     6.0    30.0
   103.542    31.270    18.355    34.000     0.025      67       6     8.0    30.0
   103.527    31.257    18.355    34.000     0.023       1      14    10.0    30.0
   103.513    31.244    18.355    34.000     0.016       1      12    12.0    30.0
   103.499    31.230    18.355    34.000     0.010       1      10    14.0    30.0
   103.484    31.217    18.355    34.000     0.009      40      37    16.0    30.0
   103.470    31.204    18.355    34.000     0.018      43      37    18.0    30.0
   103.456    31.191    18.355    34.000     0.020      42      37    20.0    30.0
   103.441    31.178    18.355    34.000     0.020      42      37    22.0    30.0
   103.427    31.164    18.355    34.000     0.026      62      34    24.0    30.0
   103.413    31.151    18.355    34.000     0.037      63      32    26.0    30.0
   103.398    31.138    18.355    34.000     0.039      66      33    28.0    30.0
   103.384    31.125    18.355    34.000     0.048      65      33    30.0    30.0
   103.370    31.112    18.355    34.000     0.041      63      33    32.0    30.0
   103.355    31.099    18.355    34.000     0.037      57      35    34.0    30.0
   103.341    31.085    18.355    34.000     0.032      55      35    36.0    30.0
   103.327    31.072    18.355    34.000     0.031      72      31    38.0    30.0
   103.312    31.059    18.355    34.000     0.032      72      29    40.0    30.0
   103.298    31.046    18.355    34.000     0.039      72      29    42.0    30.0
   103.284    31.033    18.355    34.000     0.039      73      31    44.0    30.0
   103.270    31.019    18.355    34.000     0.036      73      30    46.0    30.0
   103.255    31.006    18.355    34.000     0.034      73      30    48.0    30.0
   103.241    30.993    18.355    34.000     0.034      78      30    50.0    30.0
   103.227    30.980    18.355    34.000     0.039      76      30    52.0    30.0
   103.213    30.967    18.355    34.000     0.034      77      30    54.0    30.0
   103.198    30.953    18.355    34.000     0.026      76      29    56.0    30.0
   103.184    30.940    18.355    34.000     0.020      73      30    58.0    30.0
   103.170    30.927    18.355    34.000     0.018      72      30    60.0    30.0
   103.156    30.914    18.355    34.000     0.015      78      16    62.0    30.0
   103.141    30.901    18.355    34.000     0.013      77      16    64.0    30.0
   103.612    31.312    17.237    34.000     0.048      73       3     0.0    28.0
   103.597    31.299    17.237    34.000     0.038      74       4     2.0    28.0
   103.583    31.286    17.237    34.000     0.033      74       3     4.0    28.0
   103.569    31.273    17.237    34.000     0.020      71       6     6.0    28.0
   103.554    31.260    17.237    34.000     0.012      72       4     8.0    28.0
   103.540    31.246    17.237    34.000     0.007      71       4    10.0    28.0
   103.526    31.233    17.237    34.000     0.009      43      37    12.0    28.0
   103.511    31.220    17.237    34.000     0.012      42      37    14.0    28.0
   103.497    31.207    17.237    34.000     0.014      42      37    16.0    28.0
   103.483    31.194    17.237    34.000     0.024      45      37    18.0    28.0
   103.468    31.181    17.237    34.000     0.032      44      37    20.0    28.0
   103.454    31.167    17.237    34.000     0.030      43      37    22.0    28.0
   103.440    31.154    17.237    34.000     0.031      48      37    24.0    28.0
   103.425    31.141    17.237    34.000     0.036      66      34    26.0    28.0
   103.411    31.128    17.237    34.000     0.039      65      34    28.0    28.0
   103.397    31.115    17.237    34.000     0.041      64      34    30.0    28.0
   103.382    31.102    17.237    34.000     0.039      62      34    32.0    28.0
   103.368    31.088    17.237    34.000     0.043      58      35    34.0    28.0
   103.354    31.075    17.237    34.000     0.037      57      35    36.0    28.0
   103.339    31.062    17.237    34.000     0.029      59      35    38.0    28.0
   103.325    31.049    17.237    34.000     0.032      73      31    40.0    28.0
   103.311    31.036    17.237    34.000     0.035      72      31    42.0    28.0
   103.297    31.022    17.237    34.000     0.028      72      30    44.0    28.0
   103.282    31.009    17.237    34.000     0.027      72      30    46.0    28.0
   103.268    30.996    17.237    34.000     0.023      73      30    48.0    28.0
   103.254    30.983    17.237    34.000     0.019      74      29    50.0    28.0
   103.240    30.970    17.237    34.000     0.011      72      30    52.0    28.0
   103.225    30.956    17.237    34.000     0.009      74      29    54.0    28.0
   103.211    30.943    17.237    34.000     0.006      82      29    56.0    28.0
   103.197    30.930    17.237    34.000     0.006      77      30    58.0    28.0
   103.182    30.917    17.237    34.000     0.007      57       7    60.0    28.0
   103.168    30.904    17.237    34.000     0.009      62      14    62.0    28.0
   103.154    30.890    17.237    34.000     0.010      62      13    64.0    28.0
   103.624    31.302    16.118    34.000     0.026      71       4     0.0    26.0
   103.610    31.289    16.118    34.000     0.020      69       4     2.0    26.0
   103.596    31.276    16.118    34.000     0.018      78       4     4.0    26.0
   103.581    31.263    16.118    34.000     0.013      78       3     6.0    26.0
   103.567    31.249    16.118    34.000     0.009      79       3     8.0    26.0
   103.553    31.236    16.118    34.000     0.006      75       4    10.0    26.0
   103.538    31.223    16.118    34.000     0.009      12       4    12.0    26.0
   103.524    31.210    16.118    34.000     0.011      13      13    14.0    26.0
   103.510    31.197    16.118    34.000     0.015      52      37    16.0    26.0
   103.495    31.184    16.118    34.000     0.019      50      37    18.0    26.0
   103.481    31.170    16.118    34.000     0.031      47      37    20.0    26.0
   103.467    31.157    16.118    34.000     0.033      47      37    22.0    26.0
   103.452    31.144    16.118    34.000     0.033      49      37    24.0    26.0
   103.438    31.131    16.118    34.000     0.034      49      37    26.0    26.0
   103.424    31.118    16.118    34.000     0.037      51      37    28.0    26.0
   103.409    31.105    16.118    34.000     0.036      49      37    30.0    26.0
   103.395    31.091    16.118    34.000     0.033      56      36    32.0    26.0
   103.381    31.078    16.118    34.000     0.033      53      36    34.0    26.0
   103.366    31.065    16.118    34.000     0.025      56      36    36.0    26.0
   103.352    31.052    16.118    34.000     0.022      62      35    38.0    26.0
   103.338    31.039    16.118    34.000     0.019      61      35    40.0    26.0
   103.324    31.025    16.118    34.000     0.012      63      30    42.0    26.0
   103.309    31.012    16.118    34.000     0.009      59      35    44.0    26.0
   103.295    30.999    16.118    34.000     0.006      65      36    46.0    26.0
   103.281    30.986    16.118    34.000     0.006      67      30    48.0    26.0
   103.266    30.973    16.118    34.000     0.005      67      30    50.0    26.0
   103.252    30.959    16.118    34.000     0.005      60      11    52.0    26.0
   103.238    30.946    16.118    34.000     0.008      60      10    54.0    26.0
   103.224    30.933    16.118    34.000     0.010      61      10    56.0    26.0
   103.209    30.920    16.118    34.000     0.010      61      10    58.0    26.0
   103.195    30.907    16.118    34.000     0.011      61       8    60.0    26.0
   103.181    30.893    16.118    34.000     0.012      64      10    62.0    26.0
   103.167    30.880    16.118    34.000     0.016      64       8    64.0    26.0
   103.637    31.292    15.000    34.000     0.018      11      27     0.0    24.0
   103.623    31.279    15.000    34.000     0.011      14      21     2.0    24.0
   103.608    31.266    15.000    34.000     0.009      13      19     4.0    24.0
   103.594    31.252    15.000    34.000     0.006      14      18     6.0    24.0
   103.580    31.239    15.000    34.000     0.009      14      12     8.0    24.0
   103.565    31.226    15.000    34.000     0.011      17       6    10.0    24.0
   103.551    31.213    15.000    34.000     0.018      17       8    12.0    24.0
   103.537    31.200    15.000    34.000     0.023      18       3    14.0    24.0
   103.522    31.187    15.000    34.000     0.029      15       7    16.0    24.0
   103.508    31.173    15.000    34.000     0.038      18       7    18.0    24.0
   103.494    31.160    15.000    34.000     0.044      20       4    20.0    24.0
   103.479    31.147    15.000    34.000     0.037      20       4    22.0    24.0
   103.465    31.134    15.000    34.000     0.042      50      37    24.0    24.0
   103.451    31.121    15.000    34.000     0.043      51      37    26.0    24.0
   103.436    31.107    15.000    34.000     0.035      60      36    28.0    24.0
   103.422    31.094    15.000    34.000     0.037      52      37    30.0    24.0
   103.408    31.081    15.000    34.000     0.043      58      36    32.0    24.0
   103.393    31.068    15.000    34.000     0.032      56      36    34.0    24.0
   103.379    31.055    15.000    34.000     0.026      59      36    36.0    24.0
   103.365    31.042    15.000    34.000     0.017      62      35    38.0    24.0
   103.351    31.028    15.000    34.000     0.011      61      35    40.0    24.0
   103.336    31.015    15.000    34.000     0.008      61      35    42.0    24.0
   103.322    31.002    15.000    34.000     0.006      53      13    44.0    24.0
   103.308    30.989    15.000    34.000     0.007      54       9    46.0    24.0
   103.293    30.976    15.000    34.000     0.011      54       8    48.0    24.0
   103.279    30.962    15.000    34.000     0.010      53       8    50.0    24.0
   103.265    30.949    15.000    34.000     0.011      52       7    52.0    24.0
   103.251    30.936    15.000    34.000     0.007      60      12    54.0    24.0
   103.236    30.923    15.000    34.000     0.007      61      12    56.0    24.0
   103.222    30.910    15.000    34.000     0.007      60      10    58.0    24.0
   103.208    30.896    15.000    34.000     0.007      67      11    60.0    24.0
   103.194    30.883    15.000    34.000     0.006      63      12    62.0    24.0
   103.179    30.870    15.000    34.000     0.007      62      11    64.0    24.0
   103.650    31.282    13.882    34.000     0.021      13      25     0.0    22.0
   103.635    31.268    13.882    34.000     0.017      12      24     2.0    22.0
   103.621    31.255    13.882    34.000     0.016      16      12     4.0    22.0
   103.607    31.242    13.882    34.000     0.018      16      10     6.0    22.0
   103.592    31.229    13.882    34.000     0.028      16       5     8.0    22.0
   103.578    31.216    13.882    34.000     0.040      18       5    10.0    22.0
   103.564    31.203    13.882    34.000     0.041      16       5    12.0    22.0
   103.549    31.189    13.882    34.000     0.049      20       3    14.0    22.0
   103.535    31.176    13.882    34.000     0.052      19       3    16.0    22.0
   103.521    31.163    13.882    34.000     0.042      22       5    18.0    22.0
   103.506    31.150    13.882    34.000     0.032      20       5    20.0    22.0
   103.492    31.137    13.882    34.000     0.034      49      36    22.0    22.0
   103.478    31.124    13.882    34.000     0.027      26       3    24.0    22.0
   103.463    31.110    13.882    34.000     0.029      58      37    26.0    22.0
   103.449    31.097    13.882    34.000     0.029      57      37    28.0    22.0
   103.435    31.084    13.882    34.000     0.028      59      37    30.0    22.0
   103.420    31.071    13.882    34.000     0.025      57      36    32.0    22.0
   103.406    31.058    13.882    34.000     0.026      61      36    34.0    22.0
   103.392    31.045    13.882    34.000     0.020      62      36    36.0    22.0
   103.378    31.031    13.882    34.000     0.016      62      36    38.0    22.0
   103.363    31.018    13.882    34.000     0.015      62      36    40.0    22.0
   103.349    31.005    13.882    34.000     0.009      61      36    42.0    22.0
   103.335    30.992    13.882    34.000     0.008      53      10    44.0    22.0
   103.320    30.979    13.882    34.000     0.011      50       9    46.0    22.0
   103.306    30.965    13.882    34.000     0.012      51      11    48.0    22.0
   103.292    30.952    13.882    34.000     0.013      52      10    50.0    22.0
   103.278    30.939    13.882    34.000     0.011      48      11    52.0    22.0
   103.263    30.926    13.882    34.000     0.012      47      12    54.0    22.0
   103.249    30.913    13.882    34.000     0.016      45      12    56.0    22.0
   103.235    30.899    13.882    34.000     0.013      44      18    58.0    22.0
   103.221    30.886    13.882    34.000     0.011      45      16    60.0    22.0
   103.206    30.873    13.882    34.000     0.010      44      16    62.0    22.0
   103.192    30.860    13.882    34.000     0.006      34      22    64.0    22.0
   103.663    31.271    12.763    34.000     0.029      15      24     0.0    20.0
   103.648    31.258    12.763    34.000     0.034      16      12     2.0    20.0
   103.634    31.245    12.763    34.000     0.035      19      10     4.0    20.0
   103.619    31.232    12.763    34.000     0.037      17       9     6.0    20.0
   103.605    31.219    12.763    34.000     0.042      17       9     8.0    20.0
   103.591    31.206    12.763    34.000     0.043      18       7    10.0    20.0
   103.576    31.192    12.763    34.000     0.035      20       7    12.0    20.0
   103.562    31.179    12.763    34.000     0.034      20       7    14.0    20.0
   103.548    31.166    12.763    34.000     0.042      23       4    16.0    20.0
   103.533    31.153    12.763    34.000     0.034      22       4    18.0    20.0
   103.519    31.140    12.763    34.000     0.026      56      36    20.0    20.0
   103.505    31.127    12.763    34.000     0.025      54      36    22.0    20.0
   103.490    31.113    12.763    34.000     0.018      57      36    24.0    20.0
   103.476    31.100    12.763    34.000     0.017      58      36    26.0    20.0
   103.462    31.087    12.763    34.000     0.015      58      36    28.0    20.0
   103.447    31.074    12.763    34.000     0.014       1      35    30.0    20.0
   103.433    31.061    12.763    34.000     0.012       1      34    32.0    20.0
   103.419    31.048    12.763    34.000     0.012       2      31    34.0    20.0
   103.405    31.034    12.763    34.000     0.015       4      29    36.0    20.0
   103.390    31.021    12.763    34.000     0.017       3      31    38.0    20.0
   103.376    31.008    12.763    34.000     0.020      51      10    40.0    20.0
   103.362    30.995    12.763    34.000     0.023      49      10    42.0    20.0
   103.347    30.982    12.763    34.000     0.027      52       9    44.0    20.0
   103.333    30.968    12.763    34.000     0.036      50       9    46.0    20.0
   103.319    30.955    12.763    34.000     0.036      50      10    48.0    20.0
   103.305    30.942    12.763    34.000     0.023      50      11    50.0    20.0
   103.290    30.929    12.763    34.000     0.025      46      10    52.0    20.0
   103.276    30.916    12.763    34.000     0.017      44      10    54.0    20.0
   103.262    30.902    12.763    34.000     0.015      42      19    56.0    20.0
   103.248    30.889    12.763    34.000     0.015      41      19    58.0    20.0
   103.233    30.876    12.763    34.000     0.015      36      20    60.0    20.0
   103.219    30.863    12.763    34.000     0.016      35      22    62.0    20.0
   103.205    30.850    12.763    34.000     0.017      35      23    64.0    20.0
   103.675    31.261    11.645    34.000     0.027       7      32     0.0    18.0
   103.661    31.248    11.645    34.000     0.024      16      15     2.0    18.0
   103.647    31.235    11.645    34.000     0.026      16      14     4.0    18.0
   103.632    31.222    11.645    34.000     0.026      19      10     6.0    18.0
   103.618    31.209    11.645    34.000     0.037      22       7     8.0    18.0
   103.603    31.195    11.645    34.000     0.031      21       7    10.0    18.0
   103.589    31.182    11.645    34.000     0.023      22       8    12.0    18.0
   103.575    31.169    11.645    34.000     0.018      22       8    14.0    18.0
   103.560    31.156    11.645    34.000     0.016      26       4    16.0    18.0
   103.546    31.143    11.645    34.000     0.013      27       3    18.0    18.0
   103.532    31.130    11.645    34.000     0.008       1      35    20.0    18.0
   103.517    31.116    11.645    34.000     0.008       1      35    22.0    18.0
   103.503    31.103    11.645    34.000     0.007       4      35    24.0    18.0
   103.489    31.090    11.645    34.000     0.017       1      34    26.0    18.0
   103.474    31.077    11.645    34.000     0.022       1      34    28.0    18.0
   103.460    31.064    11.645    34.000     0.020       1      34    30.0    18.0
   103.446    31.051    11.645    34.000     0.020       1      35    32.0    18.0
   103.432    31.037    11.645    34.000     0.020       1      36    34.0    18.0
   103.417    31.024    11.645    34.000     0.020      43       2    36.0    18.0
   103.403    31.011    11.645    34.000     0.015      10      34    38.0    18.0
   103.389    30.998    11.645    34.000     0.017      50      19    40.0    18.0
   103.374    30.985    11.645    34.000     0.017       6      32    42.0    18.0
   103.360    30.971    11.645    34.000     0.014      54      11    44.0    18.0
   103.346    30.958    11.645    34.000     0.015      54      13    46.0    18.0
   103.332    30.945    11.645    34.000     0.016      51      12    48.0    18.0
   103.317    30.932    11.645    34.000     0.011      50      20    50.0    18.0
   103.303    30.919    11.645    34.000     0.010      50      21    52.0    18.0
   103.289    30.905    11.645    34.000     0.011      41      18    54.0    18.0
   103.274    30.892    11.645    34.000     0.013      42      20    56.0    18.0
   103.260    30.879    11.645    34.000     0.013      37      19    58.0    18.0
   103.246    30.866    11.645    34.000     0.013      36      20    60.0    18.0
   103.232    30.853    11.645    34.000     0.014      35      21    62.0    18.0
   103.217    30.839    11.645    34.000     0.015      34      22    64.0    18.0
   103.688    31.251    10.526    34.000     0.048       9      28     0.0    16.0
   103.674    31.238    10.526    34.000     0.042       6      32     2.0    16.0
   103.659    31.225    10.526    34.000     0.031       6      32     4.0    16.0
   103.645    31.211    10.526    34.000     0.031       1      32     6.0    16.0
   103.631    31.198    10.526    34.000     0.028       1      32     8.0    16.0
   103.616    31.185    10.526    34.000     0.029       1      32    10.0    16.0
   103.602    31.172    10.526    34.000     0.038       1      33    12.0    16.0
   103.587    31.159    10.526    34.000     0.036       1      33    14.0    16.0
   103.573    31.146    10.526    34.000     0.026       1      33    16.0    16.0
   103.559    31.132    10.526    34.000     0.020       1      34    18.0    16.0
   103.544    31.119    10.526    34.000     0.014       1      33    20.0    16.0
   103.530    31.106    10.526    34.000     0.010       1      34    22.0    16.0
   103.516    31.093    10.526    34.000     0.009       3      33    24.0    16.0
   103.501    31.080    10.526    34.000     0.009       1      33    26.0    16.0
   103.487    31.067    10.526    34.000     0.011       3      31    28.0    16.0
   103.473    31.053    10.526    34.000     0.014       5      34    30.0    16.0
   103.459    31.040    10.526    34.000     0.017       3      34    32.0    16.0
   103.444    31.027    10.526    34.000     0.019       1      34    34.0    16.0
   103.430    31.014    10.526    34.000     0.020       3      35    36.0    16.0
   103.416    31.001    10.526    34.000     0.021       1      36    38.0    16.0
   103.401    30.988    10.526    34.000     0.020       1      36    40.0    16.0
   103.387    30.974    10.526    34.000     0.032       2      36    42.0    16.0
   103.373    30.961    10.526    34.000     0.034       1      36    44.0    16.0
   103.358    30.948    10.526    34.000     0.021       1      36    46.0    16.0
   103.344    30.935    10.526    34.000     0.013       1      36    48.0    16.0
   103.330    30.922    10.526    34.000     0.009      46      19    50.0    16.0
   103.316    30.908    10.526    34.000     0.009      45      20    52.0    16.0
   103.301    30.895    10.526    34.000     0.010      42      19    54.0    16.0
   103.287    30.882    10.526    34.000     0.011      42      20    56.0    16.0
   103.273    30.869    10.526    34.000     0.011      41      21    58.0    16.0
   103.259    30.856    10.526    34.000     0.012      40      22    60.0    16.0
   103.244    30.842    10.526    34.000     0.014      37      22    62.0    16.0
   103.230    30.829    10.526    34.000     0.012      36      22    64.0    16.0
   103.701    31.241     9.408    34.000     0.075       1      27     0.0    14.0
   103.686    31.228     9.408    34.000     0.087       2      28     2.0    14.0
   103.672    31.214     9.408    34.000     0.094       2      29     4.0    14.0
   103.658    31.201     9.408    34.000     0.083       1      29     6.0    14.0
   103.643    31.188     9.408    34.000     0.081       1      31     8.0    14.0
   103.629    31.175     9.408    34.000     0.074       1      31    10.0    14.0
   103.614    31.162     9.408    34.000     0.049       1      32    12.0    14.0
   103.600    31.149     9.408    34.000     0.037       1      34    14.0    14.0
   103.586    31.135     9.408    34.000     0.033       1      34    16.0    14.0
   103.571    31.122     9.408    34.000     0.024       1      33    18.0    14.0
   103.557    31.109     9.408    34.000     0.015       1      33    20.0    14.0
   103.543    31.096     9.408    34.000     0.009       1      34    22.0    14.0
   103.528    31.083     9.408    34.000     0.007      16      35    24.0    14.0
   103.514    31.070     9.408    34.000     0.008      15      35    26.0    14.0
   103.500    31.056     9.408    34.000     0.008      11      34    28.0    14.0
   103.486    31.043     9.408    34.000     0.010       4      34    30.0    14.0
   103.471    31.030     9.408    34.000     0.014       6      34    32.0    14.0
   103.457    31.017     9.408    34.000     0.015       3      33    34.0    14.0
   103.443    31.004     9.408    34.000     0.017       1      33    36.0    14.0
   103.428    30.991     9.408    34.000     0.019       1      34    38.0    14.0
   103.414    30.977     9.408    34.000     0.021       5      36    40.0    14.0
   103.400    30.964     9.408    34.000     0.025       5      36    42.0    14.0
   103.385    30.951     9.408    34.000     0.028       1      35    44.0    14.0
   103.371    30.938     9.408    34.000     0.039       1      36    46.0    14.0
   103.357    30.925     9.408    34.000     0.050       1      36    48.0    14.0
   103.343    30.911     9.408    34.000     0.045       1      36    50.0    14.0
   103.328    30.898     9.408    34.000     0.025       1      36    52.0    14.0
   103.314    30.885     9.408    34.000     0.014       1      36    54.0    14.0
   103.300    30.872     9.408    34.000     0.010       3      36    56.0    14.0
   103.286    30.859     9.408    34.000     0.009       3      36    58.0    14.0
   103.271    30.845     9.408    34.000     0.007       1      35    60.0    14.0
   103.257    30.832     9.408    34.000     0.007      39      22    62.0    14.0
   103.243    30.819     9.408    34.000     0.007      39      22    64.0    14.0
   103.713    31.230     8.290    34.000     0.087       6      25     0.0    12.0
   103.699    31.217     8.290    34.000     0.099       5      28     2.0    12.0
   103.685    31.204     8.290    34.000     0.119       3      29     4.0    12.0
   103.670    31.191     8.290    34.000     0.142       3      29     6.0    12.0
   103.656    31.178     8.290    34.000     0.133       4      29     8.0    12.0
   103.642    31.165     8.290    34.000     0.106       2      31    10.0    12.0
   103.627    31.152     8.290    34.000     0.098       1      31    12.0    12.0
   103.613    31.138     8.290    34.000     0.075       1      32    14.0    12.0
   103.598    31.125     8.290    34.000     0.044       1      32    16.0    12.0
   103.584    31.112     8.290    34.000     0.029       2      32    18.0    12.0
   103.570    31.099     8.290    34.000     0.023       1      32    20.0    12.0
   103.555    31.086     8.290    34.000     0.021       1      33    22.0    12.0
   103.541    31.073     8.290    34.000     0.016       1      34    24.0    12.0
   103.527    31.059     8.290    34.000     0.013       1      34    26.0    12.0
   103.513    31.046     8.290    34.000     0.014       1      34    28.0    12.0
   103.498    31.033     8.290    34.000     0.013       1      34    30.0    12.0
   103.484    31.020     8.290    34.000     0.012       1      36    32.0    12.0
   103.470    31.007     8.290    34.000     0.013       1      36    34.0    12.0
   103.455    30.994     8.290    34.000     0.016       6      37    36.0    12.0
   103.441    30.980     8.290    34.000     0.021       5      37    38.0    12.0
   103.427    30.967     8.290    34.000     0.022       2      37    40.0    12.0
   103.412    30.954     8.290    34.000     0.041       2      37    42.0    12.0
   103.398    30.941     8.290    34.000     0.054       1      37    44.0    12.0
   103.384    30.928     8.290    34.000     0.066       1      37    46.0    12.0
   103.370    30.914     8.290    34.000     0.083       1      37    48.0    12.0
   103.355    30.901     8.290    34.000     0.084       1      36    50.0    12.0
   103.341    30.888     8.290    34.000     0.071       1      37    52.0    12.0
   103.327    30.875     8.290    34.000     0.034       2      37    54.0    12.0
   103.313    30.862     8.290    34.000     0.013       7      37    56.0    12.0
   103.298    30.848     8.290    34.000     0.009       6      37    58.0    12.0
   103.284    30.835     8.290    34.000     0.006      27       2    60.0    12.0
   103.270    30.822     8.290    34.000     0.005      26       2    62.0    12.0
   103.255    30.809     8.290    34.000     0.004     100       1    64.0    12.0
   103.726    31.220     7.171    34.000     0.076       2      33     0.0    10.0
   103.712    31.207     7.171    34.000     0.083       2      33     2.0    10.0
   103.697    31.194     7.171    34.000     0.099       8      30     4.0    10.0
   103.683    31.181     7.171    34.000     0.113       7      31     6.0    10.0
   103.669    31.168     7.171    34.000     0.120       7      32     8.0    10.0
   103.654    31.154     7.171    34.000     0.114       6      32    10.0    10.0
   103.640    31.141     7.171    34.000     0.083       7      32    12.0    10.0
   103.626    31.128     7.171    34.000     0.067       6      32    14.0    10.0
   103.611    31.115     7.171    34.000     0.047      14      33    16.0    10.0
   103.597    31.102     7.171    34.000     0.036       1      34    18.0    10.0
   103.583    31.089     7.171    34.000     0.021       1      34    20.0    10.0
   103.568    31.075     7.171    34.000     0.017       4      34    22.0    10.0
   103.554    31.062     7.171    34.000     0.016       3      34    24.0    10.0
   103.540    31.049     7.171    34.000     0.023       1      34    26.0    10.0
   103.525    31.036     7.171    34.000     0.027      70       1    28.0    10.0
   103.511    31.023     7.171    34.000     0.022      70       1    30.0    10.0
   103.497    31.010     7.171    34.000     0.017      68       1    32.0    10.0
   103.482    30.996     7.171    34.000     0.015       9      37    34.0    10.0
   103.468    30.983     7.171    34.000     0.022       7      37    36.0    10.0
   103.454    30.970     7.171    34.000     0.019       4      37    38.0    10.0
   103.439    30.957     7.171    34.000     0.031       2      37    40.0    10.0
   103.425    30.944     7.171    34.000     0.037       1      37    42.0    10.0
   103.411    30.931     7.171    34.000     0.039       1      36    44.0    10.0
   103.397    30.917     7.171    34.000     0.042       2      37    46.0    10.0
   103.382    30.904     7.171    34.000     0.052       3      37    48.0    10.0
   103.368    30.891     7.171    34.000     0.052       4      37    50.0    10.0
   103.354    30.878     7.171    34.000     0.054       3      36    52.0    10.0
   103.339    30.865     7.171    34.000     0.030       2      36    54.0    10.0
   103.325    30.851     7.171    34.000     0.018       1      36    56.0    10.0
   103.311    30.838     7.171    34.000     0.008      96       1    58.0    10.0
   103.297    30.825     7.171    34.000     0.004      67      27    60.0    10.0
   103.282    30.812     7.171    34.000     0.004      59      37    62.0    10.0
   103.268    30.799     7.171    34.000     0.004     100       1    64.0    10.0
   103.739    31.210     6.053    34.000     0.085       5      28     0.0     8.0
   103.724    31.197     6.053    34.000     0.100       5      31     2.0     8.0
   103.710    31.184     6.053    34.000     0.093       7      34     4.0     8.0
   103.696    31.171     6.053    34.000     0.102      10      34     6.0     8.0
   103.681    31.157     6.053    34.000     0.114      12      34     8.0     8.0
   103.667    31.144     6.053    34.000     0.119      11      35    10.0     8.0
   103.653    31.131     6.053    34.000     0.115      15      34    12.0     8.0
   103.638    31.118     6.053    34.000     0.114      14      34    14.0     8.0
   103.624    31.105     6.053    34.000     0.102      13      35    16.0     8.0
   103.610    31.092     6.053    34.000     0.076      14      35    18.0     8.0
   103.595    31.078     6.053    34.000     0.051      15      34    20.0     8.0
   103.581    31.065     6.053    34.000     0.040      19      36    22.0     8.0
   103.567    31.052     6.053    34.000     0.038      22      36    24.0     8.0
   103.552    31.039     6.053    34.000     0.056      72       1    26.0     8.0
   103.538    31.026     6.053    34.000     0.059      73       1    28.0     8.0
   103.524    31.013     6.053    34.000     0.059      74       1    30.0     8.0
   103.509    30.999     6.053    34.000     0.046      74       1    32.0     8.0
   103.495    30.986     6.053    34.000     0.037      75       1    34.0     8.0
   103.481    30.973     6.053    34.000     0.022       1      36    36.0     8.0
   103.466    30.960     6.053    34.000     0.022       1      36    38.0     8.0
   103.452    30.947     6.053    34.000     0.027       1      36    40.0     8.0
   103.438    30.934     6.053    34.000     0.028       2      37    42.0     8.0
   103.423    30.920     6.053    34.000     0.032       2      36    44.0     8.0
   103.409    30.907     6.053    34.000     0.030       1      36    46.0     8.0
   103.395    30.894     6.053    34.000     0.022       1      36    48.0     8.0
   103.381    30.881     6.053    34.000     0.018       6      37    50.0     8.0
   103.366    30.868     6.053    34.000     0.017       6      37    52.0     8.0
   103.352    30.854     6.053    34.000     0.011      94       1    54.0     8.0
   103.338    30.841     6.053    34.000     0.012     100       1    56.0     8.0
   103.324    30.828     6.053    34.000     0.014      99       1    58.0     8.0
   103.309    30.815     6.053    34.000     0.009      66      37    60.0     8.0
   103.295    30.802     6.053    34.000     0.009      62      37    62.0     8.0
   103.281    30.788     6.053    34.000     0.010      61      37    64.0     8.0
   103.751    31.200     4.935    34.000     0.073      17      35     0.0     6.0
   103.737    31.187     4.935    34.000     0.089      28      35     2.0     6.0
   103.723    31.173     4.935    34.000     0.096      27      35     4.0     6.0
   103.708    31.160     4.935    34.000     0.105      13      35     6.0     6.0
   103.694    31.147     4.935    34.000     0.108      18      36     8.0     6.0
   103.680    31.134     4.935    34.000     0.120      19      36    10.0     6.0
   103.665    31.121     4.935    34.000     0.138      23      35    12.0     6.0
   103.651    31.108     4.935    34.000     0.139      22      36    14.0     6.0
   103.637    31.095     4.935    34.000     0.122      21      36    16.0     6.0
   103.622    31.081     4.935    34.000     0.117      20      36    18.0     6.0
   103.608    31.068     4.935    34.000     0.112      18      36    20.0     6.0
   103.594    31.055     4.935    34.000     0.116      16      36    22.0     6.0
   103.579    31.042     4.935    34.000     0.101      14      36    24.0     6.0
   103.565    31.029     4.935    34.000     0.077      16      36    26.0     6.0
   103.551    31.016     4.935    34.000     0.058      18      36    28.0     6.0
   103.536    31.002     4.935    34.000     0.053      75       1    30.0     6.0
   103.522    30.989     4.935    34.000     0.042      74       1    32.0     6.0
   103.508    30.976     4.935    34.000     0.037      80       1    34.0     6.0
   103.493    30.963     4.935    34.000     0.027      83       1    36.0     6.0
   103.479    30.950     4.935    34.000     0.027       1      36    38.0     6.0
   103.465    30.937     4.935    34.000     0.026       1      36    40.0     6.0
   103.450    30.923     4.935    34.000     0.029       1      36    42.0     6.0
   103.436    30.910     4.935    34.000     0.018       1      36    44.0     6.0
   103.422    30.897     4.935    34.000     0.012       1      36    46.0     6.0
   103.408    30.884     4.935    34.000     0.010       1      36    48.0     6.0
   103.393    30.871     4.935    34.000     0.008       2      36    50.0     6.0
   103.379    30.857     4.935    34.000     0.004       1      36    52.0     6.0
   103.365    30.844     4.935    34.000     0.003      98       1    54.0     6.0
   103.351    30.831     4.935    34.000     0.003      98       1    56.0     6.0
   103.336    30.818     4.935    34.000     0.005      75      37    58.0     6.0
   103.322    30.805     4.935    34.000     0.006      73      37    60.0     6.0
   103.308    30.791     4.935    34.000     0.005      71      37    62.0     6.0
   103.294    30.778     4.935    34.000     0.010      70      37    64.0     6.0
   103.764    31.189     3.816    34.000     0.084      21      36     0.0     4.0
   103.750    31.176     3.816    34.000     0.075      23      36     2.0     4.0
   103.735    31.163     3.816    34.000     0.085      26      36     4.0     4.0
   103.721    31.150     3.816    34.000     0.089      26      36     6.0     4.0
   103.707    31.137     3.816    34.000     0.111      22      35     8.0     4.0
   103.692    31.124     3.816    34.000     0.128      23      36    10.0     4.0
   103.678    31.111     3.816    34.000     0.131      22      36    12.0     4.0
   103.664    31.097     3.816    34.000     0.127      22      36    14.0     4.0
   103.649    31.084     3.816    34.000     0.102      22      36    16.0     4.0
   103.635    31.071     3.816    34.000     0.091      23      37    18.0     4.0
   103.621    31.058     3.816    34.000     0.084      27      36    20.0     4.0
   103.606    31.045     3.816    34.000     0.075      26      36    22.0     4.0
   103.592    31.032     3.816    34.000     0.059      12      35    24.0     4.0
   103.578    31.018     3.816    34.000     0.056      13      36    26.0     4.0
   103.563    31.005     3.816    34.000     0.056       1      33    28.0     4.0
   103.549    30.992     3.816    34.000     0.065       1      32    30.0     4.0
   103.535    30.979     3.816    34.000     0.064       1      33    32.0     4.0
   103.520    30.966     3.816    34.000     0.066       1      34    34.0     4.0
   103.506    30.953     3.816    34.000     0.061       1      35    36.0     4.0
   103.492    30.939     3.816    34.000     0.047       1      35    38.0     4.0
   103.477    30.926     3.816    34.000     0.027       1      35    40.0     4.0
   103.463    30.913     3.816    34.000     0.018       1      34    42.0     4.0
   103.449    30.900     3.816    34.000     0.017       1      35    44.0     4.0
   103.435    30.887     3.816    34.000     0.021       1      35    46.0     4.0
   103.420    30.874     3.816    34.000     0.016       1      35    48.0     4.0
   103.406    30.860     3.816    34.000     0.012       1      35    50.0     4.0
   103.392    30.847     3.816    34.000     0.011       1      35    52.0     4.0
   103.377    30.834     3.816    34.000     0.013       1      35    54.0     4.0
   103.363    30.821     3.816    34.000     0.010       1      36    56.0     4.0
   103.349    30.808     3.816    34.000     0.007       1      35    58.0     4.0
   103.335    30.794     3.816    34.000     0.007      85      30    60.0     4.0
   103.320    30.781     3.816    34.000     0.007      76      30    62.0     4.0
   103.306    30.768     3.816    34.000     0.007      74      29    64.0     4.0
   103.777    31.179     2.698    34.000     0.058      26      34     0.0     2.0
   103.762    31.166     2.698    34.000     0.052      27      35     2.0     2.0
   103.748    31.153     2.698    34.000     0.060      23      35     4.0     2.0
   103.734    31.140     2.698    34.000     0.067      26      35     6.0     2.0
   103.719    31.127     2.698    34.000     0.072      27      36     8.0     2.0
   103.705    31.114     2.698    34.000     0.081      27      36    10.0     2.0
   103.691    31.100     2.698    34.000     0.071      28      36    12.0     2.0
   103.676    31.087     2.698    34.000     0.067      25      36    14.0     2.0
   103.662    31.074     2.698    34.000     0.052      25      36    16.0     2.0
   103.648    31.061     2.698    34.000     0.049      29      36    18.0     2.0
   103.633    31.048     2.698    34.000     0.040      30      37    20.0     2.0
   103.619    31.035     2.698    34.000     0.037       1      32    22.0     2.0
   103.605    31.021     2.698    34.000     0.047      15      35    24.0     2.0
   103.590    31.008     2.698    34.000     0.043       1      30    26.0     2.0
   103.576    30.995     2.698    34.000     0.049       1      32    28.0     2.0
   103.562    30.982     2.698    34.000     0.050       2      33    30.0     2.0
   103.547    30.969     2.698    34.000     0.046       4      33    32.0     2.0
   103.533    30.956     2.698    34.000     0.053       5      34    34.0     2.0
   103.519    30.942     2.698    34.000     0.049       5      34    36.0     2.0
   103.504    30.929     2.698    34.000     0.049       1      34    38.0     2.0
   103.490    30.916     2.698    34.000     0.050       1      34    40.0     2.0
   103.476    30.903     2.698    34.000     0.053       1      35    42.0     2.0
   103.462    30.890     2.698    34.000     0.036       1      35    44.0     2.0
   103.447    30.877     2.698    34.000     0.025       1      35    46.0     2.0
   103.433    30.863     2.698    34.000     0.022       1      34    48.0     2.0
   103.419    30.850     2.698    34.000     0.020      82      18    50.0     2.0
   103.404    30.837     2.698    34.000     0.024      82      20    52.0     2.0
   103.390    30.824     2.698    34.000     0.024      83      16    54.0     2.0
   103.376    30.811     2.698    34.000     0.022      83      19    56.0     2.0
   103.362    30.797     2.698    34.000     0.023      83      25    58.0     2.0
   103.347    30.784     2.698    34.000     0.021      83      27    60.0     2.0
   103.333    30.771     2.698    34.000     0.017      83      28    62.0     2.0
   103.319    30.758     2.698    34.000     0.010      78      26    64.0     2.0
   103.789    31.169     1.579    34.000     0.041      29      35     0.0     0.0
   103.775    31.156     1.579    34.000     0.051      25      35     2.0     0.0
   103.761    31.143     1.579    34.000     0.054      27      35     4.0     0.0
   103.746    31.130     1.579    34.000     0.062       2       7     6.0     0.0
   103.732    31.116     1.579    34.000     0.064       1       8     8.0     0.0
   103.718    31.103     1.579    34.000     0.056       1       9    10.0     0.0
   103.703    31.090     1.579    34.000     0.052       1      10    12.0     0.0
   103.689    31.077     1.579    34.000     0.049       1      11    14.0     0.0
   103.675    31.064     1.579    34.000     0.043       1      12    16.0     0.0
   103.660    31.051     1.579    34.000     0.039       1      15    18.0     0.0
   103.646    31.038     1.579    34.000     0.039       1      29    20.0     0.0
   103.632    31.024     1.579    34.000     0.042       1      29    22.0     0.0
   103.617    31.011     1.579    34.000     0.054       1      30    24.0     0.0
   103.603    30.998     1.579    34.000     0.056       1      31    26.0     0.0
   103.589    30.985     1.579    34.000     0.060       1      31    28.0     0.0
   103.574    30.972     1.579    34.000     0.059       1      32    30.0     0.0
   103.560    30.959     1.579    34.000     0.059       1      32    32.0     0.0
   103.546    30.945     1.579    34.000     0.051       1      32    34.0     0.0
   103.531    30.932     1.579    34.000     0.054       1      33    36.0     0.0
   103.517    30.919     1.579    34.000     0.067       1      33    38.0     0.0
   103.503    30.906     1.579    34.000     0.070       1      32    40.0     0.0
   103.488    30.893     1.579    34.000     0.071       1      33    42.0     0.0
   103.474    30.880     1.579    34.000     0.062       1      34    44.0     0.0
   103.460    30.866     1.579    34.000     0.039       1      34    46.0     0.0
   103.446    30.853     1.579    34.000     0.031       1      34    48.0     0.0
   103.431    30.840     1.579    34.000     0.019      85      12    50.0     0.0
   103.417    30.827     1.579    34.000     0.025      86      16    52.0     0.0
   103.403    30.814     1.579    34.000     0.024      86      18    54.0     0.0
   103.389    30.800     1.579    34.000     0.027      86      20    56.0     0.0
   103.374    30.787     1.579    34.000     0.023      86      23    58.0     0.0
   103.360    30.774     1.579    34.000     0.016      86      25    60.0     0.0
   103.346    30.761     1.579    34.000     0.011      86      27    62.0     0.0
   103.332    30.748     1.579    34.000     0.008      85      28    64.0     0.0
