   104.262    31.926    33.161    54.000     0.002      41      23     0.0    40.0
   104.247    31.913    33.161    54.000     0.002      45      15     2.0    40.0
   104.233    31.900    33.161    54.000     0.003      48      16     4.0    40.0
   104.218    31.887    33.161    54.000     0.005      45      22     6.0    40.0
   104.203    31.874    33.161    54.000     0.004      44      25     8.0    40.0
   104.189    31.861    33.161    54.000     0.002      44      22    10.0    40.0
   104.174    31.848    33.161    54.000     0.002      39      28    12.0    40.0
   104.159    31.835    33.161    54.000     0.001      40      29    14.0    40.0
   104.145    31.822    33.161    54.000     0.001      37      24    16.0    40.0
   104.130    31.809    33.161    54.000     0.001      48      29    18.0    40.0
   104.115    31.796    33.161    54.000     0.001      80      37    20.0    40.0
   104.101    31.783    33.161    54.000     0.002      79      37    22.0    40.0
   104.086    31.770    33.161    54.000     0.002      77      37    24.0    40.0
   104.071    31.757    33.161    54.000     0.002      74      37    26.0    40.0
   104.271    31.919    31.543    54.000     0.003      59      16     0.0    38.0
   104.256    31.906    31.543    54.000     0.003      60      15     2.0    38.0
   104.242    31.893    31.543    54.000     0.002       2       3     4.0    38.0
   104.227    31.880    31.543    54.000     0.002       1       3     6.0    38.0
   104.212    31.867    31.543    54.000     0.002       1       3     8.0    38.0
   104.198    31.854    31.543    54.000     0.001       2       3    10.0    38.0
   104.183    31.841    31.543    54.000     0.001       3       3    12.0    38.0
   104.168    31.828    31.543    54.000     0.001       1       3    14.0    38.0
   104.154    31.815    31.543    54.000     0.001      85      37    16.0    38.0
   104.139    31.802    31.543    54.000     0.001      81      37    18.0    38.0
   104.124    31.789    31.543    54.000     0.001      83      37    20.0    38.0
   104.110    31.776    31.543    54.000     0.001      83      37    22.0    38.0
   104.095    31.763    31.543    54.000     0.001      80      37    24.0    38.0
   104.080    31.750    31.543    54.000     0.002     100      36    26.0    38.0
   104.280    31.911    29.925    54.000     0.006       9       2     0.0    36.0
   104.265    31.898    29.925    54.000     0.006      10       2     2.0    36.0
   104.251    31.885    29.925    54.000     0.003       8       2     4.0    36.0
   104.236    31.872    29.925    54.000     0.002       6       2     6.0    36.0
   104.221    31.859    29.925    54.000     0.002       3       2     8.0    36.0
   104.207    31.846    29.925    54.000     0.002       1       2    10.0    36.0
   104.192    31.833    29.925    54.000     0.002      29      10    12.0    36.0
   104.177    31.820    29.925    54.000     0.002      27       8    14.0    36.0
   104.163    31.807    29.925    54.000     0.002      29       8    16.0    36.0
   104.148    31.794    29.925    54.000     0.002      31       9    18.0    36.0
   104.133    31.781    29.925    54.000     0.001      16       9    20.0    36.0
   104.119    31.768    29.925    54.000     0.002      19      12    22.0    36.0
   104.104    31.755    29.925    54.000     0.003      20      12    24.0    36.0
   104.089    31.742    29.925    54.000     0.003      20      11    26.0    36.0
   104.289    31.904    28.307    54.000     0.002      67      13     0.0    34.0
   104.274    31.891    28.307    54.000     0.003      69      13     2.0    34.0
   104.260    31.878    28.307    54.000     0.002      68      14     4.0    34.0
   104.245    31.865    28.307    54.000     0.003      31       9     6.0    34.0
   104.230    31.852    28.307    54.000     0.005      33      11     8.0    34.0
   104.216    31.839    28.307    54.000     0.004      35      10    10.0    34.0
   104.201    31.826    28.307    54.000     0.003      33      11    12.0    34.0
   104.186    31.813    28.307    54.000     0.004      31      11    14.0    34.0
   104.172    31.800    28.307    54.000     0.005      26      21    16.0    34.0
   104.157    31.787    28.307    54.000     0.008      27      23    18.0    34.0
   104.142    31.774    28.307    54.000     0.008      25      22    20.0    34.0
   104.128    31.761    28.307    54.000     0.007      25      22    22.0    34.0
   104.113    31.748    28.307    54.000     0.008      24      13    24.0    34.0
   104.098    31.735    28.307    54.000     0.005      24       8    26.0    34.0
   104.298    31.896    26.689    54.000     0.003      23      14     0.0    32.0
   104.283    31.884    26.689    54.000     0.003      29      13     2.0    32.0
   104.269    31.871    26.689    54.000     0.003      29      12     4.0    32.0
   104.254    31.858    26.689    54.000     0.002      28      12     6.0    32.0
   104.239    31.845    26.689    54.000     0.002      28      12     8.0    32.0
   104.224    31.832    26.689    54.000     0.003      28      13    10.0    32.0
   104.210    31.819    26.689    54.000     0.004      28      15    12.0    32.0
   104.195    31.806    26.689    54.000     0.006      27      15    14.0    32.0
   104.180    31.793    26.689    54.000     0.007      27      17    16.0    32.0
   104.166    31.780    26.689    54.000     0.007      26      18    18.0    32.0
   104.151    31.767    26.689    54.000     0.007      26      20    20.0    32.0
   104.137    31.754    26.689    54.000     0.007      26      19    22.0    32.0
   104.122    31.741    26.689    54.000     0.006      26      21    24.0    32.0
   104.107    31.728    26.689    54.000     0.005      30      17    26.0    32.0
   104.307    31.889    25.071    54.000     0.002      25      14     0.0    30.0
   104.292    31.876    25.071    54.000     0.001      21      17     2.0    30.0
   104.277    31.863    25.071    54.000     0.001      36      13     4.0    30.0
   104.263    31.850    25.071    54.000     0.001      35      12     6.0    30.0
   104.248    31.837    25.071    54.000     0.001      31      14     8.0    30.0
   104.233    31.824    25.071    54.000     0.001      25      16    10.0    30.0
   104.219    31.811    25.071    54.000     0.002      25      17    12.0    30.0
   104.204    31.798    25.071    54.000     0.002      23      11    14.0    30.0
   104.189    31.785    25.071    54.000     0.002      22      10    16.0    30.0
   104.175    31.772    25.071    54.000     0.003      25      12    18.0    30.0
   104.160    31.759    25.071    54.000     0.003      11      22    20.0    30.0
   104.145    31.746    25.071    54.000     0.002      14      26    22.0    30.0
   104.131    31.733    25.071    54.000     0.003      34      14    24.0    30.0
   104.116    31.720    25.071    54.000     0.003      16      25    26.0    30.0
   104.316    31.882    23.452    54.000     0.000      32      10     0.0    28.0
   104.301    31.869    23.452    54.000     0.000      49      30     2.0    28.0
   104.286    31.856    23.452    54.000     0.000      41      19     4.0    28.0
   104.272    31.843    23.452    54.000     0.000      48      27     6.0    28.0
   104.257    31.830    23.452    54.000     0.000      50      29     8.0    28.0
   104.242    31.817    23.452    54.000     0.001      31      17    10.0    28.0
   104.228    31.804    23.452    54.000     0.001      32      16    12.0    28.0
   104.213    31.791    23.452    54.000     0.001      75       1    14.0    28.0
   104.198    31.778    23.452    54.000     0.002      18      26    16.0    28.0
   104.184    31.765    23.452    54.000     0.004      17      24    18.0    28.0
   104.169    31.752    23.452    54.000     0.005      15      24    20.0    28.0
   104.154    31.739    23.452    54.000     0.004      15      22    22.0    28.0
   104.140    31.726    23.452    54.000     0.004      15      21    24.0    28.0
   104.125    31.713    23.452    54.000     0.004      17      20    26.0    28.0
   104.325    31.874    21.834    54.000     0.001      32       7     0.0    26.0
   104.310    31.861    21.834    54.000     0.000      38       7     2.0    26.0
   104.295    31.848    21.834    54.000     0.000      45      24     4.0    26.0
   104.281    31.835    21.834    54.000     0.000      46       9     6.0    26.0
   104.266    31.823    21.834    54.000     0.001      82       1     8.0    26.0
   104.251    31.810    21.834    54.000     0.001      35      37    10.0    26.0
   104.237    31.797    21.834    54.000     0.001      36      37    12.0    26.0
   104.222    31.784    21.834    54.000     0.001      77       1    14.0    26.0
   104.207    31.771    21.834    54.000     0.002      80       1    16.0    26.0
   104.193    31.758    21.834    54.000     0.002      80       1    18.0    26.0
   104.178    31.745    21.834    54.000     0.002      82       1    20.0    26.0
   104.163    31.732    21.834    54.000     0.003      18      21    22.0    26.0
   104.149    31.719    21.834    54.000     0.004      18      21    24.0    26.0
   104.134    31.706    21.834    54.000     0.003      16      21    26.0    26.0
   104.334    31.867    20.216    54.000     0.001      39       6     0.0    24.0
   104.319    31.854    20.216    54.000     0.001      55      22     2.0    24.0
   104.304    31.841    20.216    54.000     0.001      53      22     4.0    24.0
   104.290    31.828    20.216    54.000     0.002      51      23     6.0    24.0
   104.275    31.815    20.216    54.000     0.003      49      22     8.0    24.0
   104.260    31.802    20.216    54.000     0.003      43      21    10.0    24.0
   104.246    31.789    20.216    54.000     0.004      44      20    12.0    24.0
   104.231    31.776    20.216    54.000     0.005      45      20    14.0    24.0
   104.216    31.763    20.216    54.000     0.004      37      21    16.0    24.0
   104.202    31.750    20.216    54.000     0.004      36      22    18.0    24.0
   104.187    31.737    20.216    54.000     0.004      35      22    20.0    24.0
   104.172    31.724    20.216    54.000     0.004      35      22    22.0    24.0
   104.158    31.711    20.216    54.000     0.005      46       9    24.0    24.0
   104.143    31.698    20.216    54.000     0.004      31      22    26.0    24.0
   104.343    31.860    18.598    54.000     0.003      34      20     0.0    22.0
   104.328    31.847    18.598    54.000     0.003      34      19     2.0    22.0
   104.313    31.834    18.598    54.000     0.003      38      20     4.0    22.0
   104.298    31.821    18.598    54.000     0.004      38      20     6.0    22.0
   104.284    31.808    18.598    54.000     0.005      44      20     8.0    22.0
   104.269    31.795    18.598    54.000     0.005      45      19    10.0    22.0
   104.254    31.782    18.598    54.000     0.004      50      21    12.0    22.0
   104.240    31.769    18.598    54.000     0.005      37      22    14.0    22.0
   104.225    31.756    18.598    54.000     0.005      37      24    16.0    22.0
   104.210    31.743    18.598    54.000     0.007      39      23    18.0    22.0
   104.196    31.730    18.598    54.000     0.007      38      22    20.0    22.0
   104.181    31.717    18.598    54.000     0.006      41      22    22.0    22.0
   104.167    31.704    18.598    54.000     0.006      39      21    24.0    22.0
   104.152    31.691    18.598    54.000     0.006      34      22    26.0    22.0
   104.351    31.852    16.980    54.000     0.003      43      20     0.0    20.0
   104.337    31.839    16.980    54.000     0.004      44      18     2.0    20.0
   104.322    31.826    16.980    54.000     0.003      45      17     4.0    20.0
   104.307    31.813    16.980    54.000     0.003      45      17     6.0    20.0
   104.293    31.800    16.980    54.000     0.004      50      35     8.0    20.0
   104.278    31.787    16.980    54.000     0.004      49      35    10.0    20.0
   104.263    31.774    16.980    54.000     0.004      49      35    12.0    20.0
   104.249    31.761    16.980    54.000     0.004      47      34    14.0    20.0
   104.234    31.749    16.980    54.000     0.005      40      24    16.0    20.0
   104.219    31.736    16.980    54.000     0.006      42      23    18.0    20.0
   104.205    31.723    16.980    54.000     0.006      41      23    20.0    20.0
   104.190    31.710    16.980    54.000     0.006      41      22    22.0    20.0
   104.175    31.697    16.980    54.000     0.006      41      22    24.0    20.0
   104.161    31.684    16.980    54.000     0.004      40      21    26.0    20.0
   104.360    31.845    15.362    54.000     0.002      46      19     0.0    18.0
   104.346    31.832    15.362    54.000     0.001      64      34     2.0    18.0
   104.331    31.819    15.362    54.000     0.002      53      35     4.0    18.0
   104.316    31.806    15.362    54.000     0.003      49      36     6.0    18.0
   104.302    31.793    15.362    54.000     0.004      51      36     8.0    18.0
   104.287    31.780    15.362    54.000     0.005      52      35    10.0    18.0
   104.272    31.767    15.362    54.000     0.005      53      35    12.0    18.0
   104.258    31.754    15.362    54.000     0.004      52      35    14.0    18.0
   104.243    31.741    15.362    54.000     0.004      51      35    16.0    18.0
   104.228    31.728    15.362    54.000     0.004      50      34    18.0    18.0
   104.214    31.715    15.362    54.000     0.003      52      34    20.0    18.0
   104.199    31.702    15.362    54.000     0.004      51      33    22.0    18.0
   104.184    31.689    15.362    54.000     0.004     100       8    24.0    18.0
   104.170    31.676    15.362    54.000     0.004      95       7    26.0    18.0
   104.369    31.838    13.744    54.000     0.001      51      36     0.0    16.0
   104.355    31.825    13.744    54.000     0.002      57      35     2.0    16.0
   104.340    31.812    13.744    54.000     0.003      59      36     4.0    16.0
   104.325    31.799    13.744    54.000     0.004      56      35     6.0    16.0
   104.311    31.786    13.744    54.000     0.006      58      36     8.0    16.0
   104.296    31.773    13.744    54.000     0.006      59      36    10.0    16.0
   104.281    31.760    13.744    54.000     0.004      58      36    12.0    16.0
   104.267    31.747    13.744    54.000     0.004      59      36    14.0    16.0
   104.252    31.734    13.744    54.000     0.004      56      36    16.0    16.0
   104.237    31.721    13.744    54.000     0.004      56      34    18.0    16.0
   104.223    31.708    13.744    54.000     0.004      57      35    20.0    16.0
   104.208    31.695    13.744    54.000     0.004      58      35    22.0    16.0
   104.193    31.682    13.744    54.000     0.009      59      35    24.0    16.0
   104.179    31.669    13.744    54.000     0.010      60      36    26.0    16.0
   104.378    31.830    12.126    54.000     0.001      62      10     0.0    14.0
   104.364    31.817    12.126    54.000     0.001      64      35     2.0    14.0
   104.349    31.804    12.126    54.000     0.003      64      35     4.0    14.0
   104.334    31.791    12.126    54.000     0.004      67      35     6.0    14.0
   104.320    31.778    12.126    54.000     0.005      67      35     8.0    14.0
   104.305    31.765    12.126    54.000     0.005      67      35    10.0    14.0
   104.290    31.752    12.126    54.000     0.005      71      35    12.0    14.0
   104.275    31.739    12.126    54.000     0.005      72      35    14.0    14.0
   104.261    31.726    12.126    54.000     0.005      70      35    16.0    14.0
   104.246    31.713    12.126    54.000     0.005      64      36    18.0    14.0
   104.232    31.700    12.126    54.000     0.006      64      36    20.0    14.0
   104.217    31.688    12.126    54.000     0.005      66      35    22.0    14.0
   104.202    31.675    12.126    54.000     0.005      64      35    24.0    14.0
   104.188    31.662    12.126    54.000     0.003      63      35    26.0    14.0
   104.387    31.823    10.508    54.000     0.002      66      36     0.0    12.0
   104.372    31.810    10.508    54.000     0.001      59      35     2.0    12.0
   104.358    31.797    10.508    54.000     0.002      72      36     4.0    12.0
   104.343    31.784    10.508    54.000     0.003      75      35     6.0    12.0
   104.328    31.771    10.508    54.000     0.005      74      35     8.0    12.0
   104.314    31.758    10.508    54.000     0.005      74      35    10.0    12.0
   104.299    31.745    10.508    54.000     0.006      72      35    12.0    12.0
   104.284    31.732    10.508    54.000     0.005      73      35    14.0    12.0
   104.270    31.719    10.508    54.000     0.005      67      36    16.0    12.0
   104.255    31.706    10.508    54.000     0.006      68      36    18.0    12.0
   104.240    31.693    10.508    54.000     0.004      68      36    20.0    12.0
   104.226    31.680    10.508    54.000     0.003      68      36    22.0    12.0
   104.211    31.667    10.508    54.000     0.002      67      36    24.0    12.0
   104.197    31.654    10.508    54.000     0.001      83      18    26.0    12.0
   104.396    31.815     8.890    54.000     0.003      80      10     0.0    10.0
   104.381    31.802     8.890    54.000     0.002      67      34     2.0    10.0
   104.367    31.789     8.890    54.000     0.003      77      36     4.0    10.0
   104.352    31.777     8.890    54.000     0.004      76      36     6.0    10.0
   104.337    31.764     8.890    54.000     0.003      75      36     8.0    10.0
   104.323    31.751     8.890    54.000     0.005      77      33    10.0    10.0
   104.308    31.738     8.890    54.000     0.005      76      34    12.0    10.0
   104.293    31.725     8.890    54.000     0.004      78      35    14.0    10.0
   104.279    31.712     8.890    54.000     0.003      73      34    16.0    10.0
   104.264    31.699     8.890    54.000     0.003      71      34    18.0    10.0
   104.249    31.686     8.890    54.000     0.003      70      34    20.0    10.0
   104.235    31.673     8.890    54.000     0.003      80      36    22.0    10.0
   104.220    31.660     8.890    54.000     0.004      49      35    24.0    10.0
   104.205    31.647     8.890    54.000     0.004      50      35    26.0    10.0
   104.405    31.808     7.272    54.000     0.005      80      15     0.0     8.0
   104.390    31.795     7.272    54.000     0.003      79      16     2.0     8.0
   104.376    31.782     7.272    54.000     0.002      71      15     4.0     8.0
   104.361    31.769     7.272    54.000     0.003      72      16     6.0     8.0
   104.346    31.756     7.272    54.000     0.004      72      18     8.0     8.0
   104.332    31.743     7.272    54.000     0.004      71      21    10.0     8.0
   104.317    31.730     7.272    54.000     0.005      72      35    12.0     8.0
   104.302    31.717     7.272    54.000     0.004      74      23    14.0     8.0
   104.288    31.704     7.272    54.000     0.005      78      33    16.0     8.0
   104.273    31.691     7.272    54.000     0.005      78      34    18.0     8.0
   104.258    31.678     7.272    54.000     0.005      73      23    20.0     8.0
   104.244    31.665     7.272    54.000     0.005      73      24    22.0     8.0
   104.229    31.652     7.272    54.000     0.005      73      25    24.0     8.0
   104.214    31.639     7.272    54.000     0.004      78      23    26.0     8.0
   104.414    31.801     5.654    54.000     0.002      81      16     0.0     6.0
   104.399    31.788     5.654    54.000     0.003      72       7     2.0     6.0
   104.385    31.775     5.654    54.000     0.003      86      23     4.0     6.0
   104.370    31.762     5.654    54.000     0.003      86      25     6.0     6.0
   104.355    31.749     5.654    54.000     0.003      72      10     8.0     6.0
   104.341    31.736     5.654    54.000     0.003      72      13    10.0     6.0
   104.326    31.723     5.654    54.000     0.003      66       3    12.0     6.0
   104.311    31.710     5.654    54.000     0.003      67       4    14.0     6.0
   104.297    31.697     5.654    54.000     0.003      65      20    16.0     6.0
   104.282    31.684     5.654    54.000     0.003      65      24    18.0     6.0
   104.267    31.671     5.654    54.000     0.003      66      11    20.0     6.0
   104.253    31.658     5.654    54.000     0.004      73      29    22.0     6.0
   104.238    31.645     5.654    54.000     0.005      65      18    24.0     6.0
   104.223    31.632     5.654    54.000     0.005      66      19    26.0     6.0
   104.423    31.793     4.036    54.000     0.002      75       6     0.0     4.0
   104.408    31.780     4.036    54.000     0.002      74       7     2.0     4.0
   104.393    31.767     4.036    54.000     0.003      76       8     4.0     4.0
   104.379    31.754     4.036    54.000     0.003      67       3     6.0     4.0
   104.364    31.741     4.036    54.000     0.006      63       3     8.0     4.0
   104.349    31.728     4.036    54.000     0.009      62       3    10.0     4.0
   104.335    31.716     4.036    54.000     0.008      65       7    12.0     4.0
   104.320    31.703     4.036    54.000     0.007      65       7    14.0     4.0
   104.305    31.690     4.036    54.000     0.008      72       3    16.0     4.0
   104.291    31.677     4.036    54.000     0.009      72       3    18.0     4.0
   104.276    31.664     4.036    54.000     0.008      65      14    20.0     4.0
   104.261    31.651     4.036    54.000     0.009      65      17    22.0     4.0
   104.247    31.638     4.036    54.000     0.009      66      20    24.0     4.0
   104.232    31.625     4.036    54.000     0.011      69      21    26.0     4.0
   104.432    31.786     2.418    54.000     0.001      61       4     0.0     2.0
   104.417    31.773     2.418    54.000     0.002      64       4     2.0     2.0
   104.402    31.760     2.418    54.000     0.003      72       4     4.0     2.0
   104.388    31.747     2.418    54.000     0.005      69       4     6.0     2.0
   104.373    31.734     2.418    54.000     0.008      70       4     8.0     2.0
   104.358    31.721     2.418    54.000     0.013      68       5    10.0     2.0
   104.344    31.708     2.418    54.000     0.012      68       5    12.0     2.0
   104.329    31.695     2.418    54.000     0.013      73       5    14.0     2.0
   104.314    31.682     2.418    54.000     0.013      66       7    16.0     2.0
   104.300    31.669     2.418    54.000     0.013      73       6    18.0     2.0
   104.285    31.656     2.418    54.000     0.013      72       7    20.0     2.0
   104.270    31.643     2.418    54.000     0.012      71       8    22.0     2.0
   104.256    31.630     2.418    54.000     0.012      71       9    24.0     2.0
   104.241    31.617     2.418    54.000     0.013      68      23    26.0     2.0
   104.441    31.779     0.800    54.000     0.001      77       7     0.0     0.0
   104.426    31.766     0.800    54.000     0.001      75      34     2.0     0.0
   104.411    31.753     0.800    54.000     0.002      78       6     4.0     0.0
   104.397    31.740     0.800    54.000     0.004      81       6     6.0     0.0
   104.382    31.727     0.800    54.000     0.006      79       6     8.0     0.0
   104.367    31.714     0.800    54.000     0.009      82       5    10.0     0.0
   104.353    31.701     0.800    54.000     0.009      83       6    12.0     0.0
   104.338    31.688     0.800    54.000     0.010      81       7    14.0     0.0
   104.323    31.675     0.800    54.000     0.010      82       7    16.0     0.0
   104.309    31.662     0.800    54.000     0.010      75       8    18.0     0.0
   104.294    31.649     0.800    54.000     0.010      74       9    20.0     0.0
   104.279    31.636     0.800    54.000     0.010      76       8    22.0     0.0
   104.265    31.623     0.800    54.000     0.011      72      22    24.0     0.0
   104.250    31.610     0.800    54.000     0.012      72      25    26.0     0.0
