   104.700    32.381    33.161    54.000     0.019     100      14     0.0    40.0
   104.685    32.368    33.161    54.000     0.009      98      19     2.0    40.0
   104.670    32.355    33.161    54.000     0.007      97       8     4.0    40.0
   104.655    32.342    33.161    54.000     0.007      42       2     6.0    40.0
   104.641    32.329    33.161    54.000     0.006      26       6     8.0    40.0
   104.626    32.316    33.161    54.000     0.006      43      27    10.0    40.0
   104.611    32.303    33.161    54.000     0.007      41      27    12.0    40.0
   104.596    32.290    33.161    54.000     0.009      41      26    14.0    40.0
   104.581    32.278    33.161    54.000     0.015      32      32    16.0    40.0
   104.567    32.265    33.161    54.000     0.030      36      27    18.0    40.0
   104.552    32.252    33.161    54.000     0.047      36      27    20.0    40.0
   104.537    32.239    33.161    54.000     0.058      37      31    22.0    40.0
   104.522    32.226    33.161    54.000     0.078      37      32    24.0    40.0
   104.508    32.213    33.161    54.000     0.086      36      32    26.0    40.0
   104.493    32.200    33.161    54.000     0.063      37      34    28.0    40.0
   104.478    32.187    33.161    54.000     0.058      37      34    30.0    40.0
   104.463    32.174    33.161    54.000     0.054      40      34    32.0    40.0
   104.449    32.161    33.161    54.000     0.052      42      34    34.0    40.0
   104.434    32.148    33.161    54.000     0.037      42      33    36.0    40.0
   104.419    32.135    33.161    54.000     0.025      39      34    38.0    40.0
   104.404    32.122    33.161    54.000     0.021      43      35    40.0    40.0
   104.390    32.109    33.161    54.000     0.022      45      36    42.0    40.0
   104.375    32.096    33.161    54.000     0.018      45      36    44.0    40.0
   104.360    32.083    33.161    54.000     0.019      43      36    46.0    40.0
   104.346    32.070    33.161    54.000     0.017      41      36    48.0    40.0
   104.331    32.057    33.161    54.000     0.011      41      36    50.0    40.0
   104.316    32.044    33.161    54.000     0.008      39      37    52.0    40.0
   104.301    32.031    33.161    54.000     0.007       7      18    54.0    40.0
   104.287    32.018    33.161    54.000     0.006      34      37    56.0    40.0
   104.272    32.005    33.161    54.000     0.005      33      37    58.0    40.0
   104.257    31.992    33.161    54.000     0.005      32      37    60.0    40.0
   104.243    31.979    33.161    54.000     0.005      30      37    62.0    40.0
   104.228    31.966    33.161    54.000     0.004      44      33    64.0    40.0
   104.709    32.374    31.543    54.000     0.026      92      22     0.0    38.0
   104.694    32.361    31.543    54.000     0.025      93      22     2.0    38.0
   104.679    32.348    31.543    54.000     0.018      93      21     4.0    38.0
   104.664    32.335    31.543    54.000     0.013      40       2     6.0    38.0
   104.649    32.322    31.543    54.000     0.009      39       2     8.0    38.0
   104.635    32.309    31.543    54.000     0.006      34       6    10.0    38.0
   104.620    32.296    31.543    54.000     0.006      98       7    12.0    38.0
   104.605    32.283    31.543    54.000     0.006      96       9    14.0    38.0
   104.590    32.270    31.543    54.000     0.006      97       9    16.0    38.0
   104.576    32.257    31.543    54.000     0.006      96       8    18.0    38.0
   104.561    32.244    31.543    54.000     0.006      33      33    20.0    38.0
   104.546    32.231    31.543    54.000     0.009      31      31    22.0    38.0
   104.531    32.218    31.543    54.000     0.014      40      32    24.0    38.0
   104.517    32.205    31.543    54.000     0.024      41      33    26.0    38.0
   104.502    32.192    31.543    54.000     0.037      38      33    28.0    38.0
   104.487    32.179    31.543    54.000     0.049      39      33    30.0    38.0
   104.472    32.166    31.543    54.000     0.058      41      33    32.0    38.0
   104.458    32.154    31.543    54.000     0.069      41      33    34.0    38.0
   104.443    32.141    31.543    54.000     0.067      41      33    36.0    38.0
   104.428    32.128    31.543    54.000     0.066      40      35    38.0    38.0
   104.413    32.115    31.543    54.000     0.056      41      36    40.0    38.0
   104.399    32.102    31.543    54.000     0.038      39      35    42.0    38.0
   104.384    32.089    31.543    54.000     0.032      41      36    44.0    38.0
   104.369    32.076    31.543    54.000     0.018      39      36    46.0    38.0
   104.355    32.063    31.543    54.000     0.014      38      36    48.0    38.0
   104.340    32.050    31.543    54.000     0.007      36      36    50.0    38.0
   104.325    32.037    31.543    54.000     0.005      46      32    52.0    38.0
   104.310    32.024    31.543    54.000     0.004      49      32    54.0    38.0
   104.296    32.011    31.543    54.000     0.006      47       6    56.0    38.0
   104.281    31.998    31.543    54.000     0.009      46       6    58.0    38.0
   104.266    31.985    31.543    54.000     0.008      44       6    60.0    38.0
   104.252    31.972    31.543    54.000     0.009      43       6    62.0    38.0
   104.237    31.959    31.543    54.000     0.009      40       6    64.0    38.0
   104.718    32.366    29.925    54.000     0.039      91      22     0.0    36.0
   104.703    32.353    29.925    54.000     0.023      90      23     2.0    36.0
   104.688    32.340    29.925    54.000     0.012      89      23     4.0    36.0
   104.673    32.328    29.925    54.000     0.007      97      18     6.0    36.0
   104.658    32.315    29.925    54.000     0.008      97      17     8.0    36.0
   104.644    32.302    29.925    54.000     0.008      99      13    10.0    36.0
   104.629    32.289    29.925    54.000     0.009      96      12    12.0    36.0
   104.614    32.276    29.925    54.000     0.013      96       7    14.0    36.0
   104.599    32.263    29.925    54.000     0.012      95       7    16.0    36.0
   104.585    32.250    29.925    54.000     0.005      93       7    18.0    36.0
   104.570    32.237    29.925    54.000     0.003      91       5    20.0    36.0
   104.555    32.224    29.925    54.000     0.006      29      35    22.0    36.0
   104.540    32.211    29.925    54.000     0.007      31      36    24.0    36.0
   104.526    32.198    29.925    54.000     0.013      44      32    26.0    36.0
   104.511    32.185    29.925    54.000     0.027      43      32    28.0    36.0
   104.496    32.172    29.925    54.000     0.039      39      32    30.0    36.0
   104.481    32.159    29.925    54.000     0.062      41      32    32.0    36.0
   104.467    32.146    29.925    54.000     0.066      39      33    34.0    36.0
   104.452    32.133    29.925    54.000     0.081      39      32    36.0    36.0
   104.437    32.120    29.925    54.000     0.086      39      32    38.0    36.0
   104.422    32.107    29.925    54.000     0.088      40      36    40.0    36.0
   104.408    32.094    29.925    54.000     0.086      40      33    42.0    36.0
   104.393    32.081    29.925    54.000     0.073      40      33    44.0    36.0
   104.378    32.068    29.925    54.000     0.038      37      36    46.0    36.0
   104.364    32.055    29.925    54.000     0.018      37      36    48.0    36.0
   104.349    32.042    29.925    54.000     0.013      30      37    50.0    36.0
   104.334    32.029    29.925    54.000     0.010      51      28    52.0    36.0
   104.319    32.016    29.925    54.000     0.011      19      37    54.0    36.0
   104.305    32.003    29.925    54.000     0.015      42       6    56.0    36.0
   104.290    31.990    29.925    54.000     0.026      41       7    58.0    36.0
   104.275    31.977    29.925    54.000     0.032      41       7    60.0    36.0
   104.261    31.964    29.925    54.000     0.041      41       8    62.0    36.0
   104.246    31.951    29.925    54.000     0.043      40       8    64.0    36.0
   104.727    32.359    28.307    54.000     0.021      92      25     0.0    34.0
   104.712    32.346    28.307    54.000     0.019      88      22     2.0    34.0
   104.697    32.333    28.307    54.000     0.012      86      23     4.0    34.0
   104.682    32.320    28.307    54.000     0.011      97      19     6.0    34.0
   104.667    32.307    28.307    54.000     0.008      99      19     8.0    34.0
   104.653    32.294    28.307    54.000     0.006      96      18    10.0    34.0
   104.638    32.281    28.307    54.000     0.005      97      13    12.0    34.0
   104.623    32.268    28.307    54.000     0.004      96       8    14.0    34.0
   104.608    32.255    28.307    54.000     0.003      54       2    16.0    34.0
   104.594    32.242    28.307    54.000     0.002      53       2    18.0    34.0
   104.579    32.230    28.307    54.000     0.003       1       1    20.0    34.0
   104.564    32.217    28.307    54.000     0.003       1       1    22.0    34.0
   104.549    32.204    28.307    54.000     0.004      65       2    24.0    34.0
   104.534    32.191    28.307    54.000     0.006      31      36    26.0    34.0
   104.520    32.178    28.307    54.000     0.009      34      33    28.0    34.0
   104.505    32.165    28.307    54.000     0.019      38      36    30.0    34.0
   104.490    32.152    28.307    54.000     0.033      35      36    32.0    34.0
   104.476    32.139    28.307    54.000     0.065      35      36    34.0    34.0
   104.461    32.126    28.307    54.000     0.067      34      36    36.0    34.0
   104.446    32.113    28.307    54.000     0.080      36      36    38.0    34.0
   104.431    32.100    28.307    54.000     0.096      36      36    40.0    34.0
   104.417    32.087    28.307    54.000     0.118      37      36    42.0    34.0
   104.402    32.074    28.307    54.000     0.098      37      32    44.0    34.0
   104.387    32.061    28.307    54.000     0.070      38      32    46.0    34.0
   104.372    32.048    28.307    54.000     0.045      41      31    48.0    34.0
   104.358    32.035    28.307    54.000     0.031      42      23    50.0    34.0
   104.343    32.022    28.307    54.000     0.029      43      15    52.0    34.0
   104.328    32.009    28.307    54.000     0.034      42      13    54.0    34.0
   104.314    31.996    28.307    54.000     0.037      40       8    56.0    34.0
   104.299    31.983    28.307    54.000     0.048      38      10    58.0    34.0
   104.284    31.970    28.307    54.000     0.067      39      10    60.0    34.0
   104.270    31.957    28.307    54.000     0.070      41      10    62.0    34.0
   104.255    31.944    28.307    54.000     0.075      40      11    64.0    34.0
   104.736    32.352    26.689    54.000     0.027      85      16     0.0    32.0
   104.721    32.339    26.689    54.000     0.023      86      26     2.0    32.0
   104.706    32.326    26.689    54.000     0.019      86      28     4.0    32.0
   104.691    32.313    26.689    54.000     0.013      87      28     6.0    32.0
   104.676    32.300    26.689    54.000     0.011      88      28     8.0    32.0
   104.662    32.287    26.689    54.000     0.007      97      17    10.0    32.0
   104.647    32.274    26.689    54.000     0.005      94      15    12.0    32.0
   104.632    32.261    26.689    54.000     0.004      74      30    14.0    32.0
   104.617    32.248    26.689    54.000     0.004       1       4    16.0    32.0
   104.602    32.235    26.689    54.000     0.003       1       4    18.0    32.0
   104.588    32.222    26.689    54.000     0.004       1       7    20.0    32.0
   104.573    32.209    26.689    54.000     0.003      62      27    22.0    32.0
   104.558    32.196    26.689    54.000     0.004      62      28    24.0    32.0
   104.543    32.183    26.689    54.000     0.003     100      37    26.0    32.0
   104.529    32.170    26.689    54.000     0.005     100      37    28.0    32.0
   104.514    32.157    26.689    54.000     0.008      34      36    30.0    32.0
   104.499    32.144    26.689    54.000     0.014      36      36    32.0    32.0
   104.484    32.131    26.689    54.000     0.017      36      36    34.0    32.0
   104.470    32.118    26.689    54.000     0.028      36      35    36.0    32.0
   104.455    32.105    26.689    54.000     0.040      35      35    38.0    32.0
   104.440    32.093    26.689    54.000     0.049      37      34    40.0    32.0
   104.426    32.080    26.689    54.000     0.067      37      32    42.0    32.0
   104.411    32.067    26.689    54.000     0.079      37      32    44.0    32.0
   104.396    32.054    26.689    54.000     0.067      37      31    46.0    32.0
   104.381    32.041    26.689    54.000     0.065      37      31    48.0    32.0
   104.367    32.028    26.689    54.000     0.059      38      28    50.0    32.0
   104.352    32.015    26.689    54.000     0.058      38      21    52.0    32.0
   104.337    32.002    26.689    54.000     0.065      37      20    54.0    32.0
   104.323    31.989    26.689    54.000     0.061      38      12    56.0    32.0
   104.308    31.976    26.689    54.000     0.095      36      14    58.0    32.0
   104.293    31.963    26.689    54.000     0.100      36      12    60.0    32.0
   104.279    31.950    26.689    54.000     0.102      37      11    62.0    32.0
   104.264    31.937    26.689    54.000     0.110      36       9    64.0    32.0
   104.745    32.344    25.071    54.000     0.018      95      28     0.0    30.0
   104.730    32.331    25.071    54.000     0.017      93      31     2.0    30.0
   104.715    32.318    25.071    54.000     0.013      92      31     4.0    30.0
   104.700    32.305    25.071    54.000     0.013      97      37     6.0    30.0
   104.685    32.292    25.071    54.000     0.012      95      37     8.0    30.0
   104.671    32.279    25.071    54.000     0.012     100      37    10.0    30.0
   104.656    32.267    25.071    54.000     0.011      99      37    12.0    30.0
   104.641    32.254    25.071    54.000     0.008      91      37    14.0    30.0
   104.626    32.241    25.071    54.000     0.010      72      31    16.0    30.0
   104.611    32.228    25.071    54.000     0.012      70      30    18.0    30.0
   104.597    32.215    25.071    54.000     0.013      70      30    20.0    30.0
   104.582    32.202    25.071    54.000     0.014      70      30    22.0    30.0
   104.567    32.189    25.071    54.000     0.011      64      29    24.0    30.0
   104.552    32.176    25.071    54.000     0.011      65      29    26.0    30.0
   104.538    32.163    25.071    54.000     0.010      64      30    28.0    30.0
   104.523    32.150    25.071    54.000     0.008      64      30    30.0    30.0
   104.508    32.137    25.071    54.000     0.007      97      37    32.0    30.0
   104.493    32.124    25.071    54.000     0.006      97      37    34.0    30.0
   104.479    32.111    25.071    54.000     0.004      92      37    36.0    30.0
   104.464    32.098    25.071    54.000     0.005      34      31    38.0    30.0
   104.449    32.085    25.071    54.000     0.009      34      29    40.0    30.0
   104.435    32.072    25.071    54.000     0.016      33      30    42.0    30.0
   104.420    32.059    25.071    54.000     0.034      39      30    44.0    30.0
   104.405    32.046    25.071    54.000     0.050      35      29    46.0    30.0
   104.390    32.033    25.071    54.000     0.078      36      29    48.0    30.0
   104.376    32.020    25.071    54.000     0.089      34      29    50.0    30.0
   104.361    32.007    25.071    54.000     0.110      35      22    52.0    30.0
   104.346    31.994    25.071    54.000     0.106      34      18    54.0    30.0
   104.332    31.981    25.071    54.000     0.109      32      12    56.0    30.0
   104.317    31.968    25.071    54.000     0.103      33      10    58.0    30.0
   104.302    31.955    25.071    54.000     0.099      33      14    60.0    30.0
   104.288    31.942    25.071    54.000     0.082      34       8    62.0    30.0
   104.273    31.929    25.071    54.000     0.062      34       6    64.0    30.0
   104.753    32.337    23.452    54.000     0.019      76      24     0.0    28.0
   104.739    32.324    23.452    54.000     0.023      76      28     2.0    28.0
   104.724    32.311    23.452    54.000     0.018      75      27     4.0    28.0
   104.709    32.298    23.452    54.000     0.016      75      27     6.0    28.0
   104.694    32.285    23.452    54.000     0.014      90      34     8.0    28.0
   104.679    32.272    23.452    54.000     0.014     100      37    10.0    28.0
   104.665    32.259    23.452    54.000     0.013      89      35    12.0    28.0
   104.650    32.246    23.452    54.000     0.016      63      29    14.0    28.0
   104.635    32.233    23.452    54.000     0.019      63      29    16.0    28.0
   104.620    32.220    23.452    54.000     0.014      75      32    18.0    28.0
   104.606    32.207    23.452    54.000     0.018      68      27    20.0    28.0
   104.591    32.194    23.452    54.000     0.023      67      28    22.0    28.0
   104.576    32.181    23.452    54.000     0.022      66      28    24.0    28.0
   104.561    32.169    23.452    54.000     0.030      65      27    26.0    28.0
   104.547    32.156    23.452    54.000     0.021      65      27    28.0    28.0
   104.532    32.143    23.452    54.000     0.014      68      30    30.0    28.0
   104.517    32.130    23.452    54.000     0.013      69      34    32.0    28.0
   104.502    32.117    23.452    54.000     0.010      73      34    34.0    28.0
   104.488    32.104    23.452    54.000     0.010      72      34    36.0    28.0
   104.473    32.091    23.452    54.000     0.007      72      34    38.0    28.0
   104.458    32.078    23.452    54.000     0.008      28      29    40.0    28.0
   104.443    32.065    23.452    54.000     0.013      28       6    42.0    28.0
   104.429    32.052    23.452    54.000     0.024      29       8    44.0    28.0
   104.414    32.039    23.452    54.000     0.039      29      13    46.0    28.0
   104.399    32.026    23.452    54.000     0.055      30      16    48.0    28.0
   104.385    32.013    23.452    54.000     0.080      33      20    50.0    28.0
   104.370    32.000    23.452    54.000     0.107      32      19    52.0    28.0
   104.355    31.987    23.452    54.000     0.124      32      19    54.0    28.0
   104.341    31.974    23.452    54.000     0.115      32      18    56.0    28.0
   104.326    31.961    23.452    54.000     0.091      32      16    58.0    28.0
   104.311    31.948    23.452    54.000     0.065      31      21    60.0    28.0
   104.296    31.935    23.452    54.000     0.056      31      20    62.0    28.0
   104.282    31.922    23.452    54.000     0.045      27      19    64.0    28.0
   104.762    32.329    21.834    54.000     0.030      73      28     0.0    26.0
   104.748    32.316    21.834    54.000     0.030      73      26     2.0    26.0
   104.733    32.304    21.834    54.000     0.025      74      30     4.0    26.0
   104.718    32.291    21.834    54.000     0.025      73      30     6.0    26.0
   104.703    32.278    21.834    54.000     0.024      72      31     8.0    26.0
   104.688    32.265    21.834    54.000     0.025      72      32    10.0    26.0
   104.674    32.252    21.834    54.000     0.024      72      31    12.0    26.0
   104.659    32.239    21.834    54.000     0.023      24       1    14.0    26.0
   104.644    32.226    21.834    54.000     0.028      23       1    16.0    26.0
   104.629    32.213    21.834    54.000     0.025      22       1    18.0    26.0
   104.615    32.200    21.834    54.000     0.021      22       2    20.0    26.0
   104.600    32.187    21.834    54.000     0.018      76      34    22.0    26.0
   104.585    32.174    21.834    54.000     0.019      76      34    24.0    26.0
   104.570    32.161    21.834    54.000     0.024      75      34    26.0    26.0
   104.556    32.148    21.834    54.000     0.023      74      34    28.0    26.0
   104.541    32.135    21.834    54.000     0.015      75      35    30.0    26.0
   104.526    32.122    21.834    54.000     0.016      69      34    32.0    26.0
   104.511    32.109    21.834    54.000     0.015      73      35    34.0    26.0
   104.497    32.096    21.834    54.000     0.012      72      35    36.0    26.0
   104.482    32.083    21.834    54.000     0.011      67      36    38.0    26.0
   104.467    32.070    21.834    54.000     0.013      29       4    40.0    26.0
   104.452    32.057    21.834    54.000     0.026      28      28    42.0    26.0
   104.438    32.044    21.834    54.000     0.032      27      27    44.0    26.0
   104.423    32.032    21.834    54.000     0.034      28      26    46.0    26.0
   104.408    32.019    21.834    54.000     0.045      30      25    48.0    26.0
   104.394    32.006    21.834    54.000     0.048      28      12    50.0    26.0
   104.379    31.993    21.834    54.000     0.069      30      17    52.0    26.0
   104.364    31.980    21.834    54.000     0.057      30      14    54.0    26.0
   104.349    31.967    21.834    54.000     0.058      32      14    56.0    26.0
   104.335    31.954    21.834    54.000     0.051      31      23    58.0    26.0
   104.320    31.941    21.834    54.000     0.049      25      21    60.0    26.0
   104.305    31.928    21.834    54.000     0.055      26      23    62.0    26.0
   104.291    31.915    21.834    54.000     0.055      27      22    64.0    26.0
   104.771    32.322    20.216    54.000     0.018      72      27     0.0    24.0
   104.757    32.309    20.216    54.000     0.024      75      31     2.0    24.0
   104.742    32.296    20.216    54.000     0.030      72      31     4.0    24.0
   104.727    32.283    20.216    54.000     0.036      71      31     6.0    24.0
   104.712    32.270    20.216    54.000     0.040      69      31     8.0    24.0
   104.697    32.257    20.216    54.000     0.039      70      31    10.0    24.0
   104.683    32.244    20.216    54.000     0.036      71      31    12.0    24.0
   104.668    32.231    20.216    54.000     0.030      72      31    14.0    24.0
   104.653    32.219    20.216    54.000     0.031      21       2    16.0    24.0
   104.638    32.206    20.216    54.000     0.039      20       2    18.0    24.0
   104.624    32.193    20.216    54.000     0.039      20       2    20.0    24.0
   104.609    32.180    20.216    54.000     0.039      19       2    22.0    24.0
   104.594    32.167    20.216    54.000     0.044      20       2    24.0    24.0
   104.579    32.154    20.216    54.000     0.042      21       2    26.0    24.0
   104.564    32.141    20.216    54.000     0.027      21       2    28.0    24.0
   104.550    32.128    20.216    54.000     0.024      25       2    30.0    24.0
   104.535    32.115    20.216    54.000     0.023      25       2    32.0    24.0
   104.520    32.102    20.216    54.000     0.020      31       1    34.0    24.0
   104.506    32.089    20.216    54.000     0.021      30       1    36.0    24.0
   104.491    32.076    20.216    54.000     0.023      33       1    38.0    24.0
   104.476    32.063    20.216    54.000     0.022      33       1    40.0    24.0
   104.461    32.050    20.216    54.000     0.017      36       1    42.0    24.0
   104.447    32.037    20.216    54.000     0.015      35       1    44.0    24.0
   104.432    32.024    20.216    54.000     0.016      28      11    46.0    24.0
   104.417    32.011    20.216    54.000     0.024      27      11    48.0    24.0
   104.403    31.998    20.216    54.000     0.024      27      11    50.0    24.0
   104.388    31.985    20.216    54.000     0.027      27      23    52.0    24.0
   104.373    31.972    20.216    54.000     0.033      28      19    54.0    24.0
   104.358    31.959    20.216    54.000     0.034      27      21    56.0    24.0
   104.344    31.946    20.216    54.000     0.033      27      22    58.0    24.0
   104.329    31.933    20.216    54.000     0.035      22      21    60.0    24.0
   104.314    31.920    20.216    54.000     0.039      22      24    62.0    24.0
   104.300    31.907    20.216    54.000     0.031      24      24    64.0    24.0
   104.780    32.315    18.598    54.000     0.015      80      31     0.0    22.0
   104.766    32.302    18.598    54.000     0.025      77      31     2.0    22.0
   104.751    32.289    18.598    54.000     0.027      77      31     4.0    22.0
   104.736    32.276    18.598    54.000     0.029      81      34     6.0    22.0
   104.721    32.263    18.598    54.000     0.035      81      35     8.0    22.0
   104.706    32.250    18.598    54.000     0.033      80      35    10.0    22.0
   104.692    32.237    18.598    54.000     0.030      82      35    12.0    22.0
   104.677    32.224    18.598    54.000     0.030      78      36    14.0    22.0
   104.662    32.211    18.598    54.000     0.034      16       2    16.0    22.0
   104.647    32.198    18.598    54.000     0.037      17       2    18.0    22.0
   104.632    32.185    18.598    54.000     0.037      18       2    20.0    22.0
   104.618    32.172    18.598    54.000     0.036      18       2    22.0    22.0
   104.603    32.159    18.598    54.000     0.048      26       1    24.0    22.0
   104.588    32.146    18.598    54.000     0.054      25       1    26.0    22.0
   104.573    32.133    18.598    54.000     0.068      28       1    28.0    22.0
   104.559    32.120    18.598    54.000     0.071      28       1    30.0    22.0
   104.544    32.108    18.598    54.000     0.073      28       1    32.0    22.0
   104.529    32.095    18.598    54.000     0.069      28       1    34.0    22.0
   104.514    32.082    18.598    54.000     0.055      31       1    36.0    22.0
   104.500    32.069    18.598    54.000     0.055      31       1    38.0    22.0
   104.485    32.056    18.598    54.000     0.039      30       1    40.0    22.0
   104.470    32.043    18.598    54.000     0.027      30       1    42.0    22.0
   104.456    32.030    18.598    54.000     0.017      28       1    44.0    22.0
   104.441    32.017    18.598    54.000     0.013      32       1    46.0    22.0
   104.426    32.004    18.598    54.000     0.011      32       1    48.0    22.0
   104.411    31.991    18.598    54.000     0.005     100      14    50.0    22.0
   104.397    31.978    18.598    54.000     0.005      95      28    52.0    22.0
   104.382    31.965    18.598    54.000     0.005      96      17    54.0    22.0
   104.367    31.952    18.598    54.000     0.005      96      18    56.0    22.0
   104.353    31.939    18.598    54.000     0.004      93      17    58.0    22.0
   104.338    31.926    18.598    54.000     0.005      90      18    60.0    22.0
   104.323    31.913    18.598    54.000     0.005      90      19    62.0    22.0
   104.309    31.900    18.598    54.000     0.004      90      18    64.0    22.0
   104.789    32.307    16.980    54.000     0.023      81      35     0.0    20.0
   104.774    32.294    16.980    54.000     0.042      81      36     2.0    20.0
   104.760    32.281    16.980    54.000     0.058      82      36     4.0    20.0
   104.745    32.268    16.980    54.000     0.062      82      35     6.0    20.0
   104.730    32.256    16.980    54.000     0.063      83      35     8.0    20.0
   104.715    32.243    16.980    54.000     0.068      83      36    10.0    20.0
   104.701    32.230    16.980    54.000     0.070      82      36    12.0    20.0
   104.686    32.217    16.980    54.000     0.069      81      36    14.0    20.0
   104.671    32.204    16.980    54.000     0.064      80      36    16.0    20.0
   104.656    32.191    16.980    54.000     0.054      82      36    18.0    20.0
   104.641    32.178    16.980    54.000     0.050      31       1    20.0    20.0
   104.627    32.165    16.980    54.000     0.056      30       1    22.0    20.0
   104.612    32.152    16.980    54.000     0.073      28       1    24.0    20.0
   104.597    32.139    16.980    54.000     0.082      27       1    26.0    20.0
   104.582    32.126    16.980    54.000     0.098      31       1    28.0    20.0
   104.568    32.113    16.980    54.000     0.112      29       1    30.0    20.0
   104.553    32.100    16.980    54.000     0.115      28       1    32.0    20.0
   104.538    32.087    16.980    54.000     0.112      29       1    34.0    20.0
   104.523    32.074    16.980    54.000     0.107      26       1    36.0    20.0
   104.509    32.061    16.980    54.000     0.101      27       1    38.0    20.0
   104.494    32.048    16.980    54.000     0.091      27       1    40.0    20.0
   104.479    32.035    16.980    54.000     0.065      26       1    42.0    20.0
   104.465    32.022    16.980    54.000     0.042      27       1    44.0    20.0
   104.450    32.009    16.980    54.000     0.015      28       1    46.0    20.0
   104.435    31.996    16.980    54.000     0.008     100      12    48.0    20.0
   104.420    31.983    16.980    54.000     0.010      99      11    50.0    20.0
   104.406    31.970    16.980    54.000     0.009     100      16    52.0    20.0
   104.391    31.958    16.980    54.000     0.011     100      18    54.0    20.0
   104.376    31.945    16.980    54.000     0.008      99      14    56.0    20.0
   104.362    31.932    16.980    54.000     0.009      99      11    58.0    20.0
   104.347    31.919    16.980    54.000     0.011     100       8    60.0    20.0
   104.332    31.906    16.980    54.000     0.012     100       8    62.0    20.0
   104.318    31.893    16.980    54.000     0.013       1      13    64.0    20.0
   104.798    32.300    15.362    54.000     0.024      83      36     0.0    18.0
   104.783    32.287    15.362    54.000     0.035      83      36     2.0    18.0
   104.769    32.274    15.362    54.000     0.048      88      36     4.0    18.0
   104.754    32.261    15.362    54.000     0.059      87      36     6.0    18.0
   104.739    32.248    15.362    54.000     0.071      87      36     8.0    18.0
   104.724    32.235    15.362    54.000     0.075      81      36    10.0    18.0
   104.709    32.222    15.362    54.000     0.079      80      37    12.0    18.0
   104.695    32.209    15.362    54.000     0.093      80      37    14.0    18.0
   104.680    32.196    15.362    54.000     0.092      79      37    16.0    18.0
   104.665    32.183    15.362    54.000     0.089      79      37    18.0    18.0
   104.650    32.170    15.362    54.000     0.084      78      37    20.0    18.0
   104.636    32.158    15.362    54.000     0.080      79      37    22.0    18.0
   104.621    32.145    15.362    54.000     0.055      30       1    24.0    18.0
   104.606    32.132    15.362    54.000     0.079      28       1    26.0    18.0
   104.591    32.119    15.362    54.000     0.089      28       1    28.0    18.0
   104.577    32.106    15.362    54.000     0.101      30       1    30.0    18.0
   104.562    32.093    15.362    54.000     0.117      28       1    32.0    18.0
   104.547    32.080    15.362    54.000     0.124      28       1    34.0    18.0
   104.532    32.067    15.362    54.000     0.124      27       1    36.0    18.0
   104.518    32.054    15.362    54.000     0.117      27       1    38.0    18.0
   104.503    32.041    15.362    54.000     0.107      27       1    40.0    18.0
   104.488    32.028    15.362    54.000     0.091      27       1    42.0    18.0
   104.473    32.015    15.362    54.000     0.039      28       1    44.0    18.0
   104.459    32.002    15.362    54.000     0.015      31       1    46.0    18.0
   104.444    31.989    15.362    54.000     0.008      92       7    48.0    18.0
   104.429    31.976    15.362    54.000     0.007      98      28    50.0    18.0
   104.415    31.963    15.362    54.000     0.009     100      27    52.0    18.0
   104.400    31.950    15.362    54.000     0.014     100      17    54.0    18.0
   104.385    31.937    15.362    54.000     0.022     100      12    56.0    18.0
   104.371    31.924    15.362    54.000     0.028      99      13    58.0    18.0
   104.356    31.911    15.362    54.000     0.027     100      11    60.0    18.0
   104.341    31.898    15.362    54.000     0.034     100      11    62.0    18.0
   104.327    31.885    15.362    54.000     0.033     100      10    64.0    18.0
   104.807    32.292    13.744    54.000     0.015      80      36     0.0    16.0
   104.792    32.280    13.744    54.000     0.021      80      36     2.0    16.0
   104.778    32.267    13.744    54.000     0.021      81      36     4.0    16.0
   104.763    32.254    13.744    54.000     0.026      85      36     6.0    16.0
   104.748    32.241    13.744    54.000     0.031      84      36     8.0    16.0
   104.733    32.228    13.744    54.000     0.042      87      36    10.0    16.0
   104.718    32.215    13.744    54.000     0.047      85      36    12.0    16.0
   104.704    32.202    13.744    54.000     0.052      83      37    14.0    16.0
   104.689    32.189    13.744    54.000     0.065      79      37    16.0    16.0
   104.674    32.176    13.744    54.000     0.080      79      37    18.0    16.0
   104.659    32.163    13.744    54.000     0.065      82      36    20.0    16.0
   104.645    32.150    13.744    54.000     0.052      81      36    22.0    16.0
   104.630    32.137    13.744    54.000     0.051      94      21    24.0    16.0
   104.615    32.124    13.744    54.000     0.057      99      19    26.0    16.0
   104.600    32.111    13.744    54.000     0.070      98      19    28.0    16.0
   104.586    32.098    13.744    54.000     0.078      99      17    30.0    16.0
   104.571    32.085    13.744    54.000     0.080     100      17    32.0    16.0
   104.556    32.072    13.744    54.000     0.078      28       1    34.0    16.0
   104.541    32.059    13.744    54.000     0.100      28       1    36.0    16.0
   104.527    32.047    13.744    54.000     0.080      30       1    38.0    16.0
   104.512    32.034    13.744    54.000     0.056      27       1    40.0    16.0
   104.497    32.021    13.744    54.000     0.048      24       1    42.0    16.0
   104.482    32.008    13.744    54.000     0.041      22       1    44.0    16.0
   104.468    31.995    13.744    54.000     0.021      23       1    46.0    16.0
   104.453    31.982    13.744    54.000     0.014      97       6    48.0    16.0
   104.438    31.969    13.744    54.000     0.015      99      10    50.0    16.0
   104.424    31.956    13.744    54.000     0.014     100      14    52.0    16.0
   104.409    31.943    13.744    54.000     0.016     100      22    54.0    16.0
   104.394    31.930    13.744    54.000     0.019     100      20    56.0    16.0
   104.380    31.917    13.744    54.000     0.016     100      19    58.0    16.0
   104.365    31.904    13.744    54.000     0.018       1       6    60.0    16.0
   104.350    31.891    13.744    54.000     0.018     100      10    62.0    16.0
   104.336    31.878    13.744    54.000     0.024     100       9    64.0    16.0
   104.816    32.285    12.126    54.000     0.008      80      36     0.0    14.0
   104.801    32.272    12.126    54.000     0.009      77      36     2.0    14.0
   104.786    32.259    12.126    54.000     0.012      76      36     4.0    14.0
   104.772    32.246    12.126    54.000     0.016      75      36     6.0    14.0
   104.757    32.233    12.126    54.000     0.014      70      37     8.0    14.0
   104.742    32.220    12.126    54.000     0.016      28       1    10.0    14.0
   104.727    32.207    12.126    54.000     0.023      82      36    12.0    14.0
   104.713    32.195    12.126    54.000     0.025      82      36    14.0    14.0
   104.698    32.182    12.126    54.000     0.029      90      29    16.0    14.0
   104.683    32.169    12.126    54.000     0.046      97      26    18.0    14.0
   104.668    32.156    12.126    54.000     0.071      97      25    20.0    14.0
   104.653    32.143    12.126    54.000     0.086      97      27    22.0    14.0
   104.639    32.130    12.126    54.000     0.085      93      26    24.0    14.0
   104.624    32.117    12.126    54.000     0.099      88      26    26.0    14.0
   104.609    32.104    12.126    54.000     0.108      99      16    28.0    14.0
   104.594    32.091    12.126    54.000     0.125      99      17    30.0    14.0
   104.580    32.078    12.126    54.000     0.122      98      15    32.0    14.0
   104.565    32.065    12.126    54.000     0.107      95      19    34.0    14.0
   104.550    32.052    12.126    54.000     0.096      94      20    36.0    14.0
   104.536    32.039    12.126    54.000     0.073      93      13    38.0    14.0
   104.521    32.026    12.126    54.000     0.055      98      20    40.0    14.0
   104.506    32.013    12.126    54.000     0.044      92      16    42.0    14.0
   104.491    32.000    12.126    54.000     0.038      88      21    44.0    14.0
   104.477    31.987    12.126    54.000     0.029      92      21    46.0    14.0
   104.462    31.974    12.126    54.000     0.024      89      20    48.0    14.0
   104.447    31.961    12.126    54.000     0.023      94       5    50.0    14.0
   104.433    31.948    12.126    54.000     0.024      91       9    52.0    14.0
   104.418    31.935    12.126    54.000     0.032      90       6    54.0    14.0
   104.403    31.922    12.126    54.000     0.029     100      22    56.0    14.0
   104.388    31.909    12.126    54.000     0.032      98      21    58.0    14.0
   104.374    31.896    12.126    54.000     0.031      98      18    60.0    14.0
   104.359    31.884    12.126    54.000     0.038      99      18    62.0    14.0
   104.344    31.871    12.126    54.000     0.043     100      15    64.0    14.0
   104.825    32.278    10.508    54.000     0.006       4      37     0.0    12.0
   104.810    32.265    10.508    54.000     0.008     100       3     2.0    12.0
   104.795    32.252    10.508    54.000     0.012       2      37     4.0    12.0
   104.781    32.239    10.508    54.000     0.015       2      37     6.0    12.0
   104.766    32.226    10.508    54.000     0.016     100       3     8.0    12.0
   104.751    32.213    10.508    54.000     0.026      96       4    10.0    12.0
   104.736    32.200    10.508    54.000     0.041      97       4    12.0    12.0
   104.722    32.187    10.508    54.000     0.043      98       4    14.0    12.0
   104.707    32.174    10.508    54.000     0.049      92      10    16.0    12.0
   104.692    32.161    10.508    54.000     0.062      90      15    18.0    12.0
   104.677    32.148    10.508    54.000     0.086      92      18    20.0    12.0
   104.662    32.135    10.508    54.000     0.125      93      24    22.0    12.0
   104.648    32.122    10.508    54.000     0.143      92      23    24.0    12.0
   104.633    32.109    10.508    54.000     0.155      92      24    26.0    12.0
   104.618    32.097    10.508    54.000     0.160      91      24    28.0    12.0
   104.603    32.084    10.508    54.000     0.167      90      20    30.0    12.0
   104.589    32.071    10.508    54.000     0.182      90      24    32.0    12.0
   104.574    32.058    10.508    54.000     0.174      90      27    34.0    12.0
   104.559    32.045    10.508    54.000     0.157      88      26    36.0    12.0
   104.544    32.032    10.508    54.000     0.142      92      27    38.0    12.0
   104.530    32.019    10.508    54.000     0.127      92      22    40.0    12.0
   104.515    32.006    10.508    54.000     0.114      91      21    42.0    12.0
   104.500    31.993    10.508    54.000     0.093      89      20    44.0    12.0
   104.486    31.980    10.508    54.000     0.075      90      18    46.0    12.0
   104.471    31.967    10.508    54.000     0.062      87      15    48.0    12.0
   104.456    31.954    10.508    54.000     0.055      87      17    50.0    12.0
   104.441    31.941    10.508    54.000     0.061      94      11    52.0    12.0
   104.427    31.928    10.508    54.000     0.060      96      15    54.0    12.0
   104.412    31.915    10.508    54.000     0.055     100      16    56.0    12.0
   104.397    31.902    10.508    54.000     0.055     100      17    58.0    12.0
   104.383    31.889    10.508    54.000     0.051     100      18    60.0    12.0
   104.368    31.876    10.508    54.000     0.053     100      18    62.0    12.0
   104.353    31.863    10.508    54.000     0.059     100      19    64.0    12.0
   104.834    32.270     8.890    54.000     0.016      98       4     0.0    10.0
   104.819    32.257     8.890    54.000     0.033      95       4     2.0    10.0
   104.804    32.244     8.890    54.000     0.049      95       4     4.0    10.0
   104.790    32.231     8.890    54.000     0.064      93       5     6.0    10.0
   104.775    32.219     8.890    54.000     0.071      93       5     8.0    10.0
   104.760    32.206     8.890    54.000     0.073      91       5    10.0    10.0
   104.745    32.193     8.890    54.000     0.094      89       5    12.0    10.0
   104.730    32.180     8.890    54.000     0.086      89       6    14.0    10.0
   104.716    32.167     8.890    54.000     0.086      88       7    16.0    10.0
   104.701    32.154     8.890    54.000     0.078      88      15    18.0    10.0
   104.686    32.141     8.890    54.000     0.089      88      18    20.0    10.0
   104.671    32.128     8.890    54.000     0.123      88      23    22.0    10.0
   104.657    32.115     8.890    54.000     0.163      89      21    24.0    10.0
   104.642    32.102     8.890    54.000     0.179      89      21    26.0    10.0
   104.627    32.089     8.890    54.000     0.196      85      22    28.0    10.0
   104.612    32.076     8.890    54.000     0.240      91      24    30.0    10.0
   104.598    32.063     8.890    54.000     0.254      91      26    32.0    10.0
   104.583    32.050     8.890    54.000     0.262      90      26    34.0    10.0
   104.568    32.037     8.890    54.000     0.261      90      28    36.0    10.0
   104.553    32.024     8.890    54.000     0.256      89      28    38.0    10.0
   104.539    32.011     8.890    54.000     0.241      88      28    40.0    10.0
   104.524    31.998     8.890    54.000     0.200      87      26    42.0    10.0
   104.509    31.986     8.890    54.000     0.156      84      27    44.0    10.0
   104.495    31.973     8.890    54.000     0.131      86      26    46.0    10.0
   104.480    31.960     8.890    54.000     0.106      81      27    48.0    10.0
   104.465    31.947     8.890    54.000     0.095      83      26    50.0    10.0
   104.450    31.934     8.890    54.000     0.090      99      15    52.0    10.0
   104.436    31.921     8.890    54.000     0.081      97      15    54.0    10.0
   104.421    31.908     8.890    54.000     0.074      96      15    56.0    10.0
   104.406    31.895     8.890    54.000     0.064      96      11    58.0    10.0
   104.392    31.882     8.890    54.000     0.053     100      18    60.0    10.0
   104.377    31.869     8.890    54.000     0.053     100      19    62.0    10.0
   104.362    31.856     8.890    54.000     0.047     100      18    64.0    10.0
   104.843    32.263     7.272    54.000     0.054     100       4     0.0     8.0
   104.828    32.250     7.272    54.000     0.081      98       4     2.0     8.0
   104.813    32.237     7.272    54.000     0.089      97       4     4.0     8.0
   104.799    32.224     7.272    54.000     0.103      96       4     6.0     8.0
   104.784    32.211     7.272    54.000     0.131      91       3     8.0     8.0
   104.769    32.198     7.272    54.000     0.134      93       4    10.0     8.0
   104.754    32.185     7.272    54.000     0.135      95       4    12.0     8.0
   104.739    32.172     7.272    54.000     0.144      97       4    14.0     8.0
   104.725    32.159     7.272    54.000     0.131      95       5    16.0     8.0
   104.710    32.147     7.272    54.000     0.125      95       5    18.0     8.0
   104.695    32.134     7.272    54.000     0.108      94       4    20.0     8.0
   104.680    32.121     7.272    54.000     0.077      96       4    22.0     8.0
   104.666    32.108     7.272    54.000     0.082      86      13    24.0     8.0
   104.651    32.095     7.272    54.000     0.099      86      12    26.0     8.0
   104.636    32.082     7.272    54.000     0.119      83      12    28.0     8.0
   104.621    32.069     7.272    54.000     0.133      88      30    30.0     8.0
   104.607    32.056     7.272    54.000     0.152      88      29    32.0     8.0
   104.592    32.043     7.272    54.000     0.182      90      30    34.0     8.0
   104.577    32.030     7.272    54.000     0.200      90      29    36.0     8.0
   104.562    32.017     7.272    54.000     0.218      92      29    38.0     8.0
   104.548    32.004     7.272    54.000     0.222      91      29    40.0     8.0
   104.533    31.991     7.272    54.000     0.218      86      27    42.0     8.0
   104.518    31.978     7.272    54.000     0.221      86      27    44.0     8.0
   104.503    31.965     7.272    54.000     0.219      83      27    46.0     8.0
   104.489    31.952     7.272    54.000     0.211      82      27    48.0     8.0
   104.474    31.939     7.272    54.000     0.187      82      28    50.0     8.0
   104.459    31.926     7.272    54.000     0.164      81      31    52.0     8.0
   104.445    31.913     7.272    54.000     0.155      81      31    54.0     8.0
   104.430    31.900     7.272    54.000     0.137      79      32    56.0     8.0
   104.415    31.887     7.272    54.000     0.113      81      31    58.0     8.0
   104.401    31.874     7.272    54.000     0.079      79      27    60.0     8.0
   104.386    31.861     7.272    54.000     0.057      74      31    62.0     8.0
   104.371    31.848     7.272    54.000     0.037      97      21    64.0     8.0
   104.852    32.255     5.654    54.000     0.069     100       3     0.0     6.0
   104.837    32.243     5.654    54.000     0.090      95       3     2.0     6.0
   104.822    32.230     5.654    54.000     0.117      99       3     4.0     6.0
   104.807    32.217     5.654    54.000     0.146      97       3     6.0     6.0
   104.793    32.204     5.654    54.000     0.171      97       3     8.0     6.0
   104.778    32.191     5.654    54.000     0.159      95       3    10.0     6.0
   104.763    32.178     5.654    54.000     0.156      94       3    12.0     6.0
   104.748    32.165     5.654    54.000     0.153      93       3    14.0     6.0
   104.734    32.152     5.654    54.000     0.130      95       3    16.0     6.0
   104.719    32.139     5.654    54.000     0.115      96       3    18.0     6.0
   104.704    32.126     5.654    54.000     0.094      95       3    20.0     6.0
   104.689    32.113     5.654    54.000     0.071      95       3    22.0     6.0
   104.674    32.100     5.654    54.000     0.052      78       5    24.0     6.0
   104.660    32.087     5.654    54.000     0.065      80       6    26.0     6.0
   104.645    32.074     5.654    54.000     0.082      82       6    28.0     6.0
   104.630    32.061     5.654    54.000     0.087      80       6    30.0     6.0
   104.616    32.049     5.654    54.000     0.074      80       6    32.0     6.0
   104.601    32.036     5.654    54.000     0.069      97      26    34.0     6.0
   104.586    32.023     5.654    54.000     0.099      95      26    36.0     6.0
   104.571    32.010     5.654    54.000     0.114      94      27    38.0     6.0
   104.557    31.997     5.654    54.000     0.144      91      27    40.0     6.0
   104.542    31.984     5.654    54.000     0.175      89      28    42.0     6.0
   104.527    31.971     5.654    54.000     0.187      89      28    44.0     6.0
   104.512    31.958     5.654    54.000     0.192      88      29    46.0     6.0
   104.498    31.945     5.654    54.000     0.194      86      29    48.0     6.0
   104.483    31.932     5.654    54.000     0.192      85      30    50.0     6.0
   104.468    31.919     5.654    54.000     0.187      82      30    52.0     6.0
   104.454    31.906     5.654    54.000     0.169      81      32    54.0     6.0
   104.439    31.893     5.654    54.000     0.158      84      31    56.0     6.0
   104.424    31.880     5.654    54.000     0.143      84      32    58.0     6.0
   104.410    31.867     5.654    54.000     0.127      81      29    60.0     6.0
   104.395    31.854     5.654    54.000     0.096      79      30    62.0     6.0
   104.380    31.841     5.654    54.000     0.078      79      31    64.0     6.0
   104.861    32.248     4.036    54.000     0.109      34      37     0.0     4.0
   104.846    32.235     4.036    54.000     0.121      34      37     2.0     4.0
   104.831    32.222     4.036    54.000     0.130      35      37     4.0     4.0
   104.816    32.209     4.036    54.000     0.148      39      37     6.0     4.0
   104.802    32.196     4.036    54.000     0.163      38      37     8.0     4.0
   104.787    32.183     4.036    54.000     0.190      36      37    10.0     4.0
   104.772    32.171     4.036    54.000     0.197      35      37    12.0     4.0
   104.757    32.158     4.036    54.000     0.196      35      37    14.0     4.0
   104.742    32.145     4.036    54.000     0.201      36      37    16.0     4.0
   104.728    32.132     4.036    54.000     0.172      38      37    18.0     4.0
   104.713    32.119     4.036    54.000     0.150      33      37    20.0     4.0
   104.698    32.106     4.036    54.000     0.133      32      37    22.0     4.0
   104.683    32.093     4.036    54.000     0.101      32      37    24.0     4.0
   104.669    32.080     4.036    54.000     0.065      32      37    26.0     4.0
   104.654    32.067     4.036    54.000     0.056      35      37    28.0     4.0
   104.639    32.054     4.036    54.000     0.054      95       3    30.0     4.0
   104.624    32.041     4.036    54.000     0.045      97       3    32.0     4.0
   104.610    32.028     4.036    54.000     0.055      94       8    34.0     4.0
   104.595    32.015     4.036    54.000     0.058      93      11    36.0     4.0
   104.580    32.002     4.036    54.000     0.074      94      22    38.0     4.0
   104.566    31.989     4.036    54.000     0.082      95      26    40.0     4.0
   104.551    31.976     4.036    54.000     0.090      94      28    42.0     4.0
   104.536    31.963     4.036    54.000     0.101      89      24    44.0     4.0
   104.521    31.950     4.036    54.000     0.111      99      32    46.0     4.0
   104.507    31.937     4.036    54.000     0.118      98      33    48.0     4.0
   104.492    31.925     4.036    54.000     0.122      85      27    50.0     4.0
   104.477    31.912     4.036    54.000     0.125      82      25    52.0     4.0
   104.463    31.899     4.036    54.000     0.132      82      27    54.0     4.0
   104.448    31.886     4.036    54.000     0.140      81      28    56.0     4.0
   104.433    31.873     4.036    54.000     0.135      82      30    58.0     4.0
   104.418    31.860     4.036    54.000     0.116      83      33    60.0     4.0
   104.404    31.847     4.036    54.000     0.101      84      33    62.0     4.0
   104.389    31.834     4.036    54.000     0.092      85      34    64.0     4.0
   104.870    32.241     2.418    54.000     0.074      47      37     0.0     2.0
   104.855    32.228     2.418    54.000     0.092      43      37     2.0     2.0
   104.840    32.215     2.418    54.000     0.125      42      37     4.0     2.0
   104.825    32.202     2.418    54.000     0.151      41      37     6.0     2.0
   104.811    32.189     2.418    54.000     0.161      41      37     8.0     2.0
   104.796    32.176     2.418    54.000     0.193      36      37    10.0     2.0
   104.781    32.163     2.418    54.000     0.194      38      37    12.0     2.0
   104.766    32.150     2.418    54.000     0.185      38      37    14.0     2.0
   104.751    32.137     2.418    54.000     0.176      39      37    16.0     2.0
   104.737    32.124     2.418    54.000     0.137      38      37    18.0     2.0
   104.722    32.111     2.418    54.000     0.119      39      37    20.0     2.0
   104.707    32.098     2.418    54.000     0.067       1       1    22.0     2.0
   104.692    32.086     2.418    54.000     0.057       1       1    24.0     2.0
   104.678    32.073     2.418    54.000     0.048       1       2    26.0     2.0
   104.663    32.060     2.418    54.000     0.030       2       2    28.0     2.0
   104.648    32.047     2.418    54.000     0.032     100       3    30.0     2.0
   104.633    32.034     2.418    54.000     0.031      98       5    32.0     2.0
   104.619    32.021     2.418    54.000     0.034      96       4    34.0     2.0
   104.604    32.008     2.418    54.000     0.038      93       6    36.0     2.0
   104.589    31.995     2.418    54.000     0.038      94      14    38.0     2.0
   104.574    31.982     2.418    54.000     0.043      97      23    40.0     2.0
   104.560    31.969     2.418    54.000     0.045      97      26    42.0     2.0
   104.545    31.956     2.418    54.000     0.055      89      18    44.0     2.0
   104.530    31.943     2.418    54.000     0.058      89      23    46.0     2.0
   104.516    31.930     2.418    54.000     0.068      86      15    48.0     2.0
   104.501    31.917     2.418    54.000     0.067      86      24    50.0     2.0
   104.486    31.904     2.418    54.000     0.066      86      27    52.0     2.0
   104.471    31.891     2.418    54.000     0.078      86      28    54.0     2.0
   104.457    31.878     2.418    54.000     0.068      96      32    56.0     2.0
   104.442    31.865     2.418    54.000     0.066      94      32    58.0     2.0
   104.427    31.852     2.418    54.000     0.054      95      32    60.0     2.0
   104.413    31.839     2.418    54.000     0.051      86      31    62.0     2.0
   104.398    31.826     2.418    54.000     0.047      84      31    64.0     2.0
   104.879    32.233     0.800    54.000     0.039      47      37     0.0     0.0
   104.864    32.220     0.800    54.000     0.053      46      37     2.0     0.0
   104.849    32.207     0.800    54.000     0.085      47      37     4.0     0.0
   104.834    32.195     0.800    54.000     0.114      47      37     6.0     0.0
   104.819    32.182     0.800    54.000     0.126      46      37     8.0     0.0
   104.805    32.169     0.800    54.000     0.129      45      37    10.0     0.0
   104.790    32.156     0.800    54.000     0.122      44      37    12.0     0.0
   104.775    32.143     0.800    54.000     0.094      45      37    14.0     0.0
   104.760    32.130     0.800    54.000     0.076      42      37    16.0     0.0
   104.746    32.117     0.800    54.000     0.050      42      37    18.0     0.0
   104.731    32.104     0.800    54.000     0.042      50      37    20.0     0.0
   104.716    32.091     0.800    54.000     0.037       2       2    22.0     0.0
   104.701    32.078     0.800    54.000     0.042       1       2    24.0     0.0
   104.687    32.065     0.800    54.000     0.046       4       2    26.0     0.0
   104.672    32.052     0.800    54.000     0.036       1       2    28.0     0.0
   104.657    32.039     0.800    54.000     0.043       1      16    30.0     0.0
   104.642    32.026     0.800    54.000     0.046       1      21    32.0     0.0
   104.628    32.013     0.800    54.000     0.047       1      25    34.0     0.0
   104.613    32.000     0.800    54.000     0.045       1      27    36.0     0.0
   104.598    31.988     0.800    54.000     0.043       1      31    38.0     0.0
   104.583    31.975     0.800    54.000     0.036      97      11    40.0     0.0
   104.569    31.962     0.800    54.000     0.037      97      20    42.0     0.0
   104.554    31.949     0.800    54.000     0.048      97      25    44.0     0.0
   104.539    31.936     0.800    54.000     0.051      97      27    46.0     0.0
   104.525    31.923     0.800    54.000     0.055      91      23    48.0     0.0
   104.510    31.910     0.800    54.000     0.063      90      24    50.0     0.0
   104.495    31.897     0.800    54.000     0.067      90      27    52.0     0.0
   104.480    31.884     0.800    54.000     0.069      91      29    54.0     0.0
   104.466    31.871     0.800    54.000     0.054      95      30    56.0     0.0
   104.451    31.858     0.800    54.000     0.042      99      31    58.0     0.0
   104.436    31.845     0.800    54.000     0.041      89      29    60.0     0.0
   104.422    31.832     0.800    54.000     0.038      89      30    62.0     0.0
   104.407    31.819     0.800    54.000     0.033      84      29    64.0     0.0
