   104.262    31.926    33.161    54.000     0.004      50      28     0.0    40.0
   104.247    31.913    33.161    54.000     0.004      58      18     2.0    40.0
   104.233    31.900    33.161    54.000     0.003      37      24     4.0    40.0
   104.218    31.887    33.161    54.000     0.004      36      22     6.0    40.0
   104.203    31.874    33.161    54.000     0.005      56       4     8.0    40.0
   104.189    31.861    33.161    54.000     0.007      10      37    10.0    40.0
   104.174    31.848    33.161    54.000     0.008       7      37    12.0    40.0
   104.159    31.835    33.161    54.000     0.011       8      37    14.0    40.0
   104.145    31.822    33.161    54.000     0.010       8      37    16.0    40.0
   104.130    31.809    33.161    54.000     0.013      43      15    18.0    40.0
   104.115    31.796    33.161    54.000     0.015      46      12    20.0    40.0
   104.101    31.783    33.161    54.000     0.017      43      12    22.0    40.0
   104.086    31.770    33.161    54.000     0.021      42      12    24.0    40.0
   104.071    31.757    33.161    54.000     0.019      41      10    26.0    40.0
   104.271    31.919    31.543    54.000     0.011      54      27     0.0    38.0
   104.256    31.906    31.543    54.000     0.006      55      28     2.0    38.0
   104.242    31.893    31.543    54.000     0.005      74      36     4.0    38.0
   104.227    31.880    31.543    54.000     0.007      75      36     6.0    38.0
   104.212    31.867    31.543    54.000     0.008      77      36     8.0    38.0
   104.198    31.854    31.543    54.000     0.007      73      36    10.0    38.0
   104.183    31.841    31.543    54.000     0.008      10      37    12.0    38.0
   104.168    31.828    31.543    54.000     0.010      10      37    14.0    38.0
   104.154    31.815    31.543    54.000     0.010      35      25    16.0    38.0
   104.139    31.802    31.543    54.000     0.010      35      27    18.0    38.0
   104.124    31.789    31.543    54.000     0.011      42      15    20.0    38.0
   104.110    31.776    31.543    54.000     0.013      41      12    22.0    38.0
   104.095    31.763    31.543    54.000     0.012      39      20    24.0    38.0
   104.080    31.750    31.543    54.000     0.012      39      22    26.0    38.0
   104.280    31.911    29.925    54.000     0.013      52      26     0.0    36.0
   104.265    31.898    29.925    54.000     0.008      56      29     2.0    36.0
   104.251    31.885    29.925    54.000     0.009      74      37     4.0    36.0
   104.236    31.872    29.925    54.000     0.009      73      37     6.0    36.0
   104.221    31.859    29.925    54.000     0.010      77      36     8.0    36.0
   104.207    31.846    29.925    54.000     0.010      74      36    10.0    36.0
   104.192    31.833    29.925    54.000     0.007      77      36    12.0    36.0
   104.177    31.820    29.925    54.000     0.006      78      36    14.0    36.0
   104.163    31.807    29.925    54.000     0.007      45      11    16.0    36.0
   104.148    31.794    29.925    54.000     0.009      42      14    18.0    36.0
   104.133    31.781    29.925    54.000     0.010      42      14    20.0    36.0
   104.119    31.768    29.925    54.000     0.007      43      17    22.0    36.0
   104.104    31.755    29.925    54.000     0.007      35      24    24.0    36.0
   104.089    31.742    29.925    54.000     0.007      36      25    26.0    36.0
   104.289    31.904    28.307    54.000     0.011      55      30     0.0    34.0
   104.274    31.891    28.307    54.000     0.006      56      30     2.0    34.0
   104.260    31.878    28.307    54.000     0.004      38      10     4.0    34.0
   104.245    31.865    28.307    54.000     0.004      75      37     6.0    34.0
   104.230    31.852    28.307    54.000     0.004      71      36     8.0    34.0
   104.216    31.839    28.307    54.000     0.004      78      37    10.0    34.0
   104.201    31.826    28.307    54.000     0.004      45      11    12.0    34.0
   104.186    31.813    28.307    54.000     0.003      82      37    14.0    34.0
   104.172    31.800    28.307    54.000     0.003      35      29    16.0    34.0
   104.157    31.787    28.307    54.000     0.003      36      30    18.0    34.0
   104.142    31.774    28.307    54.000     0.003      37      30    20.0    34.0
   104.128    31.761    28.307    54.000     0.003      46      31    22.0    34.0
   104.113    31.748    28.307    54.000     0.005      42      32    24.0    34.0
   104.098    31.735    28.307    54.000     0.007      43      30    26.0    34.0
   104.298    31.896    26.689    54.000     0.011      21       3     0.0    32.0
   104.283    31.884    26.689    54.000     0.009      20       4     2.0    32.0
   104.269    31.871    26.689    54.000     0.007      19       3     4.0    32.0
   104.254    31.858    26.689    54.000     0.005      18       3     6.0    32.0
   104.239    31.845    26.689    54.000     0.003      30      10     8.0    32.0
   104.224    31.832    26.689    54.000     0.003      35      14    10.0    32.0
   104.210    31.819    26.689    54.000     0.003      35      29    12.0    32.0
   104.195    31.806    26.689    54.000     0.003      29      29    14.0    32.0
   104.180    31.793    26.689    54.000     0.003      30      29    16.0    32.0
   104.166    31.780    26.689    54.000     0.002      31      27    18.0    32.0
   104.151    31.767    26.689    54.000     0.002      50      32    20.0    32.0
   104.137    31.754    26.689    54.000     0.003      26      22    22.0    32.0
   104.122    31.741    26.689    54.000     0.003      48      31    24.0    32.0
   104.107    31.728    26.689    54.000     0.004      40      37    26.0    32.0
   104.307    31.889    25.071    54.000     0.023      28       4     0.0    30.0
   104.292    31.876    25.071    54.000     0.021      28       4     2.0    30.0
   104.277    31.863    25.071    54.000     0.016      26       4     4.0    30.0
   104.263    31.850    25.071    54.000     0.014      26       4     6.0    30.0
   104.248    31.837    25.071    54.000     0.014      21       3     8.0    30.0
   104.233    31.824    25.071    54.000     0.009      22       3    10.0    30.0
   104.219    31.811    25.071    54.000     0.004      34      10    12.0    30.0
   104.204    31.798    25.071    54.000     0.003      36      30    14.0    30.0
   104.189    31.785    25.071    54.000     0.003      59      32    16.0    30.0
   104.175    31.772    25.071    54.000     0.002      64      30    18.0    30.0
   104.160    31.759    25.071    54.000     0.002       7       3    20.0    30.0
   104.145    31.746    25.071    54.000     0.003      19      26    22.0    30.0
   104.131    31.733    25.071    54.000     0.006      20      25    24.0    30.0
   104.116    31.720    25.071    54.000     0.007      12      14    26.0    30.0
   104.316    31.882    23.452    54.000     0.040      24       3     0.0    28.0
   104.301    31.869    23.452    54.000     0.037      24       3     2.0    28.0
   104.286    31.856    23.452    54.000     0.030      22       3     4.0    28.0
   104.272    31.843    23.452    54.000     0.024      28       3     6.0    28.0
   104.257    31.830    23.452    54.000     0.021      24       3     8.0    28.0
   104.242    31.817    23.452    54.000     0.014      24       3    10.0    28.0
   104.228    31.804    23.452    54.000     0.010      22       3    12.0    28.0
   104.213    31.791    23.452    54.000     0.004      30       3    14.0    28.0
   104.198    31.778    23.452    54.000     0.004      67      31    16.0    28.0
   104.184    31.765    23.452    54.000     0.006       9       8    18.0    28.0
   104.169    31.752    23.452    54.000     0.009       8       8    20.0    28.0
   104.154    31.739    23.452    54.000     0.010       7       9    22.0    28.0
   104.140    31.726    23.452    54.000     0.011       8      10    24.0    28.0
   104.125    31.713    23.452    54.000     0.017      11      14    26.0    28.0
   104.325    31.874    21.834    54.000     0.030      31       3     0.0    26.0
   104.310    31.861    21.834    54.000     0.024      25       3     2.0    26.0
   104.295    31.848    21.834    54.000     0.022      25       3     4.0    26.0
   104.281    31.835    21.834    54.000     0.019      25       3     6.0    26.0
   104.266    31.823    21.834    54.000     0.014      24       3     8.0    26.0
   104.251    31.810    21.834    54.000     0.009      22       3    10.0    26.0
   104.237    31.797    21.834    54.000     0.005      24       3    12.0    26.0
   104.222    31.784    21.834    54.000     0.004      13       9    14.0    26.0
   104.207    31.771    21.834    54.000     0.005      12       9    16.0    26.0
   104.193    31.758    21.834    54.000     0.007      12      10    18.0    26.0
   104.178    31.745    21.834    54.000     0.010      16      13    20.0    26.0
   104.163    31.732    21.834    54.000     0.015      12      15    22.0    26.0
   104.149    31.719    21.834    54.000     0.024      12      12    24.0    26.0
   104.134    31.706    21.834    54.000     0.025      11      12    26.0    26.0
   104.334    31.867    20.216    54.000     0.008      91      35     0.0    24.0
   104.319    31.854    20.216    54.000     0.009      90      34     2.0    24.0
   104.304    31.841    20.216    54.000     0.010      89      32     4.0    24.0
   104.290    31.828    20.216    54.000     0.008      29       2     6.0    24.0
   104.275    31.815    20.216    54.000     0.006      92      28     8.0    24.0
   104.260    31.802    20.216    54.000     0.007       3       6    10.0    24.0
   104.246    31.789    20.216    54.000     0.010       3       6    12.0    24.0
   104.231    31.776    20.216    54.000     0.011       1       6    14.0    24.0
   104.216    31.763    20.216    54.000     0.014       3       6    16.0    24.0
   104.202    31.750    20.216    54.000     0.014       1       6    18.0    24.0
   104.187    31.737    20.216    54.000     0.015       2       6    20.0    24.0
   104.172    31.724    20.216    54.000     0.015       2       6    22.0    24.0
   104.158    31.711    20.216    54.000     0.019       7      10    24.0    24.0
   104.143    31.698    20.216    54.000     0.019       3      11    26.0    24.0
   104.343    31.860    18.598    54.000     0.009       1       5     0.0    22.0
   104.328    31.847    18.598    54.000     0.013       1       4     2.0    22.0
   104.313    31.834    18.598    54.000     0.013       1       5     4.0    22.0
   104.298    31.821    18.598    54.000     0.014       3       5     6.0    22.0
   104.284    31.808    18.598    54.000     0.019       5       4     8.0    22.0
   104.269    31.795    18.598    54.000     0.022       1       8    10.0    22.0
   104.254    31.782    18.598    54.000     0.030       2       6    12.0    22.0
   104.240    31.769    18.598    54.000     0.034       2       6    14.0    22.0
   104.225    31.756    18.598    54.000     0.031       1       7    16.0    22.0
   104.210    31.743    18.598    54.000     0.030       1       7    18.0    22.0
   104.196    31.730    18.598    54.000     0.022       3       7    20.0    22.0
   104.181    31.717    18.598    54.000     0.023       1       6    22.0    22.0
   104.167    31.704    18.598    54.000     0.027       2       5    24.0    22.0
   104.152    31.691    18.598    54.000     0.026       3       5    26.0    22.0
   104.351    31.852    16.980    54.000     0.019       4       5     0.0    20.0
   104.337    31.839    16.980    54.000     0.021       8       5     2.0    20.0
   104.322    31.826    16.980    54.000     0.027       9       5     4.0    20.0
   104.307    31.813    16.980    54.000     0.039       1       7     6.0    20.0
   104.293    31.800    16.980    54.000     0.056       1       6     8.0    20.0
   104.278    31.787    16.980    54.000     0.055       1       6    10.0    20.0
   104.263    31.774    16.980    54.000     0.053       1       6    12.0    20.0
   104.249    31.761    16.980    54.000     0.062       1       6    14.0    20.0
   104.234    31.749    16.980    54.000     0.042       1       6    16.0    20.0
   104.219    31.736    16.980    54.000     0.037       1       5    18.0    20.0
   104.205    31.723    16.980    54.000     0.031       1       5    20.0    20.0
   104.190    31.710    16.980    54.000     0.031      94      26    22.0    20.0
   104.175    31.697    16.980    54.000     0.025      93      24    24.0    20.0
   104.161    31.684    16.980    54.000     0.022      95      17    26.0    20.0
   104.360    31.845    15.362    54.000     0.029       1       6     0.0    18.0
   104.346    31.832    15.362    54.000     0.039       2       5     2.0    18.0
   104.331    31.819    15.362    54.000     0.043       1       5     4.0    18.0
   104.316    31.806    15.362    54.000     0.046       1       5     6.0    18.0
   104.302    31.793    15.362    54.000     0.056       1       5     8.0    18.0
   104.287    31.780    15.362    54.000     0.044       1       5    10.0    18.0
   104.272    31.767    15.362    54.000     0.042       2       5    12.0    18.0
   104.258    31.754    15.362    54.000     0.035       4       4    14.0    18.0
   104.243    31.741    15.362    54.000     0.023       2       4    16.0    18.0
   104.228    31.728    15.362    54.000     0.018       4       4    18.0    18.0
   104.214    31.715    15.362    54.000     0.016      97      25    20.0    18.0
   104.199    31.702    15.362    54.000     0.021      96      24    22.0    18.0
   104.184    31.689    15.362    54.000     0.023      95      23    24.0    18.0
   104.170    31.676    15.362    54.000     0.021      96      22    26.0    18.0
   104.369    31.838    13.744    54.000     0.011       2       7     0.0    16.0
   104.355    31.825    13.744    54.000     0.014       1       4     2.0    16.0
   104.340    31.812    13.744    54.000     0.014       1       4     4.0    16.0
   104.325    31.799    13.744    54.000     0.011       1       4     6.0    16.0
   104.311    31.786    13.744    54.000     0.012       6       3     8.0    16.0
   104.296    31.773    13.744    54.000     0.010      82      23    10.0    16.0
   104.281    31.760    13.744    54.000     0.009       9       4    12.0    16.0
   104.267    31.747    13.744    54.000     0.010       5       3    14.0    16.0
   104.252    31.734    13.744    54.000     0.009       5       3    16.0    16.0
   104.237    31.721    13.744    54.000     0.012      96      19    18.0    16.0
   104.223    31.708    13.744    54.000     0.018      95      19    20.0    16.0
   104.208    31.695    13.744    54.000     0.015      95      19    22.0    16.0
   104.193    31.682    13.744    54.000     0.017      99      21    24.0    16.0
   104.179    31.669    13.744    54.000     0.013      96      18    26.0    16.0
   104.378    31.830    12.126    54.000     0.005      82       2     0.0    14.0
   104.364    31.817    12.126    54.000     0.005      81       2     2.0    14.0
   104.349    31.804    12.126    54.000     0.005      82       2     4.0    14.0
   104.334    31.791    12.126    54.000     0.004      80       2     6.0    14.0
   104.320    31.778    12.126    54.000     0.004      15       1     8.0    14.0
   104.305    31.765    12.126    54.000     0.004      84      11    10.0    14.0
   104.290    31.752    12.126    54.000     0.005      89      10    12.0    14.0
   104.275    31.739    12.126    54.000     0.005      90      10    14.0    14.0
   104.261    31.726    12.126    54.000     0.005      87       8    16.0    14.0
   104.246    31.713    12.126    54.000     0.005      86       8    18.0    14.0
   104.232    31.700    12.126    54.000     0.006      86      26    20.0    14.0
   104.217    31.688    12.126    54.000     0.008      89      23    22.0    14.0
   104.202    31.675    12.126    54.000     0.010      89      26    24.0    14.0
   104.188    31.662    12.126    54.000     0.015      90      26    26.0    14.0
   104.387    31.823    10.508    54.000     0.009      86       2     0.0    12.0
   104.372    31.810    10.508    54.000     0.012      86       2     2.0    12.0
   104.358    31.797    10.508    54.000     0.012      84       2     4.0    12.0
   104.343    31.784    10.508    54.000     0.011      83       2     6.0    12.0
   104.328    31.771    10.508    54.000     0.008      84       2     8.0    12.0
   104.314    31.758    10.508    54.000     0.009      95       3    10.0    12.0
   104.299    31.745    10.508    54.000     0.009      94       3    12.0    12.0
   104.284    31.732    10.508    54.000     0.009      84      12    14.0    12.0
   104.270    31.719    10.508    54.000     0.011      84      13    16.0    12.0
   104.255    31.706    10.508    54.000     0.014      86      11    18.0    12.0
   104.240    31.693    10.508    54.000     0.008      88      12    20.0    12.0
   104.226    31.680    10.508    54.000     0.012      85      24    22.0    12.0
   104.211    31.667    10.508    54.000     0.013      86      25    24.0    12.0
   104.197    31.654    10.508    54.000     0.017      87      25    26.0    12.0
   104.396    31.815     8.890    54.000     0.008      89       1     0.0    10.0
   104.381    31.802     8.890    54.000     0.009      89       1     2.0    10.0
   104.367    31.789     8.890    54.000     0.010      95       4     4.0    10.0
   104.352    31.777     8.890    54.000     0.013      97       4     6.0    10.0
   104.337    31.764     8.890    54.000     0.017      97       4     8.0    10.0
   104.323    31.751     8.890    54.000     0.015      94       4    10.0    10.0
   104.308    31.738     8.890    54.000     0.015      98       4    12.0    10.0
   104.293    31.725     8.890    54.000     0.009      98       4    14.0    10.0
   104.279    31.712     8.890    54.000     0.006      86       9    16.0    10.0
   104.264    31.699     8.890    54.000     0.006      85       9    18.0    10.0
   104.249    31.686     8.890    54.000     0.006      84      10    20.0    10.0
   104.235    31.673     8.890    54.000     0.006      86      12    22.0    10.0
   104.220    31.660     8.890    54.000     0.006      86      13    24.0    10.0
   104.205    31.647     8.890    54.000     0.010      86      26    26.0    10.0
   104.405    31.808     7.272    54.000     0.015      88       4     0.0     8.0
   104.390    31.795     7.272    54.000     0.015      89       4     2.0     8.0
   104.376    31.782     7.272    54.000     0.013      97       6     4.0     8.0
   104.361    31.769     7.272    54.000     0.014      95       5     6.0     8.0
   104.346    31.756     7.272    54.000     0.013      98       2     8.0     8.0
   104.332    31.743     7.272    54.000     0.012     100       3    10.0     8.0
   104.317    31.730     7.272    54.000     0.009     100       3    12.0     8.0
   104.302    31.717     7.272    54.000     0.007      99       3    14.0     8.0
   104.288    31.704     7.272    54.000     0.004      99       3    16.0     8.0
   104.273    31.691     7.272    54.000     0.005      86       6    18.0     8.0
   104.258    31.678     7.272    54.000     0.004      85       7    20.0     8.0
   104.244    31.665     7.272    54.000     0.004      87      13    22.0     8.0
   104.229    31.652     7.272    54.000     0.002      87      13    24.0     8.0
   104.214    31.639     7.272    54.000     0.002      88      15    26.0     8.0
   104.414    31.801     5.654    54.000     0.021      99       4     0.0     6.0
   104.399    31.788     5.654    54.000     0.015     100       4     2.0     6.0
   104.385    31.775     5.654    54.000     0.013      95       3     4.0     6.0
   104.370    31.762     5.654    54.000     0.011      98       4     6.0     6.0
   104.355    31.749     5.654    54.000     0.008      99       5     8.0     6.0
   104.341    31.736     5.654    54.000     0.006      98       6    10.0     6.0
   104.326    31.723     5.654    54.000     0.004     100       6    12.0     6.0
   104.311    31.710     5.654    54.000     0.003      91       3    14.0     6.0
   104.297    31.697     5.654    54.000     0.003      90       3    16.0     6.0
   104.282    31.684     5.654    54.000     0.003      93       3    18.0     6.0
   104.267    31.671     5.654    54.000     0.003      93       3    20.0     6.0
   104.253    31.658     5.654    54.000     0.002      57       5    22.0     6.0
   104.238    31.645     5.654    54.000     0.004      52       4    24.0     6.0
   104.223    31.632     5.654    54.000     0.003      57      10    26.0     6.0
   104.423    31.793     4.036    54.000     0.021      21      35     0.0     4.0
   104.408    31.780     4.036    54.000     0.019      24      35     2.0     4.0
   104.393    31.767     4.036    54.000     0.020      25      35     4.0     4.0
   104.379    31.754     4.036    54.000     0.019      24      35     6.0     4.0
   104.364    31.741     4.036    54.000     0.017      24      35     8.0     4.0
   104.349    31.728     4.036    54.000     0.013      22      35    10.0     4.0
   104.335    31.716     4.036    54.000     0.010      19      35    12.0     4.0
   104.320    31.703     4.036    54.000     0.007      20      35    14.0     4.0
   104.305    31.690     4.036    54.000     0.005      27      35    16.0     4.0
   104.291    31.677     4.036    54.000     0.004      27      35    18.0     4.0
   104.276    31.664     4.036    54.000     0.003      26      36    20.0     4.0
   104.261    31.651     4.036    54.000     0.003      58       5    22.0     4.0
   104.247    31.638     4.036    54.000     0.002      61       5    24.0     4.0
   104.232    31.625     4.036    54.000     0.001      63       5    26.0     4.0
   104.432    31.786     2.418    54.000     0.019      36      34     0.0     2.0
   104.417    31.773     2.418    54.000     0.021      36      34     2.0     2.0
   104.402    31.760     2.418    54.000     0.018      39      35     4.0     2.0
   104.388    31.747     2.418    54.000     0.014      40      36     6.0     2.0
   104.373    31.734     2.418    54.000     0.011      38      36     8.0     2.0
   104.358    31.721     2.418    54.000     0.009      29      34    10.0     2.0
   104.344    31.708     2.418    54.000     0.007      30      35    12.0     2.0
   104.329    31.695     2.418    54.000     0.006      24      34    14.0     2.0
   104.314    31.682     2.418    54.000     0.006      23      35    16.0     2.0
   104.300    31.669     2.418    54.000     0.004      25      35    18.0     2.0
   104.285    31.656     2.418    54.000     0.002      26      35    20.0     2.0
   104.270    31.643     2.418    54.000     0.001      39      36    22.0     2.0
   104.256    31.630     2.418    54.000     0.001      38      36    24.0     2.0
   104.241    31.617     2.418    54.000     0.002      53      36    26.0     2.0
   104.441    31.779     0.800    54.000     0.033      41      35     0.0     0.0
   104.426    31.766     0.800    54.000     0.035      43      35     2.0     0.0
   104.411    31.753     0.800    54.000     0.036      41      35     4.0     0.0
   104.397    31.740     0.800    54.000     0.021      40      35     6.0     0.0
   104.382    31.727     0.800    54.000     0.014      45      35     8.0     0.0
   104.367    31.714     0.800    54.000     0.008      42      35    10.0     0.0
   104.353    31.701     0.800    54.000     0.007      48      36    12.0     0.0
   104.338    31.688     0.800    54.000     0.005      53      36    14.0     0.0
   104.323    31.675     0.800    54.000     0.004      51      36    16.0     0.0
   104.309    31.662     0.800    54.000     0.003      49      36    18.0     0.0
   104.294    31.649     0.800    54.000     0.003      54      36    20.0     0.0
   104.279    31.636     0.800    54.000     0.003      53      36    22.0     0.0
   104.265    31.623     0.800    54.000     0.003      56      36    24.0     0.0
   104.250    31.610     0.800    54.000     0.003      54      36    26.0     0.0
