   103.535    31.374    23.947    34.000     0.290       1       4     0.0    40.0
   103.521    31.360    23.947    34.000     0.297      44      36     2.0    40.0
   103.507    31.347    23.947    34.000     0.292      43      35     4.0    40.0
   103.492    31.334    23.947    34.000     0.266      41      31     6.0    40.0
   103.478    31.321    23.947    34.000     0.257      41      30     8.0    40.0
   103.464    31.308    23.947    34.000     0.255      41      29    10.0    40.0
   103.449    31.295    23.947    34.000     0.237      41      28    12.0    40.0
   103.435    31.281    23.947    34.000     0.240      41      23    14.0    40.0
   103.421    31.268    23.947    34.000     0.230      42      22    16.0    40.0
   103.406    31.255    23.947    34.000     0.237      42      21    18.0    40.0
   103.392    31.242    23.947    34.000     0.210      42      20    20.0    40.0
   103.378    31.229    23.947    34.000     0.211      43      18    22.0    40.0
   103.363    31.216    23.947    34.000     0.177      42      17    24.0    40.0
   103.349    31.202    23.947    34.000     0.172      41      17    26.0    40.0
   103.335    31.189    23.947    34.000     0.157      39      17    28.0    40.0
   103.320    31.176    23.947    34.000     0.134      40      12    30.0    40.0
   103.306    31.163    23.947    34.000     0.116      38      11    32.0    40.0
   103.292    31.150    23.947    34.000     0.105      43      11    34.0    40.0
   103.277    31.136    23.947    34.000     0.085      39       9    36.0    40.0
   103.263    31.123    23.947    34.000     0.071      42      11    38.0    40.0
   103.249    31.110    23.947    34.000     0.062      16      25    40.0    40.0
   103.235    31.097    23.947    34.000     0.060      13      23    42.0    40.0
   103.220    31.084    23.947    34.000     0.060      16      23    44.0    40.0
   103.206    31.070    23.947    34.000     0.060      16      23    46.0    40.0
   103.192    31.057    23.947    34.000     0.056      18      22    48.0    40.0
   103.178    31.044    23.947    34.000     0.060      17      21    50.0    40.0
   103.163    31.031    23.947    34.000     0.065      18      21    52.0    40.0
   103.149    31.018    23.947    34.000     0.050      18      21    54.0    40.0
   103.135    31.004    23.947    34.000     0.039      19      17    56.0    40.0
   103.120    30.991    23.947    34.000     0.028       4      25    58.0    40.0
   103.106    30.978    23.947    34.000     0.023       4      24    60.0    40.0
   103.092    30.965    23.947    34.000     0.015       6      27    62.0    40.0
   103.078    30.951    23.947    34.000     0.012       6      27    64.0    40.0
   103.548    31.363    22.829    34.000     0.466       1       3     0.0    38.0
   103.534    31.350    22.829    34.000     0.417       3       3     2.0    38.0
   103.519    31.337    22.829    34.000     0.365       4       3     4.0    38.0
   103.505    31.324    22.829    34.000     0.331       2       4     6.0    38.0
   103.491    31.311    22.829    34.000     0.289       3       3     8.0    38.0
   103.476    31.298    22.829    34.000     0.246      49      35    10.0    38.0
   103.462    31.284    22.829    34.000     0.209      46      28    12.0    38.0
   103.448    31.271    22.829    34.000     0.191      47      27    14.0    38.0
   103.433    31.258    22.829    34.000     0.179      49      21    16.0    38.0
   103.419    31.245    22.829    34.000     0.186      47      21    18.0    38.0
   103.405    31.232    22.829    34.000     0.192      47      20    20.0    38.0
   103.390    31.218    22.829    34.000     0.205      47      19    22.0    38.0
   103.376    31.205    22.829    34.000     0.157      47      17    24.0    38.0
   103.362    31.192    22.829    34.000     0.135      47      15    26.0    38.0
   103.347    31.179    22.829    34.000     0.127      45      15    28.0    38.0
   103.333    31.166    22.829    34.000     0.120      44      14    30.0    38.0
   103.319    31.153    22.829    34.000     0.108      43      13    32.0    38.0
   103.305    31.139    22.829    34.000     0.086       2      28    34.0    38.0
   103.290    31.126    22.829    34.000     0.089       9      28    36.0    38.0
   103.276    31.113    22.829    34.000     0.091       8      28    38.0    38.0
   103.262    31.100    22.829    34.000     0.095       9      26    40.0    38.0
   103.247    31.087    22.829    34.000     0.089       8      26    42.0    38.0
   103.233    31.073    22.829    34.000     0.088       8      26    44.0    38.0
   103.219    31.060    22.829    34.000     0.081       9      25    46.0    38.0
   103.204    31.047    22.829    34.000     0.067       7      25    48.0    38.0
   103.190    31.034    22.829    34.000     0.055       5      24    50.0    38.0
   103.176    31.021    22.829    34.000     0.053       6      26    52.0    38.0
   103.162    31.007    22.829    34.000     0.049       5      25    54.0    38.0
   103.147    30.994    22.829    34.000     0.045       5      25    56.0    38.0
   103.133    30.981    22.829    34.000     0.032       6      25    58.0    38.0
   103.119    30.968    22.829    34.000     0.028       6      25    60.0    38.0
   103.105    30.954    22.829    34.000     0.025       5      25    62.0    38.0
   103.090    30.941    22.829    34.000     0.017       4      35    64.0    38.0
   103.561    31.353    21.710    34.000     0.493      54      36     0.0    36.0
   103.547    31.340    21.710    34.000     0.446       6       2     2.0    36.0
   103.532    31.327    21.710    34.000     0.377      51      35     4.0    36.0
   103.518    31.314    21.710    34.000     0.343      55      35     6.0    36.0
   103.503    31.301    21.710    34.000     0.294      53      35     8.0    36.0
   103.489    31.287    21.710    34.000     0.269      53      35    10.0    36.0
   103.475    31.274    21.710    34.000     0.230      53      34    12.0    36.0
   103.460    31.261    21.710    34.000     0.225      50      26    14.0    36.0
   103.446    31.248    21.710    34.000     0.209      50      25    16.0    36.0
   103.432    31.235    21.710    34.000     0.197      50      24    18.0    36.0
   103.417    31.221    21.710    34.000     0.184      50      22    20.0    36.0
   103.403    31.208    21.710    34.000     0.158      51      19    22.0    36.0
   103.389    31.195    21.710    34.000     0.140      51      17    24.0    36.0
   103.374    31.182    21.710    34.000     0.127      52      17    26.0    36.0
   103.360    31.169    21.710    34.000     0.097      52      15    28.0    36.0
   103.346    31.156    21.710    34.000     0.094      52      11    30.0    36.0
   103.332    31.142    21.710    34.000     0.084       8      29    32.0    36.0
   103.317    31.129    21.710    34.000     0.085       7      28    34.0    36.0
   103.303    31.116    21.710    34.000     0.090       9      25    36.0    36.0
   103.289    31.103    21.710    34.000     0.092      10      25    38.0    36.0
   103.274    31.090    21.710    34.000     0.099       8      24    40.0    36.0
   103.260    31.076    21.710    34.000     0.086       9      25    42.0    36.0
   103.246    31.063    21.710    34.000     0.072      10      25    44.0    36.0
   103.231    31.050    21.710    34.000     0.057      13      25    46.0    36.0
   103.217    31.037    21.710    34.000     0.049       2      33    48.0    36.0
   103.203    31.024    21.710    34.000     0.054       2      33    50.0    36.0
   103.189    31.010    21.710    34.000     0.055       1      25    52.0    36.0
   103.174    30.997    21.710    34.000     0.056       1      25    54.0    36.0
   103.160    30.984    21.710    34.000     0.051       1      32    56.0    36.0
   103.146    30.971    21.710    34.000     0.041       1      31    58.0    36.0
   103.132    30.958    21.710    34.000     0.034       1      26    60.0    36.0
   103.117    30.944    21.710    34.000     0.029       1      23    62.0    36.0
   103.103    30.931    21.710    34.000     0.023       1      26    64.0    36.0
   103.574    31.343    20.592    34.000     0.495      56      36     0.0    34.0
   103.559    31.330    20.592    34.000     0.454      10       2     2.0    34.0
   103.545    31.317    20.592    34.000     0.410      11       2     4.0    34.0
   103.531    31.303    20.592    34.000     0.357      57      35     6.0    34.0
   103.516    31.290    20.592    34.000     0.311      58      34     8.0    34.0
   103.502    31.277    20.592    34.000     0.279      54      31    10.0    34.0
   103.487    31.264    20.592    34.000     0.246      54      28    12.0    34.0
   103.473    31.251    20.592    34.000     0.222      55      26    14.0    34.0
   103.459    31.238    20.592    34.000     0.197      54      24    16.0    34.0
   103.444    31.224    20.592    34.000     0.178      53      23    18.0    34.0
   103.430    31.211    20.592    34.000     0.145      54      23    20.0    34.0
   103.416    31.198    20.592    34.000     0.110      53      21    22.0    34.0
   103.401    31.185    20.592    34.000     0.077      54      20    24.0    34.0
   103.387    31.172    20.592    34.000     0.089      56      16    26.0    34.0
   103.373    31.159    20.592    34.000     0.086      56      14    28.0    34.0
   103.359    31.145    20.592    34.000     0.076      56      10    30.0    34.0
   103.344    31.132    20.592    34.000     0.071      10      26    32.0    34.0
   103.330    31.119    20.592    34.000     0.068      55       6    34.0    34.0
   103.316    31.106    20.592    34.000     0.080      10      25    36.0    34.0
   103.301    31.093    20.592    34.000     0.080      56       5    38.0    34.0
   103.287    31.079    20.592    34.000     0.081      55       4    40.0    34.0
   103.273    31.066    20.592    34.000     0.079      16      37    42.0    34.0
   103.258    31.053    20.592    34.000     0.079      16      37    44.0    34.0
   103.244    31.040    20.592    34.000     0.054      15      37    46.0    34.0
   103.230    31.027    20.592    34.000     0.049      15      37    48.0    34.0
   103.216    31.013    20.592    34.000     0.041      16      37    50.0    34.0
   103.201    31.000    20.592    34.000     0.044      17      37    52.0    34.0
   103.187    30.987    20.592    34.000     0.050       1      32    54.0    34.0
   103.173    30.974    20.592    34.000     0.050       2      32    56.0    34.0
   103.159    30.961    20.592    34.000     0.044       1      32    58.0    34.0
   103.144    30.947    20.592    34.000     0.032       2      30    60.0    34.0
   103.130    30.934    20.592    34.000     0.033       2      25    62.0    34.0
   103.116    30.921    20.592    34.000     0.025       1      23    64.0    34.0
   103.586    31.333    19.474    34.000     0.481      13       2     0.0    32.0
   103.572    31.320    19.474    34.000     0.458      13       2     2.0    32.0
   103.558    31.306    19.474    34.000     0.389      58      34     4.0    32.0
   103.543    31.293    19.474    34.000     0.325      57      34     6.0    32.0
   103.529    31.280    19.474    34.000     0.300      58      33     8.0    32.0
   103.515    31.267    19.474    34.000     0.246      57      28    10.0    32.0
   103.500    31.254    19.474    34.000     0.231      57      28    12.0    32.0
   103.486    31.241    19.474    34.000     0.199      57      26    14.0    32.0
   103.472    31.227    19.474    34.000     0.162      57      26    16.0    32.0
   103.457    31.214    19.474    34.000     0.124      57      25    18.0    32.0
   103.443    31.201    19.474    34.000     0.083      55      22    20.0    32.0
   103.429    31.188    19.474    34.000     0.050      56      25    22.0    32.0
   103.414    31.175    19.474    34.000     0.045      58      16    24.0    32.0
   103.400    31.162    19.474    34.000     0.047      57      15    26.0    32.0
   103.386    31.148    19.474    34.000     0.057      60      13    28.0    32.0
   103.371    31.135    19.474    34.000     0.063      60      10    30.0    32.0
   103.357    31.122    19.474    34.000     0.067      60       8    32.0    32.0
   103.343    31.109    19.474    34.000     0.084      60       6    34.0    32.0
   103.328    31.096    19.474    34.000     0.098      20      37    36.0    32.0
   103.314    31.082    19.474    34.000     0.115      18      37    38.0    32.0
   103.300    31.069    19.474    34.000     0.135      19      37    40.0    32.0
   103.285    31.056    19.474    34.000     0.121      17      37    42.0    32.0
   103.271    31.043    19.474    34.000     0.103      18      37    44.0    32.0
   103.257    31.030    19.474    34.000     0.087      17      37    46.0    32.0
   103.243    31.016    19.474    34.000     0.068      17      37    48.0    32.0
   103.228    31.003    19.474    34.000     0.059      25      37    50.0    32.0
   103.214    30.990    19.474    34.000     0.057      18      37    52.0    32.0
   103.200    30.977    19.474    34.000     0.052      18      37    54.0    32.0
   103.186    30.964    19.474    34.000     0.043      20      37    56.0    32.0
   103.171    30.950    19.474    34.000     0.045      17      37    58.0    32.0
   103.157    30.937    19.474    34.000     0.037      16      37    60.0    32.0
   103.143    30.924    19.474    34.000     0.049       1      27    62.0    32.0
   103.129    30.911    19.474    34.000     0.041       2      26    64.0    32.0
   103.599    31.323    18.355    34.000     0.407      16       2     0.0    30.0
   103.585    31.309    18.355    34.000     0.378      16       2     2.0    30.0
   103.570    31.296    18.355    34.000     0.309      17       1     4.0    30.0
   103.556    31.283    18.355    34.000     0.285      63      35     6.0    30.0
   103.542    31.270    18.355    34.000     0.252      64      34     8.0    30.0
   103.527    31.257    18.355    34.000     0.223      64      33    10.0    30.0
   103.513    31.244    18.355    34.000     0.206      63      33    12.0    30.0
   103.499    31.230    18.355    34.000     0.139      65      33    14.0    30.0
   103.484    31.217    18.355    34.000     0.100      64      30    16.0    30.0
   103.470    31.204    18.355    34.000     0.064      61      28    18.0    30.0
   103.456    31.191    18.355    34.000     0.031      61      22    20.0    30.0
   103.441    31.178    18.355    34.000     0.028      66      18    22.0    30.0
   103.427    31.164    18.355    34.000     0.034      69      11    24.0    30.0
   103.413    31.151    18.355    34.000     0.061      71       6    26.0    30.0
   103.398    31.138    18.355    34.000     0.079      71       6    28.0    30.0
   103.384    31.125    18.355    34.000     0.091      69       5    30.0    30.0
   103.370    31.112    18.355    34.000     0.119      70       4    32.0    30.0
   103.355    31.099    18.355    34.000     0.123      70       4    34.0    30.0
   103.341    31.085    18.355    34.000     0.142      22      37    36.0    30.0
   103.327    31.072    18.355    34.000     0.155      22      37    38.0    30.0
   103.312    31.059    18.355    34.000     0.163      68       3    40.0    30.0
   103.298    31.046    18.355    34.000     0.169      20      37    42.0    30.0
   103.284    31.033    18.355    34.000     0.140      65       2    44.0    30.0
   103.270    31.019    18.355    34.000     0.138      64       1    46.0    30.0
   103.255    31.006    18.355    34.000     0.114      19      37    48.0    30.0
   103.241    30.993    18.355    34.000     0.097      18      37    50.0    30.0
   103.227    30.980    18.355    34.000     0.089      17      37    52.0    30.0
   103.213    30.967    18.355    34.000     0.085      22      37    54.0    30.0
   103.198    30.953    18.355    34.000     0.068      18      37    56.0    30.0
   103.184    30.940    18.355    34.000     0.073      19      37    58.0    30.0
   103.170    30.927    18.355    34.000     0.079       1      27    60.0    30.0
   103.156    30.914    18.355    34.000     0.078       1      23    62.0    30.0
   103.141    30.901    18.355    34.000     0.062       1      23    64.0    30.0
   103.612    31.312    17.237    34.000     0.291      20       2     0.0    28.0
   103.597    31.299    17.237    34.000     0.267      20       2     2.0    28.0
   103.583    31.286    17.237    34.000     0.211      69      36     4.0    28.0
   103.569    31.273    17.237    34.000     0.176      69      36     6.0    28.0
   103.554    31.260    17.237    34.000     0.158      62      29     8.0    28.0
   103.540    31.246    17.237    34.000     0.155      63      29    10.0    28.0
   103.526    31.233    17.237    34.000     0.163      64      29    12.0    28.0
   103.511    31.220    17.237    34.000     0.134      65      28    14.0    28.0
   103.497    31.207    17.237    34.000     0.116      66      29    16.0    28.0
   103.483    31.194    17.237    34.000     0.073      66      28    18.0    28.0
   103.468    31.181    17.237    34.000     0.044      69      19    20.0    28.0
   103.454    31.167    17.237    34.000     0.047      72      15    22.0    28.0
   103.440    31.154    17.237    34.000     0.062      72      13    24.0    28.0
   103.425    31.141    17.237    34.000     0.069      72      10    26.0    28.0
   103.411    31.128    17.237    34.000     0.092      75       5    28.0    28.0
   103.397    31.115    17.237    34.000     0.128      74       5    30.0    28.0
   103.382    31.102    17.237    34.000     0.149      73       4    32.0    28.0
   103.368    31.088    17.237    34.000     0.164      73       4    34.0    28.0
   103.354    31.075    17.237    34.000     0.203      70       4    36.0    28.0
   103.339    31.062    17.237    34.000     0.215      70       1    38.0    28.0
   103.325    31.049    17.237    34.000     0.237      31      36    40.0    28.0
   103.311    31.036    17.237    34.000     0.232      70       1    42.0    28.0
   103.297    31.022    17.237    34.000     0.238      72       1    44.0    28.0
   103.282    31.009    17.237    34.000     0.223      30      36    46.0    28.0
   103.268    30.996    17.237    34.000     0.191      30      36    48.0    28.0
   103.254    30.983    17.237    34.000     0.187      23      37    50.0    28.0
   103.240    30.970    17.237    34.000     0.193      24      37    52.0    28.0
   103.225    30.956    17.237    34.000     0.167      24      37    54.0    28.0
   103.211    30.943    17.237    34.000     0.164      24      37    56.0    28.0
   103.197    30.930    17.237    34.000     0.150      23      37    58.0    28.0
   103.182    30.917    17.237    34.000     0.136      22      37    60.0    28.0
   103.168    30.904    17.237    34.000     0.090      19      37    62.0    28.0
   103.154    30.890    17.237    34.000     0.075       1      23    64.0    28.0
   103.624    31.302    16.118    34.000     0.230      23       2     0.0    26.0
   103.610    31.289    16.118    34.000     0.204      26       3     2.0    26.0
   103.596    31.276    16.118    34.000     0.161      28       2     4.0    26.0
   103.581    31.263    16.118    34.000     0.154      72      31     6.0    26.0
   103.567    31.249    16.118    34.000     0.147      72      30     8.0    26.0
   103.553    31.236    16.118    34.000     0.140      71      27    10.0    26.0
   103.538    31.223    16.118    34.000     0.122      71      25    12.0    26.0
   103.524    31.210    16.118    34.000     0.118      67      27    14.0    26.0
   103.510    31.197    16.118    34.000     0.114      68      27    16.0    26.0
   103.495    31.184    16.118    34.000     0.097      70      25    18.0    26.0
   103.481    31.170    16.118    34.000     0.091      69      24    20.0    26.0
   103.467    31.157    16.118    34.000     0.062      70      23    22.0    26.0
   103.452    31.144    16.118    34.000     0.073      72      16    24.0    26.0
   103.438    31.131    16.118    34.000     0.067      71      15    26.0    26.0
   103.424    31.118    16.118    34.000     0.077      79       6    28.0    26.0
   103.409    31.105    16.118    34.000     0.123      79       5    30.0    26.0
   103.395    31.091    16.118    34.000     0.167      30      36    32.0    26.0
   103.381    31.078    16.118    34.000     0.211      29      36    34.0    26.0
   103.366    31.065    16.118    34.000     0.251      33      36    36.0    26.0
   103.352    31.052    16.118    34.000     0.293      33      36    38.0    26.0
   103.338    31.039    16.118    34.000     0.346      29      37    40.0    26.0
   103.324    31.025    16.118    34.000     0.351      29      37    42.0    26.0
   103.309    31.012    16.118    34.000     0.344      32      36    44.0    26.0
   103.295    30.999    16.118    34.000     0.317      28      37    46.0    26.0
   103.281    30.986    16.118    34.000     0.293      25      37    48.0    26.0
   103.266    30.973    16.118    34.000     0.261      26      37    50.0    26.0
   103.252    30.959    16.118    34.000     0.262      26      37    52.0    26.0
   103.238    30.946    16.118    34.000     0.205      26      37    54.0    26.0
   103.224    30.933    16.118    34.000     0.198      26      37    56.0    26.0
   103.209    30.920    16.118    34.000     0.186      26      37    58.0    26.0
   103.195    30.907    16.118    34.000     0.174      26      37    60.0    26.0
   103.181    30.893    16.118    34.000     0.117      26      37    62.0    26.0
   103.167    30.880    16.118    34.000     0.097      23      37    64.0    26.0
   103.637    31.292    15.000    34.000     0.209      31       2     0.0    24.0
   103.623    31.279    15.000    34.000     0.187      32       2     2.0    24.0
   103.608    31.266    15.000    34.000     0.148      33       1     4.0    24.0
   103.594    31.252    15.000    34.000     0.110      75      32     6.0    24.0
   103.580    31.239    15.000    34.000     0.101      71      28     8.0    24.0
   103.565    31.226    15.000    34.000     0.099      68      28    10.0    24.0
   103.551    31.213    15.000    34.000     0.098      69      28    12.0    24.0
   103.537    31.200    15.000    34.000     0.100      70      23    14.0    24.0
   103.522    31.187    15.000    34.000     0.095      69      24    16.0    24.0
   103.508    31.173    15.000    34.000     0.094      71      22    18.0    24.0
   103.494    31.160    15.000    34.000     0.089      71      22    20.0    24.0
   103.479    31.147    15.000    34.000     0.079      71      22    22.0    24.0
   103.465    31.134    15.000    34.000     0.050      70      22    24.0    24.0
   103.451    31.121    15.000    34.000     0.075      39      36    26.0    24.0
   103.436    31.107    15.000    34.000     0.135      39      36    28.0    24.0
   103.422    31.094    15.000    34.000     0.170      40      36    30.0    24.0
   103.408    31.081    15.000    34.000     0.218      35      36    32.0    24.0
   103.393    31.068    15.000    34.000     0.296      35      36    34.0    24.0
   103.379    31.055    15.000    34.000     0.334      36      36    36.0    24.0
   103.365    31.042    15.000    34.000     0.354      36      36    38.0    24.0
   103.351    31.028    15.000    34.000     0.373      37      36    40.0    24.0
   103.336    31.015    15.000    34.000     0.341      38      36    42.0    24.0
   103.322    31.002    15.000    34.000     0.350      30      37    44.0    24.0
   103.308    30.989    15.000    34.000     0.350      30      37    46.0    24.0
   103.293    30.976    15.000    34.000     0.362      30      37    48.0    24.0
   103.279    30.962    15.000    34.000     0.352      29      37    50.0    24.0
   103.265    30.949    15.000    34.000     0.300      29      37    52.0    24.0
   103.251    30.936    15.000    34.000     0.287      29      37    54.0    24.0
   103.236    30.923    15.000    34.000     0.267      29      37    56.0    24.0
   103.222    30.910    15.000    34.000     0.254      30      37    58.0    24.0
   103.208    30.896    15.000    34.000     0.217      29      37    60.0    24.0
   103.194    30.883    15.000    34.000     0.169      29      37    62.0    24.0
   103.179    30.870    15.000    34.000     0.139      24      37    64.0    24.0
   103.650    31.282    13.882    34.000     0.175      35       2     0.0    22.0
   103.635    31.268    13.882    34.000     0.142      38       2     2.0    22.0
   103.621    31.255    13.882    34.000     0.119      97      34     4.0    22.0
   103.607    31.242    13.882    34.000     0.116      96      34     6.0    22.0
   103.592    31.229    13.882    34.000     0.101      96      34     8.0    22.0
   103.578    31.216    13.882    34.000     0.064      96      34    10.0    22.0
   103.564    31.203    13.882    34.000     0.049      70      23    12.0    22.0
   103.549    31.189    13.882    34.000     0.053      69      23    14.0    22.0
   103.535    31.176    13.882    34.000     0.055      69      23    16.0    22.0
   103.521    31.163    13.882    34.000     0.053      70      23    18.0    22.0
   103.506    31.150    13.882    34.000     0.045      68      23    20.0    22.0
   103.492    31.137    13.882    34.000     0.039      73      23    22.0    22.0
   103.478    31.124    13.882    34.000     0.071      46      35    24.0    22.0
   103.463    31.110    13.882    34.000     0.128      46      36    26.0    22.0
   103.449    31.097    13.882    34.000     0.188      45      36    28.0    22.0
   103.435    31.084    13.882    34.000     0.230      49      35    30.0    22.0
   103.420    31.071    13.882    34.000     0.312      40      36    32.0    22.0
   103.406    31.058    13.882    34.000     0.358      41      36    34.0    22.0
   103.392    31.045    13.882    34.000     0.376      42      36    36.0    22.0
   103.378    31.031    13.882    34.000     0.343      42      36    38.0    22.0
   103.363    31.018    13.882    34.000     0.352      42      36    40.0    22.0
   103.349    31.005    13.882    34.000     0.352      42      36    42.0    22.0
   103.335    30.992    13.882    34.000     0.345      41      36    44.0    22.0
   103.320    30.979    13.882    34.000     0.335      33      37    46.0    22.0
   103.306    30.965    13.882    34.000     0.358      33      37    48.0    22.0
   103.292    30.952    13.882    34.000     0.361      33      37    50.0    22.0
   103.278    30.939    13.882    34.000     0.364      31      37    52.0    22.0
   103.263    30.926    13.882    34.000     0.352      33      37    54.0    22.0
   103.249    30.913    13.882    34.000     0.328      31      37    56.0    22.0
   103.235    30.899    13.882    34.000     0.309      35      37    58.0    22.0
   103.221    30.886    13.882    34.000     0.276      32      37    60.0    22.0
   103.206    30.873    13.882    34.000     0.221      32      37    62.0    22.0
   103.192    30.860    13.882    34.000     0.198      31      37    64.0    22.0
   103.663    31.271    12.763    34.000     0.206      95      34     0.0    20.0
   103.648    31.258    12.763    34.000     0.198      94      34     2.0    20.0
   103.634    31.245    12.763    34.000     0.190     100      34     4.0    20.0
   103.619    31.232    12.763    34.000     0.178     100      34     6.0    20.0
   103.605    31.219    12.763    34.000     0.156     100      34     8.0    20.0
   103.591    31.206    12.763    34.000     0.133      99      31    10.0    20.0
   103.576    31.192    12.763    34.000     0.081      98      30    12.0    20.0
   103.562    31.179    12.763    34.000     0.053      59      24    14.0    20.0
   103.548    31.166    12.763    34.000     0.059      57      25    16.0    20.0
   103.533    31.153    12.763    34.000     0.073      57      25    18.0    20.0
   103.519    31.140    12.763    34.000     0.083      56      26    20.0    20.0
   103.505    31.127    12.763    34.000     0.099      55      29    22.0    20.0
   103.490    31.113    12.763    34.000     0.135      52      30    24.0    20.0
   103.476    31.100    12.763    34.000     0.192      52      32    26.0    20.0
   103.462    31.087    12.763    34.000     0.260      52      35    28.0    20.0
   103.447    31.074    12.763    34.000     0.316      92      10    30.0    20.0
   103.433    31.061    12.763    34.000     0.382      95      10    32.0    20.0
   103.419    31.048    12.763    34.000     0.431      93      11    34.0    20.0
   103.405    31.034    12.763    34.000     0.492      93       9    36.0    20.0
   103.390    31.021    12.763    34.000     0.492      93       9    38.0    20.0
   103.376    31.008    12.763    34.000     0.466      91       8    40.0    20.0
   103.362    30.995    12.763    34.000     0.378      93       8    42.0    20.0
   103.347    30.982    12.763    34.000     0.358      47      36    44.0    20.0
   103.333    30.968    12.763    34.000     0.336      37      37    46.0    20.0
   103.319    30.955    12.763    34.000     0.348      37      37    48.0    20.0
   103.305    30.942    12.763    34.000     0.409      37      37    50.0    20.0
   103.290    30.929    12.763    34.000     0.371      36      37    52.0    20.0
   103.276    30.916    12.763    34.000     0.316      38      37    54.0    20.0
   103.262    30.902    12.763    34.000     0.265      39      37    56.0    20.0
   103.248    30.889    12.763    34.000     0.229      36      37    58.0    20.0
   103.233    30.876    12.763    34.000     0.211      36      37    60.0    20.0
   103.219    30.863    12.763    34.000     0.181      33      37    62.0    20.0
   103.205    30.850    12.763    34.000     0.148      34      37    64.0    20.0
   103.675    31.261    11.645    34.000     0.295      49       5     0.0    18.0
   103.661    31.248    11.645    34.000     0.283      99      30     2.0    18.0
   103.647    31.235    11.645    34.000     0.267     100      31     4.0    18.0
   103.632    31.222    11.645    34.000     0.239     100      28     6.0    18.0
   103.618    31.209    11.645    34.000     0.226     100      28     8.0    18.0
   103.603    31.195    11.645    34.000     0.180     100      31    10.0    18.0
   103.589    31.182    11.645    34.000     0.143     100      29    12.0    18.0
   103.575    31.169    11.645    34.000     0.119      58      21    14.0    18.0
   103.560    31.156    11.645    34.000     0.117      56      23    16.0    18.0
   103.546    31.143    11.645    34.000     0.144      56      23    18.0    18.0
   103.532    31.130    11.645    34.000     0.157      56      24    20.0    18.0
   103.517    31.116    11.645    34.000     0.174      56      26    22.0    18.0
   103.503    31.103    11.645    34.000     0.193      57      29    24.0    18.0
   103.489    31.090    11.645    34.000     0.265      97      12    26.0    18.0
   103.474    31.077    11.645    34.000     0.333     100      12    28.0    18.0
   103.460    31.064    11.645    34.000     0.394      98      10    30.0    18.0
   103.446    31.051    11.645    34.000     0.444      97      12    32.0    18.0
   103.432    31.037    11.645    34.000     0.455      96      12    34.0    18.0
   103.417    31.024    11.645    34.000     0.434      97       6    36.0    18.0
   103.403    31.011    11.645    34.000     0.412      96       6    38.0    18.0
   103.389    30.998    11.645    34.000     0.423      50      36    40.0    18.0
   103.374    30.985    11.645    34.000     0.421      51      36    42.0    18.0
   103.360    30.971    11.645    34.000     0.366      50      36    44.0    18.0
   103.346    30.958    11.645    34.000     0.315      47      36    46.0    18.0
   103.332    30.945    11.645    34.000     0.342      42      37    48.0    18.0
   103.317    30.932    11.645    34.000     0.384      41      36    50.0    18.0
   103.303    30.919    11.645    34.000     0.335      43      36    52.0    18.0
   103.289    30.905    11.645    34.000     0.278      43      36    54.0    18.0
   103.274    30.892    11.645    34.000     0.230      44      36    56.0    18.0
   103.260    30.879    11.645    34.000     0.214      37      36    58.0    18.0
   103.246    30.866    11.645    34.000     0.193      39      36    60.0    18.0
   103.232    30.853    11.645    34.000     0.152      40      37    62.0    18.0
   103.217    30.839    11.645    34.000     0.119      40      37    64.0    18.0
   103.688    31.251    10.526    34.000     0.292      55       5     0.0    16.0
   103.674    31.238    10.526    34.000     0.299     100      31     2.0    16.0
   103.659    31.225    10.526    34.000     0.256     100      30     4.0    16.0
   103.645    31.211    10.526    34.000     0.246     100      30     6.0    16.0
   103.631    31.198    10.526    34.000     0.232     100      29     8.0    16.0
   103.616    31.185    10.526    34.000     0.214     100      28    10.0    16.0
   103.602    31.172    10.526    34.000     0.205     100      28    12.0    16.0
   103.587    31.159    10.526    34.000     0.162      53      11    14.0    16.0
   103.573    31.146    10.526    34.000     0.149      53      12    16.0    16.0
   103.559    31.132    10.526    34.000     0.145      50      17    18.0    16.0
   103.544    31.119    10.526    34.000     0.147      50      19    20.0    16.0
   103.530    31.106    10.526    34.000     0.165      95      15    22.0    16.0
   103.516    31.093    10.526    34.000     0.235      99      12    24.0    16.0
   103.501    31.080    10.526    34.000     0.287      97      12    26.0    16.0
   103.487    31.067    10.526    34.000     0.343      99      12    28.0    16.0
   103.473    31.053    10.526    34.000     0.334      97      13    30.0    16.0
   103.459    31.040    10.526    34.000     0.356      59      35    32.0    16.0
   103.444    31.027    10.526    34.000     0.369      59      35    34.0    16.0
   103.430    31.014    10.526    34.000     0.402      54      35    36.0    16.0
   103.416    31.001    10.526    34.000     0.425      54      36    38.0    16.0
   103.401    30.988    10.526    34.000     0.431      54      36    40.0    16.0
   103.387    30.974    10.526    34.000     0.413      55      36    42.0    16.0
   103.373    30.961    10.526    34.000     0.356      54      36    44.0    16.0
   103.358    30.948    10.526    34.000     0.332      48      35    46.0    16.0
   103.344    30.935    10.526    34.000     0.330      43      36    48.0    16.0
   103.330    30.922    10.526    34.000     0.391      45      36    50.0    16.0
   103.316    30.908    10.526    34.000     0.353      45      37    52.0    16.0
   103.301    30.895    10.526    34.000     0.285      47      36    54.0    16.0
   103.287    30.882    10.526    34.000     0.229      44      36    56.0    16.0
   103.273    30.869    10.526    34.000     0.199      43      36    58.0    16.0
   103.259    30.856    10.526    34.000     0.161      44      36    60.0    16.0
   103.244    30.842    10.526    34.000     0.125      45      36    62.0    16.0
   103.230    30.829    10.526    34.000     0.091      47      36    64.0    16.0
   103.701    31.241     9.408    34.000     0.248      55       4     0.0    14.0
   103.686    31.228     9.408    34.000     0.243      55       4     2.0    14.0
   103.672    31.214     9.408    34.000     0.225      55       5     4.0    14.0
   103.658    31.201     9.408    34.000     0.208     100      30     6.0    14.0
   103.643    31.188     9.408    34.000     0.196     100      29     8.0    14.0
   103.629    31.175     9.408    34.000     0.180     100      29    10.0    14.0
   103.614    31.162     9.408    34.000     0.128     100      28    12.0    14.0
   103.600    31.149     9.408    34.000     0.121     100      21    14.0    14.0
   103.586    31.135     9.408    34.000     0.121      99      22    16.0    14.0
   103.571    31.122     9.408    34.000     0.116      98      21    18.0    14.0
   103.557    31.109     9.408    34.000     0.121      95      15    20.0    14.0
   103.543    31.096     9.408    34.000     0.145      98      16    22.0    14.0
   103.528    31.083     9.408    34.000     0.195      99      12    24.0    14.0
   103.514    31.070     9.408    34.000     0.211      99      12    26.0    14.0
   103.500    31.056     9.408    34.000     0.237      62      35    28.0    14.0
   103.486    31.043     9.408    34.000     0.290      63      36    30.0    14.0
   103.471    31.030     9.408    34.000     0.315      63      36    32.0    14.0
   103.457    31.017     9.408    34.000     0.307      56      35    34.0    14.0
   103.443    31.004     9.408    34.000     0.371      57      35    36.0    14.0
   103.428    30.991     9.408    34.000     0.408      57      36    38.0    14.0
   103.414    30.977     9.408    34.000     0.409      57      36    40.0    14.0
   103.400    30.964     9.408    34.000     0.394      58      36    42.0    14.0
   103.385    30.951     9.408    34.000     0.344      60      36    44.0    14.0
   103.371    30.938     9.408    34.000     0.309      50      36    46.0    14.0
   103.357    30.925     9.408    34.000     0.336      47      36    48.0    14.0
   103.343    30.911     9.408    34.000     0.379      49      36    50.0    14.0
   103.328    30.898     9.408    34.000     0.357      50      36    52.0    14.0
   103.314    30.885     9.408    34.000     0.271      52      36    54.0    14.0
   103.300    30.872     9.408    34.000     0.213      49      36    56.0    14.0
   103.286    30.859     9.408    34.000     0.203      47      37    58.0    14.0
   103.271    30.845     9.408    34.000     0.120      48      37    60.0    14.0
   103.257    30.832     9.408    34.000     0.099      50      37    62.0    14.0
   103.243    30.819     9.408    34.000     0.064      47      36    64.0    14.0
   103.713    31.230     8.290    34.000     0.209      61       4     0.0    12.0
   103.699    31.217     8.290    34.000     0.190      60       5     2.0    12.0
   103.685    31.204     8.290    34.000     0.172      59       5     4.0    12.0
   103.670    31.191     8.290    34.000     0.137      61       5     6.0    12.0
   103.656    31.178     8.290    34.000     0.118      61       5     8.0    12.0
   103.642    31.165     8.290    34.000     0.098      72      18    10.0    12.0
   103.627    31.152     8.290    34.000     0.100      93      18    12.0    12.0
   103.613    31.138     8.290    34.000     0.117      94      18    14.0    12.0
   103.598    31.125     8.290    34.000     0.133      92      16    16.0    12.0
   103.584    31.112     8.290    34.000     0.148      92      17    18.0    12.0
   103.570    31.099     8.290    34.000     0.170      92      18    20.0    12.0
   103.555    31.086     8.290    34.000     0.167      89      18    22.0    12.0
   103.541    31.073     8.290    34.000     0.166      89      19    24.0    12.0
   103.527    31.059     8.290    34.000     0.157      89      20    26.0    12.0
   103.513    31.046     8.290    34.000     0.158      66      35    28.0    12.0
   103.498    31.033     8.290    34.000     0.199      66      36    30.0    12.0
   103.484    31.020     8.290    34.000     0.218      68      36    32.0    12.0
   103.470    31.007     8.290    34.000     0.261      60      35    34.0    12.0
   103.455    30.994     8.290    34.000     0.292      60      36    36.0    12.0
   103.441    30.980     8.290    34.000     0.345      61      36    38.0    12.0
   103.427    30.967     8.290    34.000     0.356      60      36    40.0    12.0
   103.412    30.954     8.290    34.000     0.350      60      36    42.0    12.0
   103.398    30.941     8.290    34.000     0.277      61      36    44.0    12.0
   103.384    30.928     8.290    34.000     0.260      57      36    46.0    12.0
   103.370    30.914     8.290    34.000     0.301      51      37    48.0    12.0
   103.355    30.901     8.290    34.000     0.303      55      37    50.0    12.0
   103.341    30.888     8.290    34.000     0.295      54      36    52.0    12.0
   103.327    30.875     8.290    34.000     0.235      52      37    54.0    12.0
   103.313    30.862     8.290    34.000     0.190      52      37    56.0    12.0
   103.298    30.848     8.290    34.000     0.160      50      37    58.0    12.0
   103.284    30.835     8.290    34.000     0.107      47      36    60.0    12.0
   103.270    30.822     8.290    34.000     0.071      46      37    62.0    12.0
   103.255    30.809     8.290    34.000     0.046      11       1    64.0    12.0
   103.726    31.220     7.171    34.000     0.198      68       5     0.0    10.0
   103.712    31.207     7.171    34.000     0.172      65       5     2.0    10.0
   103.697    31.194     7.171    34.000     0.160      65       5     4.0    10.0
   103.683    31.181     7.171    34.000     0.149      80      14     6.0    10.0
   103.669    31.168     7.171    34.000     0.153      80      15     8.0    10.0
   103.654    31.154     7.171    34.000     0.156      81      15    10.0    10.0
   103.640    31.141     7.171    34.000     0.157      82      16    12.0    10.0
   103.626    31.128     7.171    34.000     0.156      83      17    14.0    10.0
   103.611    31.115     7.171    34.000     0.127      82      18    16.0    10.0
   103.597    31.102     7.171    34.000     0.128      82      18    18.0    10.0
   103.583    31.089     7.171    34.000     0.131      82      19    20.0    10.0
   103.568    31.075     7.171    34.000     0.148      82      24    22.0    10.0
   103.554    31.062     7.171    34.000     0.157      77      27    24.0    10.0
   103.540    31.049     7.171    34.000     0.161      77      28    26.0    10.0
   103.525    31.036     7.171    34.000     0.155      77      28    28.0    10.0
   103.511    31.023     7.171    34.000     0.153      73      33    30.0    10.0
   103.497    31.010     7.171    34.000     0.155      25       1    32.0    10.0
   103.482    30.996     7.171    34.000     0.156      24       1    34.0    10.0
   103.468    30.983     7.171    34.000     0.169      62      35    36.0    10.0
   103.454    30.970     7.171    34.000     0.197      62      36    38.0    10.0
   103.439    30.957     7.171    34.000     0.206      64      34    40.0    10.0
   103.425    30.944     7.171    34.000     0.189      25       1    42.0    10.0
   103.411    30.931     7.171    34.000     0.178      26       1    44.0    10.0
   103.397    30.917     7.171    34.000     0.204      23       1    46.0    10.0
   103.382    30.904     7.171    34.000     0.192      22       1    48.0    10.0
   103.368    30.891     7.171    34.000     0.187      23       1    50.0    10.0
   103.354    30.878     7.171    34.000     0.156      21       1    52.0    10.0
   103.339    30.865     7.171    34.000     0.127      20       1    54.0    10.0
   103.325    30.851     7.171    34.000     0.118      12       1    56.0    10.0
   103.311    30.838     7.171    34.000     0.115      12       1    58.0    10.0
   103.297    30.825     7.171    34.000     0.093      12       1    60.0    10.0
   103.282    30.812     7.171    34.000     0.083      13       1    62.0    10.0
   103.268    30.799     7.171    34.000     0.062      11       1    64.0    10.0
   103.739    31.210     6.053    34.000     0.161      71       4     0.0     8.0
   103.724    31.197     6.053    34.000     0.148      71       5     2.0     8.0
   103.710    31.184     6.053    34.000     0.150      84      12     4.0     8.0
   103.696    31.171     6.053    34.000     0.176      83      12     6.0     8.0
   103.681    31.157     6.053    34.000     0.186      84      13     8.0     8.0
   103.667    31.144     6.053    34.000     0.178      84      16    10.0     8.0
   103.653    31.131     6.053    34.000     0.165      83      14    12.0     8.0
   103.638    31.118     6.053    34.000     0.169      83      15    14.0     8.0
   103.624    31.105     6.053    34.000     0.171      77      19    16.0     8.0
   103.610    31.092     6.053    34.000     0.175      77      19    18.0     8.0
   103.595    31.078     6.053    34.000     0.169      78      23    20.0     8.0
   103.581    31.065     6.053    34.000     0.155      78      26    22.0     8.0
   103.567    31.052     6.053    34.000     0.156      81      28    24.0     8.0
   103.552    31.039     6.053    34.000     0.155      81      29    26.0     8.0
   103.538    31.026     6.053    34.000     0.150      82      29    28.0     8.0
   103.524    31.013     6.053    34.000     0.137      82      30    30.0     8.0
   103.509    30.999     6.053    34.000     0.134      65      22    32.0     8.0
   103.495    30.986     6.053    34.000     0.142      66      22    34.0     8.0
   103.481    30.973     6.053    34.000     0.150      66      24    36.0     8.0
   103.466    30.960     6.053    34.000     0.152      67      24    38.0     8.0
   103.452    30.947     6.053    34.000     0.162      69      23    40.0     8.0
   103.438    30.934     6.053    34.000     0.152      69      23    42.0     8.0
   103.423    30.920     6.053    34.000     0.148      31       1    44.0     8.0
   103.409    30.907     6.053    34.000     0.154      30       1    46.0     8.0
   103.395    30.894     6.053    34.000     0.155      29       1    48.0     8.0
   103.381    30.881     6.053    34.000     0.166      30       1    50.0     8.0
   103.366    30.868     6.053    34.000     0.139      26       1    52.0     8.0
   103.352    30.854     6.053    34.000     0.108      17       1    54.0     8.0
   103.338    30.841     6.053    34.000     0.113      18       1    56.0     8.0
   103.324    30.828     6.053    34.000     0.111      19       1    58.0     8.0
   103.309    30.815     6.053    34.000     0.104      18       1    60.0     8.0
   103.295    30.802     6.053    34.000     0.092      16       1    62.0     8.0
   103.281    30.788     6.053    34.000     0.085      15       1    64.0     8.0
   103.751    31.200     4.935    34.000     0.088      88       7     0.0     6.0
   103.737    31.187     4.935    34.000     0.103      87       7     2.0     6.0
   103.723    31.173     4.935    34.000     0.119      85      10     4.0     6.0
   103.708    31.160     4.935    34.000     0.128      87      11     6.0     6.0
   103.694    31.147     4.935    34.000     0.122      84      11     8.0     6.0
   103.680    31.134     4.935    34.000     0.123      80      11    10.0     6.0
   103.665    31.121     4.935    34.000     0.138      81      14    12.0     6.0
   103.651    31.108     4.935    34.000     0.143      80      15    14.0     6.0
   103.637    31.095     4.935    34.000     0.145      80      16    16.0     6.0
   103.622    31.081     4.935    34.000     0.131      81      19    18.0     6.0
   103.608    31.068     4.935    34.000     0.121      81      25    20.0     6.0
   103.594    31.055     4.935    34.000     0.110      75      18    22.0     6.0
   103.579    31.042     4.935    34.000     0.117      75      19    24.0     6.0
   103.565    31.029     4.935    34.000     0.116      70      20    26.0     6.0
   103.551    31.016     4.935    34.000     0.116      71      20    28.0     6.0
   103.536    31.002     4.935    34.000     0.131      70      24    30.0     6.0
   103.522    30.989     4.935    34.000     0.134      70      25    32.0     6.0
   103.508    30.976     4.935    34.000     0.141      70      26    34.0     6.0
   103.493    30.963     4.935    34.000     0.148      99      37    36.0     6.0
   103.479    30.950     4.935    34.000     0.156      99      37    38.0     6.0
   103.465    30.937     4.935    34.000     0.150      97      37    40.0     6.0
   103.450    30.923     4.935    34.000     0.147      98      37    42.0     6.0
   103.436    30.910     4.935    34.000     0.140      70      30    44.0     6.0
   103.422    30.897     4.935    34.000     0.135      70      30    46.0     6.0
   103.408    30.884     4.935    34.000     0.132      35       1    48.0     6.0
   103.393    30.871     4.935    34.000     0.115      71      31    50.0     6.0
   103.379    30.857     4.935    34.000     0.113      76      35    52.0     6.0
   103.365    30.844     4.935    34.000     0.112      40       4    54.0     6.0
   103.351    30.831     4.935    34.000     0.103      75      36    56.0     6.0
   103.336    30.818     4.935    34.000     0.114      74      36    58.0     6.0
   103.322    30.805     4.935    34.000     0.105      74      36    60.0     6.0
   103.308    30.791     4.935    34.000     0.090      73      37    62.0     6.0
   103.294    30.778     4.935    34.000     0.087      19       1    64.0     6.0
   103.764    31.189     3.816    34.000     0.099       3      37     0.0     4.0
   103.750    31.176     3.816    34.000     0.095       2      37     2.0     4.0
   103.735    31.163     3.816    34.000     0.081       4      37     4.0     4.0
   103.721    31.150     3.816    34.000     0.075      90      10     6.0     4.0
   103.707    31.137     3.816    34.000     0.079      85       9     8.0     4.0
   103.692    31.124     3.816    34.000     0.085      85      11    10.0     4.0
   103.678    31.111     3.816    34.000     0.082      84      15    12.0     4.0
   103.664    31.097     3.816    34.000     0.083      84      17    14.0     4.0
   103.649    31.084     3.816    34.000     0.084      84      20    16.0     4.0
   103.635    31.071     3.816    34.000     0.082      79       9    18.0     4.0
   103.621    31.058     3.816    34.000     0.087      76      12    20.0     4.0
   103.606    31.045     3.816    34.000     0.099      76      14    22.0     4.0
   103.592    31.032     3.816    34.000     0.084      76      18    24.0     4.0
   103.578    31.018     3.816    34.000     0.074      75      17    26.0     4.0
   103.563    31.005     3.816    34.000     0.082      74      21    28.0     4.0
   103.549    30.992     3.816    34.000     0.103     100      37    30.0     4.0
   103.535    30.979     3.816    34.000     0.141     100      37    32.0     4.0
   103.520    30.966     3.816    34.000     0.181     100      37    34.0     4.0
   103.506    30.953     3.816    34.000     0.198     100      37    36.0     4.0
   103.492    30.939     3.816    34.000     0.204     100      37    38.0     4.0
   103.477    30.926     3.816    34.000     0.207      99      37    40.0     4.0
   103.463    30.913     3.816    34.000     0.206      97      37    42.0     4.0
   103.449    30.900     3.816    34.000     0.205      96      37    44.0     4.0
   103.435    30.887     3.816    34.000     0.205      91      37    46.0     4.0
   103.420    30.874     3.816    34.000     0.227      94      37    48.0     4.0
   103.406    30.860     3.816    34.000     0.222      95      37    50.0     4.0
   103.392    30.847     3.816    34.000     0.192      91      37    52.0     4.0
   103.377    30.834     3.816    34.000     0.189      85      37    54.0     4.0
   103.363    30.821     3.816    34.000     0.179      86      37    56.0     4.0
   103.349    30.808     3.816    34.000     0.165      80      37    58.0     4.0
   103.335    30.794     3.816    34.000     0.161      80      37    60.0     4.0
   103.320    30.781     3.816    34.000     0.145      79      37    62.0     4.0
   103.306    30.768     3.816    34.000     0.109      78      37    64.0     4.0
   103.777    31.179     2.698    34.000     0.056       7      37     0.0     2.0
   103.762    31.166     2.698    34.000     0.043       7      37     2.0     2.0
   103.748    31.153     2.698    34.000     0.044      91       7     4.0     2.0
   103.734    31.140     2.698    34.000     0.046      90       9     6.0     2.0
   103.719    31.127     2.698    34.000     0.049      90      10     8.0     2.0
   103.705    31.114     2.698    34.000     0.052      89      12    10.0     2.0
   103.691    31.100     2.698    34.000     0.053      89      14    12.0     2.0
   103.676    31.087     2.698    34.000     0.055      88      17    14.0     2.0
   103.662    31.074     2.698    34.000     0.056      84      11    16.0     2.0
   103.648    31.061     2.698    34.000     0.058      84      11    18.0     2.0
   103.633    31.048     2.698    34.000     0.061      76      10    20.0     2.0
   103.619    31.035     2.698    34.000     0.073      66       1    22.0     2.0
   103.605    31.021     2.698    34.000     0.094      65       1    24.0     2.0
   103.590    31.008     2.698    34.000     0.109      66       1    26.0     2.0
   103.576    30.995     2.698    34.000     0.114      66       1    28.0     2.0
   103.562    30.982     2.698    34.000     0.100      32      37    30.0     2.0
   103.547    30.969     2.698    34.000     0.105      31      37    32.0     2.0
   103.533    30.956     2.698    34.000     0.100     100      37    34.0     2.0
   103.519    30.942     2.698    34.000     0.114      99      37    36.0     2.0
   103.504    30.929     2.698    34.000     0.108      99      37    38.0     2.0
   103.490    30.916     2.698    34.000     0.114     100      37    40.0     2.0
   103.476    30.903     2.698    34.000     0.109      98      37    42.0     2.0
   103.462    30.890     2.698    34.000     0.131      96      37    44.0     2.0
   103.447    30.877     2.698    34.000     0.135      97      37    46.0     2.0
   103.433    30.863     2.698    34.000     0.137      95      37    48.0     2.0
   103.419    30.850     2.698    34.000     0.135      91      37    50.0     2.0
   103.404    30.837     2.698    34.000     0.138      91      37    52.0     2.0
   103.390    30.824     2.698    34.000     0.130      86      37    54.0     2.0
   103.376    30.811     2.698    34.000     0.128      86      37    56.0     2.0
   103.362    30.797     2.698    34.000     0.125      85      37    58.0     2.0
   103.347    30.784     2.698    34.000     0.120      83      37    60.0     2.0
   103.333    30.771     2.698    34.000     0.120      82      37    62.0     2.0
   103.319    30.758     2.698    34.000     0.087      79      37    64.0     2.0
   103.789    31.169     1.579    34.000     0.040       3      32     0.0     0.0
   103.775    31.156     1.579    34.000     0.034       2      32     2.0     0.0
   103.761    31.143     1.579    34.000     0.027       4      34     4.0     0.0
   103.746    31.130     1.579    34.000     0.028      93       9     6.0     0.0
   103.732    31.116     1.579    34.000     0.033      92      11     8.0     0.0
   103.718    31.103     1.579    34.000     0.034      91      13    10.0     0.0
   103.703    31.090     1.579    34.000     0.036      91      18    12.0     0.0
   103.689    31.077     1.579    34.000     0.035      91      21    14.0     0.0
   103.675    31.064     1.579    34.000     0.036      88      18    16.0     0.0
   103.660    31.051     1.579    34.000     0.041      88      12    18.0     0.0
   103.646    31.038     1.579    34.000     0.045      80      12    20.0     0.0
   103.632    31.024     1.579    34.000     0.061      70       1    22.0     0.0
   103.617    31.011     1.579    34.000     0.089      70       1    24.0     0.0
   103.603    30.998     1.579    34.000     0.102      70       1    26.0     0.0
   103.589    30.985     1.579    34.000     0.117      37      37    28.0     0.0
   103.574    30.972     1.579    34.000     0.118      37      37    30.0     0.0
   103.560    30.959     1.579    34.000     0.119      71       6    32.0     0.0
   103.546    30.945     1.579    34.000     0.114      73       6    34.0     0.0
   103.531    30.932     1.579    34.000     0.112      70       6    36.0     0.0
   103.517    30.919     1.579    34.000     0.103      72       6    38.0     0.0
   103.503    30.906     1.579    34.000     0.088      69       7    40.0     0.0
   103.488    30.893     1.579    34.000     0.080      70       7    42.0     0.0
   103.474    30.880     1.579    34.000     0.084      69      16    44.0     0.0
   103.460    30.866     1.579    34.000     0.084      94      37    46.0     0.0
   103.446    30.853     1.579    34.000     0.090      95      37    48.0     0.0
   103.431    30.840     1.579    34.000     0.088      96      37    50.0     0.0
   103.417    30.827     1.579    34.000     0.087      96      37    52.0     0.0
   103.403    30.814     1.579    34.000     0.082      55       3    54.0     0.0
   103.389    30.800     1.579    34.000     0.088      90      37    56.0     0.0
   103.374    30.787     1.579    34.000     0.086      89      37    58.0     0.0
   103.360    30.774     1.579    34.000     0.084      87      37    60.0     0.0
   103.346    30.761     1.579    34.000     0.082      85      37    62.0     0.0
   103.332    30.748     1.579    34.000     0.060      85      37    64.0     0.0
