   0.00000000       9.18095261E-02   8.50000009E-02  0.150999993    
   2.00000000       9.30476114E-02   9.00000036E-02  0.158000007    
   4.00000000       9.79047716E-02   9.30000022E-02  0.196999997    
   6.00000000       9.80000049E-02   9.79999974E-02  0.175999999    
   8.00000000       9.53333378E-02   9.09999982E-02  0.148000002    
   10.0000000      0.105238095       9.79999974E-02  0.194000006    
   12.0000000       8.41428563E-02   8.69999975E-02  0.143000007    
   14.0000000       9.50952321E-02   8.50000009E-02  0.187999994    
   16.0000000       8.81428495E-02   7.40000010E-02  0.226999998    
   18.0000000       8.58571455E-02   8.60000029E-02  0.175999999    
   20.0000000       8.24285671E-02   7.69999996E-02  0.141000003    
   22.0000000       7.83333406E-02   6.89999983E-02  0.141000003    
   24.0000000       8.69999975E-02   7.99999982E-02  0.152999997    
   26.0000000       8.83333310E-02   8.39999989E-02  0.197999999    
   28.0000000       8.07619095E-02   7.69999996E-02  0.165999994    
   30.0000000       8.17142874E-02   7.40000010E-02  0.187000006    
   32.0000000       7.83809572E-02   7.00000003E-02  0.123999998    
   34.0000000       7.68095180E-02   7.19999969E-02  0.115000002    
   36.0000000       8.77142847E-02   8.50000009E-02  0.158999994    
   38.0000000       9.25238058E-02   7.59999976E-02  0.231999993    
   40.0000000       9.31428671E-02   8.50000009E-02  0.189999998    
   42.0000000      0.100714289       9.49999988E-02  0.189999998    
   44.0000000      0.102380946       9.49999988E-02  0.194999993    
   46.0000000      0.105047621      0.101999998      0.206000000    
   48.0000000       9.36666578E-02   8.50000009E-02  0.171000004    
   50.0000000       9.54761952E-02   8.90000015E-02  0.178000003    
   52.0000000       9.85238105E-02   9.00000036E-02  0.199000001    
   54.0000000      0.100142851      0.100000001      0.156000003    
   56.0000000       9.98095199E-02   9.79999974E-02  0.151999995    
   58.0000000      0.101476178       8.90000015E-02  0.172999993    
   60.0000000      0.104333319       8.69999975E-02  0.174999997    
   62.0000000       9.81428474E-02   8.29999968E-02  0.216000006    
   64.0000000       9.39523876E-02   8.60000029E-02  0.180000007    
   66.0000000       9.78095308E-02   8.39999989E-02  0.263999999    
   68.0000000       9.28571448E-02   8.29999968E-02  0.247999996    
   70.0000000       8.85714367E-02   8.29999968E-02  0.180000007    
   72.0000000       9.63809341E-02   8.39999989E-02  0.238999993    
   74.0000000      0.111142837       9.39999968E-02  0.254999995    
   76.0000000      0.101333335       8.29999968E-02  0.261000007    
   78.0000000       9.79523882E-02   9.60000008E-02  0.192000002    
   80.0000000       9.05714408E-02   8.50000009E-02  0.171000004    
   82.0000000      0.106000006       9.20000002E-02  0.330000013    
   84.0000000      0.104428567       8.60000029E-02  0.351999998    
   86.0000000      0.103904746       9.70000029E-02  0.197999999    
   88.0000000       9.69523937E-02   8.10000002E-02  0.187999994    
   90.0000000      0.107380934       8.90000015E-02  0.221000001    
   92.0000000      0.109333321       9.30000022E-02  0.257999986    
   94.0000000       9.38571319E-02   8.10000002E-02  0.194999993    
   96.0000000       8.29523876E-02   7.69999996E-02  0.150000006    
   98.0000000       8.55238065E-02   7.29999989E-02  0.275000006    
   100.000000       9.96666774E-02   9.00000036E-02  0.240999997    
   102.000000      0.102857150       8.60000029E-02  0.202999994    
   104.000000      0.101095237       9.39999968E-02  0.202000007    
   106.000000       9.87619013E-02   9.39999968E-02  0.216999993    
   108.000000       9.88571271E-02   8.79999995E-02  0.244000003    
   110.000000      0.103952371       8.90000015E-02  0.284000009    
   112.000000       8.88095200E-02   9.09999982E-02  0.147000000    
   114.000000       9.57619101E-02   9.39999968E-02  0.138999999    
   116.000000      0.101952381       9.79999974E-02  0.170000002    
   118.000000       9.61904749E-02   9.00000036E-02  0.145999998    
   120.000000      0.101904757      0.104000002      0.177000001    
   122.000000       8.94285738E-02   8.20000023E-02  0.140000001    
   124.000000       9.85238105E-02   9.30000022E-02  0.187000006    
   126.000000      0.103523798       8.90000015E-02  0.194999993    
   128.000000      0.116476193      0.108000003      0.239999995    
   130.000000      0.117047630       9.89999995E-02  0.214000002    
   132.000000      0.112238102      0.108000003      0.194000006    
   134.000000      0.110523805      0.114000000      0.174999997    
   136.000000      0.112571418      0.107000001      0.238999993    
   138.000000      0.106571421      0.104999997      0.333999991    
   140.000000      0.117809534      0.112999998      0.234999999    
   142.000000      0.124904767      0.105999999      0.275000006    
   144.000000      0.122333333      0.103000000      0.270000011    
   146.000000      0.124047622      0.111000001      0.273000002    
   148.000000      0.125333339      0.119000003      0.256999999    
   150.000000      0.123285711       9.00000036E-02  0.263999999    
   152.000000      0.133285731      0.104999997      0.291999996    
   154.000000      0.145190492      0.116999999      0.344000012    
   156.000000      0.137999997      0.109999999      0.398000002    
   158.000000      0.146666661      0.109999999      0.416000009    
   160.000000      0.149000019      0.127000004      0.307999998    
   162.000000      0.164333329      0.122000001      0.386999995    
   164.000000      0.173714280      0.149000004      0.402000010    
   166.000000      0.159047633      0.141000003      0.303999990    
   168.000000      0.133571416      0.109999999      0.300999999    
   170.000000      0.116619051      0.108999997      0.228000000    
   172.000000      0.111333333      0.107000001      0.200000003    
   174.000000      0.111476198      0.103000000      0.209999993    
   176.000000      0.106904767      0.101000004      0.204999998    
   178.000000      0.125952408       9.70000029E-02  0.289000005    
   180.000000      0.140428573      0.126000002      0.421999991    
   182.000000      0.130809531      0.111000001      0.268999994    
   184.000000      0.136619046      0.115999997      0.294000000    
   186.000000      0.143857121      0.122000001      0.375999987    
   188.000000      0.133190498      0.108000003      0.428000003    
   190.000000      0.125809520      0.115999997      0.370999992    
   192.000000      0.113047600      0.100000001      0.224000007    
   194.000000      0.124619052      0.115999997      0.264999986    
   196.000000      0.121000007      0.131999999      0.230000004    
   198.000000      0.105809517       9.60000008E-02  0.225999996    
   200.000000      0.101857148       9.49999988E-02  0.312000006    
   202.000000       9.72380862E-02   7.80000016E-02  0.211999997    
   204.000000       9.30476263E-02   8.69999975E-02  0.158000007    
   206.000000       9.30476189E-02   8.69999975E-02  0.165999994    
   208.000000      0.102904752       9.70000029E-02  0.178000003    
   210.000000      0.126047611      0.119000003      0.216999993    
   212.000000      0.138380960      0.127000004      0.259000003    
   214.000000      0.128476202      0.108000003      0.275999993    
   216.000000      0.106047615       9.09999982E-02  0.226999998    
   218.000000      0.108190477      0.101999998      0.224999994    
   220.000000       9.30952430E-02   9.00000036E-02  0.186000004    
   222.000000       9.77619141E-02   9.89999995E-02  0.136000007    
   224.000000      0.110523805      0.104000002      0.203999996    
   226.000000      0.105999991      0.104000002      0.163000003    
   228.000000       9.08571407E-02   9.39999968E-02  0.136000007    
   230.000000      0.109238088      0.105999999      0.231000006    
   232.000000      0.131428555      0.114000000      0.303999990    
   234.000000      0.145761907      0.118000001      0.342000008    
   236.000000      0.146047637      0.136999995      0.273000002    
   238.000000      0.135571420      0.112999998      0.307000011    
   240.000000      0.147714287      0.136000007      0.323000014    
   242.000000      0.141095236      0.131999999      0.246000007    
   244.000000      0.174619049      0.145999998      0.444000006    
   246.000000      0.211666673      0.148000002      0.751999974    
   248.000000      0.235238105      0.180999994      0.716000021    
   250.000000      0.227714285      0.175999999      0.566999972    
   252.000000      0.267238081      0.170000002      0.893000007    
   254.000000      0.307047635      0.195999995      0.930999994    
   256.000000      0.283380926      0.231000006       1.00000000    
   258.000000      0.260619015      0.193000004      0.924000025    
   260.000000      0.226666674      0.174999997      0.646000028    
   262.000000      0.194857121      0.157000005      0.621999979    
   264.000000      0.185333341      0.150999993      0.476000011    
   266.000000      0.162142858      0.149000004      0.326000005    
   268.000000      0.146190464      0.129999995      0.252000004    
   270.000000      0.124047622      0.125000000      0.338999987    
   272.000000      0.110666662       9.60000008E-02  0.171000004    
   274.000000      0.122000001      0.115999997      0.209999993    
   276.000000      0.118809521      0.115999997      0.219999999    
   278.000000      0.121952377      0.127000004      0.224000007    
   280.000000      0.117952369      0.112000003      0.243000001    
   282.000000      0.128190488      0.123999998      0.268000007    
   284.000000      0.131428555      0.119000003      0.225999996    
   286.000000      0.137476176      0.127000004      0.263999999    
   288.000000      0.139428586      0.141000003      0.218999997    
   290.000000      0.128142864      0.126000002      0.221000001    
   292.000000      0.131523818      0.123000003      0.261000007    
   294.000000      0.133142874      0.129999995      0.308999985    
   296.000000      0.138476193      0.116999999      0.289000005    
   298.000000      0.164238110      0.153999999      0.354999989    
   300.000000      0.157333314      0.136000007      0.395000011    
   302.000000      0.155619040      0.116999999      0.324999988    
   304.000000      0.165999994      0.136999995      0.377000004    
   306.000000      0.167666689      0.150000006      0.386000007    
   308.000000      0.159999996      0.128000006      0.425000012    
   310.000000      0.164190471      0.118000001      0.463000000    
   312.000000      0.158666655      0.112999998      0.439999998    
   314.000000      0.141190499      0.108000003      0.365000010    
   316.000000      0.121666670      0.104999997      0.407999992    
   318.000000      0.116666667      0.103000000      0.367000014    
