     6.005       5     0.301
   -34.004      17     0.301
  -130.075      52     0.301
   -37.992      19     0.302
   -38.018      17     0.302
   -48.047      19     0.302
  -134.134      51     0.303
    14.004       8     0.304
   -42.045      25     0.304
   -66.036      30     0.304
  -132.034      53     0.304
     0.020       3     0.305
   -54.042      20     0.306
   -59.954      27     0.307
  -134.062      52     0.308
  -138.076      59     0.308
    -3.934       3     0.309
    10.023       7     0.309
   -40.066      19     0.309
   -37.972      22     0.310
   -44.016      16     0.310
   -54.022      18     0.310
   -34.000      17     0.312
   -98.009      43     0.312
   -44.053      19     0.313
   -47.983      20     0.313
     4.038       6     0.314
     0.000       6     0.315
     8.004       8     0.315
    13.994       7     0.315
  -112.046      58     0.318
   -42.005      19     0.320
    12.021       7     0.321
   -44.074      18     0.322
   -51.995      20     0.322
   -39.957      22     0.323
   -58.053      27     0.323
    16.029       7     0.324
   -39.979      25     0.324
     4.038       3     0.325
     9.970       8     0.325
   -31.992      20     0.326
  -108.042      58     0.327
    12.011       7     0.330
   -40.001      16     0.330
  -214.086      42     0.330
  -216.122      42     0.330
   -42.005      21     0.332
   -47.983      19     0.333
   -48.047      22     0.333
     0.051       4     0.334
   -33.977      20     0.334
  -144.049      55     0.334
  -160.112      54     0.334
   -35.969      17     0.335
     1.987       3     0.336
     0.020       6     0.337
   -28.055      22     0.339
   -35.969      18     0.340
   -48.085      18     0.340
   -44.053      21     0.342
   -64.028      25     0.342
  -134.071      58     0.343
     1.987       6     0.344
   -36.006      19     0.344
  -118.048      57     0.344
  -144.049      56     0.344
    14.004       7     0.346
   -44.053      22     0.346
   -50.011      22     0.346
   -37.999      19     0.348
   -50.031      20     0.350
   -34.004      18     0.351
   -36.006      22     0.351
   -48.073      21     0.352
  -214.086      41     0.352
     0.020       7     0.355
   -36.096      25     0.355
     8.004       7     0.356
     7.972       5     0.361
   -42.005      22     0.361
   -37.992      22     0.363
    16.045       7     0.365
   -46.044      17     0.366
   -49.987      23     0.366
  -136.057      61     0.366
    20.001       7     0.367
   -37.998      25     0.367
   -47.983      22     0.367
  -108.042      57     0.371
     1.987       7     0.375
   -51.995      19     0.375
  -112.046      57     0.376
     6.016       6     0.377
   -41.985      22     0.378
  -110.086      58     0.380
     8.004       6     0.386
  -135.996      61     0.387
    10.023       5     0.393
     1.955       4     0.395
   -41.968      16     0.396
   -40.021      22     0.397
   -50.031      19     0.397
  -142.076      59     0.398
  -134.037      61     0.402
    18.013       7     0.408
   -39.984      19     0.410
  -140.034      59     0.416
  -118.048      56     0.422
   -54.004      17     0.424
     9.970       7     0.425
   -41.968      19     0.426
  -110.086      57     0.428
    13.978       7     0.440
   -54.004      18     0.444
   -46.038      18     0.452
    11.968       8     0.463
   -36.026      20     0.463
   -34.041      20     0.476
   -50.011      19     0.478
   -48.008      17     0.497
   -45.980      19     0.501
   -43.997      19     0.510
   -46.019      22     0.529
   -48.047      21     0.539
   -48.008      18     0.567
   -46.018      20     0.578
   -42.032      19     0.586
   -38.037      21     0.611
   -44.034      22     0.614
   -51.957      18     0.618
   -36.006      20     0.622
   -44.016      19     0.632
   -37.992      20     0.646
   -50.056      18     0.657
   -39.957      20     0.679
   -50.056      17     0.716
   -42.005      20     0.745
   -51.957      17     0.752
   -44.053      20     0.814
   -45.999      21     0.893
   -40.001      21     0.924
   -43.951      21     0.931
   -42.050      21     1.000
