   103.535    31.374    23.947    34.000     0.055     449       1     0.0    40.0
   103.521    31.360    23.947    34.000     0.063     332       1     2.0    40.0
   103.507    31.347    23.947    34.000     0.064     332       1     4.0    40.0
   103.492    31.334    23.947    34.000     0.080     338       1     6.0    40.0
   103.478    31.321    23.947    34.000     0.108     441       1     8.0    40.0
   103.464    31.308    23.947    34.000     0.130     339       1    10.0    40.0
   103.449    31.295    23.947    34.000     0.146     340       1    12.0    40.0
   103.435    31.281    23.947    34.000     0.159     341       1    14.0    40.0
   103.421    31.268    23.947    34.000     0.148     341       1    16.0    40.0
   103.406    31.255    23.947    34.000     0.206     342       1    18.0    40.0
   103.392    31.242    23.947    34.000     0.213     342       1    20.0    40.0
   103.378    31.229    23.947    34.000     0.225     538       1    22.0    40.0
   103.363    31.216    23.947    34.000     0.238     536       1    24.0    40.0
   103.349    31.202    23.947    34.000     0.238     538       1    26.0    40.0
   103.335    31.189    23.947    34.000     0.216     534       1    28.0    40.0
   103.320    31.176    23.947    34.000     0.181     536       1    30.0    40.0
   103.306    31.163    23.947    34.000     0.140     533       1    32.0    40.0
   103.292    31.150    23.947    34.000     0.150     152       1    34.0    40.0
   103.277    31.136    23.947    34.000     0.171     151       1    36.0    40.0
   103.263    31.123    23.947    34.000     0.200     150       1    38.0    40.0
   103.249    31.110    23.947    34.000     0.234     150       1    40.0    40.0
   103.235    31.097    23.947    34.000     0.248     150       1    42.0    40.0
   103.220    31.084    23.947    34.000     0.256     149       1    44.0    40.0
   103.206    31.070    23.947    34.000     0.259     150       1    46.0    40.0
   103.192    31.057    23.947    34.000     0.271     153       1    48.0    40.0
   103.178    31.044    23.947    34.000     0.277     152       1    50.0    40.0
   103.163    31.031    23.947    34.000     0.278     153       1    52.0    40.0
   103.149    31.018    23.947    34.000     0.275     152       1    54.0    40.0
   103.135    31.004    23.947    34.000     0.247     151       1    56.0    40.0
   103.120    30.991    23.947    34.000     0.193     153       1    58.0    40.0
   103.106    30.978    23.947    34.000     0.149     156       1    60.0    40.0
   103.092    30.965    23.947    34.000     0.105     158       1    62.0    40.0
   103.078    30.951    23.947    34.000     0.072     153       1    64.0    40.0
   103.548    31.363    22.829    34.000     0.040     451       1     0.0    38.0
   103.534    31.350    22.829    34.000     0.051     454       1     2.0    38.0
   103.519    31.337    22.829    34.000     0.050     455       1     4.0    38.0
   103.505    31.324    22.829    34.000     0.051     454       1     6.0    38.0
   103.491    31.311    22.829    34.000     0.057     343       1     8.0    38.0
   103.476    31.298    22.829    34.000     0.076     344       1    10.0    38.0
   103.462    31.284    22.829    34.000     0.090     344       1    12.0    38.0
   103.448    31.271    22.829    34.000     0.100     345       1    14.0    38.0
   103.433    31.258    22.829    34.000     0.119     350       1    16.0    38.0
   103.419    31.245    22.829    34.000     0.160     350       1    18.0    38.0
   103.405    31.232    22.829    34.000     0.191     348       1    20.0    38.0
   103.390    31.218    22.829    34.000     0.212     347       1    22.0    38.0
   103.376    31.205    22.829    34.000     0.208     534       1    24.0    38.0
   103.362    31.192    22.829    34.000     0.202     534       1    26.0    38.0
   103.347    31.179    22.829    34.000     0.170     536       1    28.0    38.0
   103.333    31.166    22.829    34.000     0.161     535       1    30.0    38.0
   103.319    31.153    22.829    34.000     0.149     536       1    32.0    38.0
   103.305    31.139    22.829    34.000     0.110     535       1    34.0    38.0
   103.290    31.126    22.829    34.000     0.115     152       1    36.0    38.0
   103.276    31.113    22.829    34.000     0.141     151       1    38.0    38.0
   103.262    31.100    22.829    34.000     0.153     150       1    40.0    38.0
   103.247    31.087    22.829    34.000     0.179     153       1    42.0    38.0
   103.233    31.073    22.829    34.000     0.213     155       1    44.0    38.0
   103.219    31.060    22.829    34.000     0.255     154       1    46.0    38.0
   103.204    31.047    22.829    34.000     0.245     152       1    48.0    38.0
   103.190    31.034    22.829    34.000     0.224     151       1    50.0    38.0
   103.176    31.021    22.829    34.000     0.210     147       1    52.0    38.0
   103.162    31.007    22.829    34.000     0.236     145       1    54.0    38.0
   103.147    30.994    22.829    34.000     0.257     146       1    56.0    38.0
   103.133    30.981    22.829    34.000     0.261     145       1    58.0    38.0
   103.119    30.968    22.829    34.000     0.232     144       1    60.0    38.0
   103.105    30.954    22.829    34.000     0.191     142       1    62.0    38.0
   103.090    30.941    22.829    34.000     0.150     149       1    64.0    38.0
   103.561    31.353    21.710    34.000     0.051     876       1     0.0    36.0
   103.547    31.340    21.710    34.000     0.049     877       1     2.0    36.0
   103.532    31.327    21.710    34.000     0.050     876       1     4.0    36.0
   103.518    31.314    21.710    34.000     0.045     869       1     6.0    36.0
   103.503    31.301    21.710    34.000     0.046     870       1     8.0    36.0
   103.489    31.287    21.710    34.000     0.041     530       1    10.0    36.0
   103.475    31.274    21.710    34.000     0.075     531       1    12.0    36.0
   103.460    31.261    21.710    34.000     0.084     529       1    14.0    36.0
   103.446    31.248    21.710    34.000     0.104     353       1    16.0    36.0
   103.432    31.235    21.710    34.000     0.135     353       1    18.0    36.0
   103.417    31.221    21.710    34.000     0.161     352       1    20.0    36.0
   103.403    31.208    21.710    34.000     0.163     351       1    22.0    36.0
   103.389    31.195    21.710    34.000     0.129     350       1    24.0    36.0
   103.374    31.182    21.710    34.000     0.101     532       1    26.0    36.0
   103.360    31.169    21.710    34.000     0.094     533       1    28.0    36.0
   103.346    31.156    21.710    34.000     0.094     536       1    30.0    36.0
   103.332    31.142    21.710    34.000     0.082     534       1    32.0    36.0
   103.317    31.129    21.710    34.000     0.054     788       1    34.0    36.0
   103.303    31.116    21.710    34.000     0.066     786       1    36.0    36.0
   103.289    31.103    21.710    34.000     0.078     151       1    38.0    36.0
   103.274    31.090    21.710    34.000     0.095      53       1    40.0    36.0
   103.260    31.076    21.710    34.000     0.131      53       1    42.0    36.0
   103.246    31.063    21.710    34.000     0.139      53       1    44.0    36.0
   103.231    31.050    21.710    34.000     0.147      52       1    46.0    36.0
   103.217    31.037    21.710    34.000     0.153      50       1    48.0    36.0
   103.203    31.024    21.710    34.000     0.159      46       1    50.0    36.0
   103.189    31.010    21.710    34.000     0.172      44       1    52.0    36.0
   103.174    30.997    21.710    34.000     0.236     144       1    54.0    36.0
   103.160    30.984    21.710    34.000     0.261     144       1    56.0    36.0
   103.146    30.971    21.710    34.000     0.273     144       1    58.0    36.0
   103.132    30.958    21.710    34.000     0.275     143       1    60.0    36.0
   103.117    30.944    21.710    34.000     0.273     142       1    62.0    36.0
   103.103    30.931    21.710    34.000     0.243     141       1    64.0    36.0
   103.574    31.343    20.592    34.000     0.038     874       1     0.0    34.0
   103.559    31.330    20.592    34.000     0.046     873       1     2.0    34.0
   103.545    31.317    20.592    34.000     0.047     876       1     4.0    34.0
   103.531    31.303    20.592    34.000     0.041     517       1     6.0    34.0
   103.516    31.290    20.592    34.000     0.084     530       1     8.0    34.0
   103.502    31.277    20.592    34.000     0.105     529       1    10.0    34.0
   103.487    31.264    20.592    34.000     0.125     527       1    12.0    34.0
   103.473    31.251    20.592    34.000     0.136     524       1    14.0    34.0
   103.459    31.238    20.592    34.000     0.161     524       1    16.0    34.0
   103.444    31.224    20.592    34.000     0.163     523       1    18.0    34.0
   103.430    31.211    20.592    34.000     0.103     522       1    20.0    34.0
   103.416    31.198    20.592    34.000     0.091     526       1    22.0    34.0
   103.401    31.185    20.592    34.000     0.081     527       1    24.0    34.0
   103.387    31.172    20.592    34.000     0.062     526       1    26.0    34.0
   103.373    31.159    20.592    34.000     0.055     137       1    28.0    34.0
   103.359    31.145    20.592    34.000     0.053     138       1    30.0    34.0
   103.344    31.132    20.592    34.000     0.041     139       1    32.0    34.0
   103.330    31.119    20.592    34.000     0.029     788       1    34.0    34.0
   103.316    31.106    20.592    34.000     0.036      51       1    36.0    34.0
   103.301    31.093    20.592    34.000     0.048      53       1    38.0    34.0
   103.287    31.079    20.592    34.000     0.062      56       1    40.0    34.0
   103.273    31.066    20.592    34.000     0.077      53       1    42.0    34.0
   103.258    31.053    20.592    34.000     0.101      53       1    44.0    34.0
   103.244    31.040    20.592    34.000     0.097      54       1    46.0    34.0
   103.230    31.027    20.592    34.000     0.101      47       1    48.0    34.0
   103.216    31.013    20.592    34.000     0.123      47       1    50.0    34.0
   103.201    31.000    20.592    34.000     0.144     142       1    52.0    34.0
   103.187    30.987    20.592    34.000     0.200     145       1    54.0    34.0
   103.173    30.974    20.592    34.000     0.228     144       1    56.0    34.0
   103.159    30.961    20.592    34.000     0.253     139       1    58.0    34.0
   103.144    30.947    20.592    34.000     0.304     141       1    60.0    34.0
   103.130    30.934    20.592    34.000     0.314     141       1    62.0    34.0
   103.116    30.921    20.592    34.000     0.302     140       1    64.0    34.0
   103.586    31.333    19.474    34.000     0.035     696       1     0.0    32.0
   103.572    31.320    19.474    34.000     0.037     693       1     2.0    32.0
   103.558    31.306    19.474    34.000     0.047     518       1     4.0    32.0
   103.543    31.293    19.474    34.000     0.083     527       1     6.0    32.0
   103.529    31.280    19.474    34.000     0.135     525       1     8.0    32.0
   103.515    31.267    19.474    34.000     0.184     523       1    10.0    32.0
   103.500    31.254    19.474    34.000     0.207     522       1    12.0    32.0
   103.486    31.241    19.474    34.000     0.241     521       1    14.0    32.0
   103.472    31.227    19.474    34.000     0.251     520       1    16.0    32.0
   103.457    31.214    19.474    34.000     0.244     518       1    18.0    32.0
   103.443    31.201    19.474    34.000     0.230     516       1    20.0    32.0
   103.429    31.188    19.474    34.000     0.185     516       1    22.0    32.0
   103.414    31.175    19.474    34.000     0.149     520       1    24.0    32.0
   103.400    31.162    19.474    34.000     0.111     520       1    26.0    32.0
   103.386    31.148    19.474    34.000     0.062     517       1    28.0    32.0
   103.371    31.135    19.474    34.000     0.046     517       1    30.0    32.0
   103.357    31.122    19.474    34.000     0.022     131       1    32.0    32.0
   103.343    31.109    19.474    34.000     0.020     130       1    34.0    32.0
   103.328    31.096    19.474    34.000     0.021     790       1    36.0    32.0
   103.314    31.082    19.474    34.000     0.028     123       1    38.0    32.0
   103.300    31.069    19.474    34.000     0.033     124       1    40.0    32.0
   103.285    31.056    19.474    34.000     0.040     124       1    42.0    32.0
   103.271    31.043    19.474    34.000     0.037     122       1    44.0    32.0
   103.257    31.030    19.474    34.000     0.037      52       1    46.0    32.0
   103.243    31.016    19.474    34.000     0.048      48       1    48.0    32.0
   103.228    31.003    19.474    34.000     0.077     141       1    50.0    32.0
   103.214    30.990    19.474    34.000     0.124     140       1    52.0    32.0
   103.200    30.977    19.474    34.000     0.169     138       1    54.0    32.0
   103.186    30.964    19.474    34.000     0.223     139       1    56.0    32.0
   103.171    30.950    19.474    34.000     0.240     138       1    58.0    32.0
   103.157    30.937    19.474    34.000     0.248     138       1    60.0    32.0
   103.143    30.924    19.474    34.000     0.251     138       1    62.0    32.0
   103.129    30.911    19.474    34.000     0.243     138       1    64.0    32.0
   103.599    31.323    18.355    34.000     0.039     698       1     0.0    30.0
   103.585    31.309    18.355    34.000     0.031     697       1     2.0    30.0
   103.570    31.296    18.355    34.000     0.051     526       1     4.0    30.0
   103.556    31.283    18.355    34.000     0.152     521       1     6.0    30.0
   103.542    31.270    18.355    34.000     0.216     522       1     8.0    30.0
   103.527    31.257    18.355    34.000     0.285     521       1    10.0    30.0
   103.513    31.244    18.355    34.000     0.328     518       1    12.0    30.0
   103.499    31.230    18.355    34.000     0.421     515       1    14.0    30.0
   103.484    31.217    18.355    34.000     0.458     515       1    16.0    30.0
   103.470    31.204    18.355    34.000     0.477     515       1    18.0    30.0
   103.456    31.191    18.355    34.000     0.520     515       1    20.0    30.0
   103.441    31.178    18.355    34.000     0.502     515       1    22.0    30.0
   103.427    31.164    18.355    34.000     0.466     513       1    24.0    30.0
   103.413    31.151    18.355    34.000     0.465     512       1    26.0    30.0
   103.398    31.138    18.355    34.000     0.329     512       1    28.0    30.0
   103.384    31.125    18.355    34.000     0.206     515       1    30.0    30.0
   103.370    31.112    18.355    34.000     0.150     508       1    32.0    30.0
   103.355    31.099    18.355    34.000     0.097     507       1    34.0    30.0
   103.341    31.085    18.355    34.000     0.077     505       1    36.0    30.0
   103.327    31.072    18.355    34.000     0.046     503       1    38.0    30.0
   103.312    31.059    18.355    34.000     0.038     122       1    40.0    30.0
   103.298    31.046    18.355    34.000     0.040     124       1    42.0    30.0
   103.284    31.033    18.355    34.000     0.038     124       1    44.0    30.0
   103.270    31.019    18.355    34.000     0.032     125       1    46.0    30.0
   103.255    31.006    18.355    34.000     0.042     134       1    48.0    30.0
   103.241    30.993    18.355    34.000     0.080     136       1    50.0    30.0
   103.227    30.980    18.355    34.000     0.137     136       1    52.0    30.0
   103.213    30.967    18.355    34.000     0.170     134       1    54.0    30.0
   103.198    30.953    18.355    34.000     0.189     133       1    56.0    30.0
   103.184    30.940    18.355    34.000     0.203     133       1    58.0    30.0
   103.170    30.927    18.355    34.000     0.199     132       1    60.0    30.0
   103.156    30.914    18.355    34.000     0.188     134       1    62.0    30.0
   103.141    30.901    18.355    34.000     0.178     134       1    64.0    30.0
   103.612    31.312    17.237    34.000     0.020     701       1     0.0    28.0
   103.597    31.299    17.237    34.000     0.033     526       1     2.0    28.0
   103.583    31.286    17.237    34.000     0.084     520       1     4.0    28.0
   103.569    31.273    17.237    34.000     0.179     517       1     6.0    28.0
   103.554    31.260    17.237    34.000     0.295     516       1     8.0    28.0
   103.540    31.246    17.237    34.000     0.404     517       1    10.0    28.0
   103.526    31.233    17.237    34.000     0.507     518       1    12.0    28.0
   103.511    31.220    17.237    34.000     0.626     516       1    14.0    28.0
   103.497    31.207    17.237    34.000     0.689     516       1    16.0    28.0
   103.483    31.194    17.237    34.000     0.796     517       1    18.0    28.0
   103.468    31.181    17.237    34.000     0.836     515       1    20.0    28.0
   103.454    31.167    17.237    34.000     0.843     514       1    22.0    28.0
   103.440    31.154    17.237    34.000     0.836     513       1    24.0    28.0
   103.425    31.141    17.237    34.000     0.786     512       1    26.0    28.0
   103.411    31.128    17.237    34.000     0.619     510       1    28.0    28.0
   103.397    31.115    17.237    34.000     0.500     512       1    30.0    28.0
   103.382    31.102    17.237    34.000     0.374     512       1    32.0    28.0
   103.368    31.088    17.237    34.000     0.203     508       1    34.0    28.0
   103.354    31.075    17.237    34.000     0.141     509       1    36.0    28.0
   103.339    31.062    17.237    34.000     0.103     503       1    38.0    28.0
   103.325    31.049    17.237    34.000     0.078     504       1    40.0    28.0
   103.311    31.036    17.237    34.000     0.067     503       1    42.0    28.0
   103.297    31.022    17.237    34.000     0.047     501       1    44.0    28.0
   103.282    31.009    17.237    34.000     0.036     498       1    46.0    28.0
   103.268    30.996    17.237    34.000     0.039     135       1    48.0    28.0
   103.254    30.983    17.237    34.000     0.059     133       1    50.0    28.0
   103.240    30.970    17.237    34.000     0.100     132       1    52.0    28.0
   103.225    30.956    17.237    34.000     0.115     131       1    54.0    28.0
   103.211    30.943    17.237    34.000     0.134     130       1    56.0    28.0
   103.197    30.930    17.237    34.000     0.129     130       1    58.0    28.0
   103.182    30.917    17.237    34.000     0.129     131       1    60.0    28.0
   103.168    30.904    17.237    34.000     0.106     129       1    62.0    28.0
   103.154    30.890    17.237    34.000     0.100     129       1    64.0    28.0
   103.624    31.302    16.118    34.000     0.069     673       1     0.0    26.0
   103.610    31.289    16.118    34.000     0.082     673       1     2.0    26.0
   103.596    31.276    16.118    34.000     0.090     674       1     4.0    26.0
   103.581    31.263    16.118    34.000     0.174     513       1     6.0    26.0
   103.567    31.249    16.118    34.000     0.318     514       1     8.0    26.0
   103.553    31.236    16.118    34.000     0.422     515       1    10.0    26.0
   103.538    31.223    16.118    34.000     0.536     515       1    12.0    26.0
   103.524    31.210    16.118    34.000     0.618     518       1    14.0    26.0
   103.510    31.197    16.118    34.000     0.676     518       1    16.0    26.0
   103.495    31.184    16.118    34.000     0.788     514       1    18.0    26.0
   103.481    31.170    16.118    34.000     0.819     514       1    20.0    26.0
   103.467    31.157    16.118    34.000     0.858     516       1    22.0    26.0
   103.452    31.144    16.118    34.000     0.848     512       1    24.0    26.0
   103.438    31.131    16.118    34.000     0.822     511       1    26.0    26.0
   103.424    31.118    16.118    34.000     0.767     509       1    28.0    26.0
   103.409    31.105    16.118    34.000     0.617     511       1    30.0    26.0
   103.395    31.091    16.118    34.000     0.505     514       1    32.0    26.0
   103.381    31.078    16.118    34.000     0.413     514       1    34.0    26.0
   103.366    31.065    16.118    34.000     0.192     514       1    36.0    26.0
   103.352    31.052    16.118    34.000     0.111      99       1    38.0    26.0
   103.338    31.039    16.118    34.000     0.128      98       1    40.0    26.0
   103.324    31.025    16.118    34.000     0.123      97       1    42.0    26.0
   103.309    31.012    16.118    34.000     0.119      95       1    44.0    26.0
   103.295    30.999    16.118    34.000     0.105      96       1    46.0    26.0
   103.281    30.986    16.118    34.000     0.083      96       1    48.0    26.0
   103.266    30.973    16.118    34.000     0.072      96       1    50.0    26.0
   103.252    30.959    16.118    34.000     0.041      93       1    52.0    26.0
   103.238    30.946    16.118    34.000     0.032     128       1    54.0    26.0
   103.224    30.933    16.118    34.000     0.042     127       1    56.0    26.0
   103.209    30.920    16.118    34.000     0.044     128       1    58.0    26.0
   103.195    30.907    16.118    34.000     0.039     128       1    60.0    26.0
   103.181    30.893    16.118    34.000     0.041     284       1    62.0    26.0
   103.167    30.880    16.118    34.000     0.039     282       1    64.0    26.0
   103.637    31.292    15.000    34.000     0.166     672       1     0.0    24.0
   103.623    31.279    15.000    34.000     0.179     671       1     2.0    24.0
   103.608    31.266    15.000    34.000     0.171     672       1     4.0    24.0
   103.594    31.252    15.000    34.000     0.188     673       1     6.0    24.0
   103.580    31.239    15.000    34.000     0.220     515       1     8.0    24.0
   103.565    31.226    15.000    34.000     0.352     512       1    10.0    24.0
   103.551    31.213    15.000    34.000     0.466     510       1    12.0    24.0
   103.537    31.200    15.000    34.000     0.535     509       1    14.0    24.0
   103.522    31.187    15.000    34.000     0.632     507       1    16.0    24.0
   103.508    31.173    15.000    34.000     0.704     505       1    18.0    24.0
   103.494    31.160    15.000    34.000     0.719     504       1    20.0    24.0
   103.479    31.147    15.000    34.000     0.741     504       1    22.0    24.0
   103.465    31.134    15.000    34.000     0.741     508       1    24.0    24.0
   103.451    31.121    15.000    34.000     0.725     508       1    26.0    24.0
   103.436    31.107    15.000    34.000     0.698     508       1    28.0    24.0
   103.422    31.094    15.000    34.000     0.617     507       1    30.0    24.0
   103.408    31.081    15.000    34.000     0.475     510       1    32.0    24.0
   103.393    31.068    15.000    34.000     0.322     511       1    34.0    24.0
   103.379    31.055    15.000    34.000     0.295      96       1    36.0    24.0
   103.365    31.042    15.000    34.000     0.335      94       1    38.0    24.0
   103.351    31.028    15.000    34.000     0.403      93       1    40.0    24.0
   103.336    31.015    15.000    34.000     0.398      92       1    42.0    24.0
   103.322    31.002    15.000    34.000     0.373      95       1    44.0    24.0
   103.308    30.989    15.000    34.000     0.356      96       1    46.0    24.0
   103.293    30.976    15.000    34.000     0.306      95       1    48.0    24.0
   103.279    30.962    15.000    34.000     0.248      96       1    50.0    24.0
   103.265    30.949    15.000    34.000     0.207      97       1    52.0    24.0
   103.251    30.936    15.000    34.000     0.132      98       1    54.0    24.0
   103.236    30.923    15.000    34.000     0.068      92       1    56.0    24.0
   103.222    30.910    15.000    34.000     0.050      87       1    58.0    24.0
   103.208    30.896    15.000    34.000     0.038      84       1    60.0    24.0
   103.194    30.883    15.000    34.000     0.031      82       1    62.0    24.0
   103.179    30.870    15.000    34.000     0.034     111       1    64.0    24.0
   103.650    31.282    13.882    34.000     0.150     669       1     0.0    22.0
   103.635    31.268    13.882    34.000     0.176     672       1     2.0    22.0
   103.621    31.255    13.882    34.000     0.182     671       1     4.0    22.0
   103.607    31.242    13.882    34.000     0.174     669       1     6.0    22.0
   103.592    31.229    13.882    34.000     0.177     512       1     8.0    22.0
   103.578    31.216    13.882    34.000     0.270     509       1    10.0    22.0
   103.564    31.203    13.882    34.000     0.369     508       1    12.0    22.0
   103.549    31.189    13.882    34.000     0.432     507       1    14.0    22.0
   103.535    31.176    13.882    34.000     0.511     505       1    16.0    22.0
   103.521    31.163    13.882    34.000     0.563     505       1    18.0    22.0
   103.506    31.150    13.882    34.000     0.612     501       1    20.0    22.0
   103.492    31.137    13.882    34.000     0.652     501       1    22.0    22.0
   103.478    31.124    13.882    34.000     0.643     501       1    24.0    22.0
   103.463    31.110    13.882    34.000     0.612     503       1    26.0    22.0
   103.449    31.097    13.882    34.000     0.569     504       1    28.0    22.0
   103.435    31.084    13.882    34.000     0.491     506       1    30.0    22.0
   103.420    31.071    13.882    34.000     0.420      95       1    32.0    22.0
   103.406    31.058    13.882    34.000     0.475      96       1    34.0    22.0
   103.392    31.045    13.882    34.000     0.557      96       1    36.0    22.0
   103.378    31.031    13.882    34.000     0.591      96       1    38.0    22.0
   103.363    31.018    13.882    34.000     0.608      95       1    40.0    22.0
   103.349    31.005    13.882    34.000     0.614      95       1    42.0    22.0
   103.335    30.992    13.882    34.000     0.605      95       1    44.0    22.0
   103.320    30.979    13.882    34.000     0.582      94       1    46.0    22.0
   103.306    30.965    13.882    34.000     0.505      93       1    48.0    22.0
   103.292    30.952    13.882    34.000     0.443      96       1    50.0    22.0
   103.278    30.939    13.882    34.000     0.367      98       1    52.0    22.0
   103.263    30.926    13.882    34.000     0.292      95       1    54.0    22.0
   103.249    30.913    13.882    34.000     0.154      98       1    56.0    22.0
   103.235    30.899    13.882    34.000     0.128     104       1    58.0    22.0
   103.221    30.886    13.882    34.000     0.117     105       1    60.0    22.0
   103.206    30.873    13.882    34.000     0.114     107       1    62.0    22.0
   103.192    30.860    13.882    34.000     0.076     106       1    64.0    22.0
   103.663    31.271    12.763    34.000     0.140     671       1     0.0    20.0
   103.648    31.258    12.763    34.000     0.151     671       1     2.0    20.0
   103.634    31.245    12.763    34.000     0.155     670       1     4.0    20.0
   103.619    31.232    12.763    34.000     0.154     669       1     6.0    20.0
   103.605    31.219    12.763    34.000     0.147     669       1     8.0    20.0
   103.591    31.206    12.763    34.000     0.177     512       1    10.0    20.0
   103.576    31.192    12.763    34.000     0.248     510       1    12.0    20.0
   103.562    31.179    12.763    34.000     0.290     509       1    14.0    20.0
   103.548    31.166    12.763    34.000     0.316     508       1    16.0    20.0
   103.533    31.153    12.763    34.000     0.382     506       1    18.0    20.0
   103.519    31.140    12.763    34.000     0.423     504       1    20.0    20.0
   103.505    31.127    12.763    34.000     0.435     504       1    22.0    20.0
   103.490    31.113    12.763    34.000     0.474     502       1    24.0    20.0
   103.476    31.100    12.763    34.000     0.465     503       1    26.0    20.0
   103.462    31.087    12.763    34.000     0.436     504       1    28.0    20.0
   103.447    31.074    12.763    34.000     0.499      99       1    30.0    20.0
   103.433    31.061    12.763    34.000     0.591      97       1    32.0    20.0
   103.419    31.048    12.763    34.000     0.639      96       1    34.0    20.0
   103.405    31.034    12.763    34.000     0.678      95       1    36.0    20.0
   103.390    31.021    12.763    34.000     0.704      95       1    38.0    20.0
   103.376    31.008    12.763    34.000     0.718      95       1    40.0    20.0
   103.362    30.995    12.763    34.000     0.721      95       1    42.0    20.0
   103.347    30.982    12.763    34.000     0.712      95       1    44.0    20.0
   103.333    30.968    12.763    34.000     0.691      95       1    46.0    20.0
   103.319    30.955    12.763    34.000     0.656      95       1    48.0    20.0
   103.305    30.942    12.763    34.000     0.610      95       1    50.0    20.0
   103.290    30.929    12.763    34.000     0.551      95       1    52.0    20.0
   103.276    30.916    12.763    34.000     0.479      96       1    54.0    20.0
   103.262    30.902    12.763    34.000     0.343      98       1    56.0    20.0
   103.248    30.889    12.763    34.000     0.238     102       1    58.0    20.0
   103.233    30.876    12.763    34.000     0.209     104       1    60.0    20.0
   103.219    30.863    12.763    34.000     0.164     106       1    62.0    20.0
   103.205    30.850    12.763    34.000     0.119     108       1    64.0    20.0
   103.675    31.261    11.645    34.000     0.094     673       1     0.0    18.0
   103.661    31.248    11.645    34.000     0.096     668       1     2.0    18.0
   103.647    31.235    11.645    34.000     0.099     667       1     4.0    18.0
   103.632    31.222    11.645    34.000     0.099     667       1     6.0    18.0
   103.618    31.209    11.645    34.000     0.098     357       1     8.0    18.0
   103.603    31.195    11.645    34.000     0.114     510       1    10.0    18.0
   103.589    31.182    11.645    34.000     0.160     508       1    12.0    18.0
   103.575    31.169    11.645    34.000     0.206     508       1    14.0    18.0
   103.560    31.156    11.645    34.000     0.236     510       1    16.0    18.0
   103.546    31.143    11.645    34.000     0.265     509       1    18.0    18.0
   103.532    31.130    11.645    34.000     0.277     503       1    20.0    18.0
   103.517    31.116    11.645    34.000     0.309     503       1    22.0    18.0
   103.503    31.103    11.645    34.000     0.305     504       1    24.0    18.0
   103.489    31.090    11.645    34.000     0.367     101       1    26.0    18.0
   103.474    31.077    11.645    34.000     0.430      99       1    28.0    18.0
   103.460    31.064    11.645    34.000     0.528      96       1    30.0    18.0
   103.446    31.051    11.645    34.000     0.646      96       1    32.0    18.0
   103.432    31.037    11.645    34.000     0.694      95       1    34.0    18.0
   103.417    31.024    11.645    34.000     0.734      94       1    36.0    18.0
   103.403    31.011    11.645    34.000     0.755      94       1    38.0    18.0
   103.389    30.998    11.645    34.000     0.767      94       1    40.0    18.0
   103.374    30.985    11.645    34.000     0.764      94       1    42.0    18.0
   103.360    30.971    11.645    34.000     0.751      93       1    44.0    18.0
   103.346    30.958    11.645    34.000     0.727      94       1    46.0    18.0
   103.332    30.945    11.645    34.000     0.691      94       1    48.0    18.0
   103.317    30.932    11.645    34.000     0.644      95       1    50.0    18.0
   103.303    30.919    11.645    34.000     0.594      96       1    52.0    18.0
   103.289    30.905    11.645    34.000     0.544      98       1    54.0    18.0
   103.274    30.892    11.645    34.000     0.492     100       1    56.0    18.0
   103.260    30.879    11.645    34.000     0.387     100       1    58.0    18.0
   103.246    30.866    11.645    34.000     0.303     100       1    60.0    18.0
   103.232    30.853    11.645    34.000     0.194     104       1    62.0    18.0
   103.217    30.839    11.645    34.000     0.124     105       1    64.0    18.0
   103.688    31.251    10.526    34.000     0.057     672       1     0.0    16.0
   103.674    31.238    10.526    34.000     0.061     663       1     2.0    16.0
   103.659    31.225    10.526    34.000     0.067     663       1     4.0    16.0
   103.645    31.211    10.526    34.000     0.073     659       1     6.0    16.0
   103.631    31.198    10.526    34.000     0.081     499       1     8.0    16.0
   103.616    31.185    10.526    34.000     0.108     498       1    10.0    16.0
   103.602    31.172    10.526    34.000     0.120     500       1    12.0    16.0
   103.587    31.159    10.526    34.000     0.127     501       1    14.0    16.0
   103.573    31.146    10.526    34.000     0.132     502       1    16.0    16.0
   103.559    31.132    10.526    34.000     0.130     353       1    18.0    16.0
   103.544    31.119    10.526    34.000     0.180     106       1    20.0    16.0
   103.530    31.106    10.526    34.000     0.280     107       1    22.0    16.0
   103.516    31.093    10.526    34.000     0.323     106       1    24.0    16.0
   103.501    31.080    10.526    34.000     0.362     103       1    26.0    16.0
   103.487    31.067    10.526    34.000     0.430     100       1    28.0    16.0
   103.473    31.053    10.526    34.000     0.517      97       1    30.0    16.0
   103.459    31.040    10.526    34.000     0.574      96       1    32.0    16.0
   103.444    31.027    10.526    34.000     0.685      94       1    34.0    16.0
   103.430    31.014    10.526    34.000     0.721      94       1    36.0    16.0
   103.416    31.001    10.526    34.000     0.746      93       1    38.0    16.0
   103.401    30.988    10.526    34.000     0.754      93       1    40.0    16.0
   103.387    30.974    10.526    34.000     0.752      93       1    42.0    16.0
   103.373    30.961    10.526    34.000     0.736      93       1    44.0    16.0
   103.358    30.948    10.526    34.000     0.710      93       1    46.0    16.0
   103.344    30.935    10.526    34.000     0.674      94       1    48.0    16.0
   103.330    30.922    10.526    34.000     0.635      96       1    50.0    16.0
   103.316    30.908    10.526    34.000     0.599      98       1    52.0    16.0
   103.301    30.895    10.526    34.000     0.574      99       1    54.0    16.0
   103.287    30.882    10.526    34.000     0.527     101       1    56.0    16.0
   103.273    30.869    10.526    34.000     0.473     103       1    58.0    16.0
   103.259    30.856    10.526    34.000     0.402     101       1    60.0    16.0
   103.244    30.842    10.526    34.000     0.344     102       1    62.0    16.0
   103.230    30.829    10.526    34.000     0.231     102       1    64.0    16.0
   103.701    31.241     9.408    34.000     0.063     682       1     0.0    14.0
   103.686    31.228     9.408    34.000     0.065     701       1     2.0    14.0
   103.672    31.214     9.408    34.000     0.064     701       1     4.0    14.0
   103.658    31.201     9.408    34.000     0.065     403       1     6.0    14.0
   103.643    31.188     9.408    34.000     0.091     401       1     8.0    14.0
   103.629    31.175     9.408    34.000     0.101     404       1    10.0    14.0
   103.614    31.162     9.408    34.000     0.107     404       1    12.0    14.0
   103.600    31.149     9.408    34.000     0.111     403       1    14.0    14.0
   103.586    31.135     9.408    34.000     0.120     119       1    16.0    14.0
   103.571    31.122     9.408    34.000     0.191     109       1    18.0    14.0
   103.557    31.109     9.408    34.000     0.243     111       1    20.0    14.0
   103.543    31.096     9.408    34.000     0.347     111       1    22.0    14.0
   103.528    31.083     9.408    34.000     0.365     107       1    24.0    14.0
   103.514    31.070     9.408    34.000     0.390     105       1    26.0    14.0
   103.500    31.056     9.408    34.000     0.414     100       1    28.0    14.0
   103.486    31.043     9.408    34.000     0.473     100       1    30.0    14.0
   103.471    31.030     9.408    34.000     0.517      95       1    32.0    14.0
   103.457    31.017     9.408    34.000     0.572      95       1    34.0    14.0
   103.443    31.004     9.408    34.000     0.659      93       1    36.0    14.0
   103.428    30.991     9.408    34.000     0.689      93       1    38.0    14.0
   103.414    30.977     9.408    34.000     0.696      93       1    40.0    14.0
   103.400    30.964     9.408    34.000     0.694      92       1    42.0    14.0
   103.385    30.951     9.408    34.000     0.686      93       1    44.0    14.0
   103.371    30.938     9.408    34.000     0.662      93       1    46.0    14.0
   103.357    30.925     9.408    34.000     0.639      95       1    48.0    14.0
   103.343    30.911     9.408    34.000     0.612      97       1    50.0    14.0
   103.328    30.898     9.408    34.000     0.594      98       1    52.0    14.0
   103.314    30.885     9.408    34.000     0.579     100       1    54.0    14.0
   103.300    30.872     9.408    34.000     0.499     103       1    56.0    14.0
   103.286    30.859     9.408    34.000     0.465     104       1    58.0    14.0
   103.271    30.845     9.408    34.000     0.426     100       1    60.0    14.0
   103.257    30.832     9.408    34.000     0.380     102       1    62.0    14.0
   103.243    30.819     9.408    34.000     0.264     101       1    64.0    14.0
   103.713    31.230     8.290    34.000     0.080     686       1     0.0    12.0
   103.699    31.217     8.290    34.000     0.060     684       1     2.0    12.0
   103.685    31.204     8.290    34.000     0.064     548       1     4.0    12.0
   103.670    31.191     8.290    34.000     0.087     553       1     6.0    12.0
   103.656    31.178     8.290    34.000     0.129     550       1     8.0    12.0
   103.642    31.165     8.290    34.000     0.181     554       1    10.0    12.0
   103.627    31.152     8.290    34.000     0.246     552       1    12.0    12.0
   103.613    31.138     8.290    34.000     0.233     553       1    14.0    12.0
   103.598    31.125     8.290    34.000     0.227     551       1    16.0    12.0
   103.584    31.112     8.290    34.000     0.299     110       1    18.0    12.0
   103.570    31.099     8.290    34.000     0.398     114       1    20.0    12.0
   103.555    31.086     8.290    34.000     0.476     111       1    22.0    12.0
   103.541    31.073     8.290    34.000     0.579     110       1    24.0    12.0
   103.527    31.059     8.290    34.000     0.612     110       1    26.0    12.0
   103.513    31.046     8.290    34.000     0.627     109       1    28.0    12.0
   103.498    31.033     8.290    34.000     0.637     110       1    30.0    12.0
   103.484    31.020     8.290    34.000     0.644     111       1    32.0    12.0
   103.470    31.007     8.290    34.000     0.649     114       1    34.0    12.0
   103.455    30.994     8.290    34.000     0.662     115       1    36.0    12.0
   103.441    30.980     8.290    34.000     0.675     116       1    38.0    12.0
   103.427    30.967     8.290    34.000     0.681     116       1    40.0    12.0
   103.412    30.954     8.290    34.000     0.686     116       1    42.0    12.0
   103.398    30.941     8.290    34.000     0.682     115       1    44.0    12.0
   103.384    30.928     8.290    34.000     0.677     115       1    46.0    12.0
   103.370    30.914     8.290    34.000     0.664     114       1    48.0    12.0
   103.355    30.901     8.290    34.000     0.646     114       1    50.0    12.0
   103.341    30.888     8.290    34.000     0.614     114       1    52.0    12.0
   103.327    30.875     8.290    34.000     0.571     115       1    54.0    12.0
   103.313    30.862     8.290    34.000     0.534     103       1    56.0    12.0
   103.298    30.848     8.290    34.000     0.480     100       1    58.0    12.0
   103.284    30.835     8.290    34.000     0.455     101       1    60.0    12.0
   103.270    30.822     8.290    34.000     0.413     101       1    62.0    12.0
   103.255    30.809     8.290    34.000     0.314     103       1    64.0    12.0
   103.726    31.220     7.171    34.000     0.108     686       1     0.0    10.0
   103.712    31.207     7.171    34.000     0.101     686       1     2.0    10.0
   103.697    31.194     7.171    34.000     0.144     558       1     4.0    10.0
   103.683    31.181     7.171    34.000     0.199     556       1     6.0    10.0
   103.669    31.168     7.171    34.000     0.223     556       1     8.0    10.0
   103.654    31.154     7.171    34.000     0.283     551       1    10.0    10.0
   103.640    31.141     7.171    34.000     0.335     548       1    12.0    10.0
   103.626    31.128     7.171    34.000     0.360     547       1    14.0    10.0
   103.611    31.115     7.171    34.000     0.358     548       1    16.0    10.0
   103.597    31.102     7.171    34.000     0.338     551       1    18.0    10.0
   103.583    31.089     7.171    34.000     0.446     115       1    20.0    10.0
   103.568    31.075     7.171    34.000     0.527     114       1    22.0    10.0
   103.554    31.062     7.171    34.000     0.648     112       1    24.0    10.0
   103.540    31.049     7.171    34.000     0.704     113       1    26.0    10.0
   103.525    31.036     7.171    34.000     0.746     114       1    28.0    10.0
   103.511    31.023     7.171    34.000     0.782     115       1    30.0    10.0
   103.497    31.010     7.171    34.000     0.813     116       1    32.0    10.0
   103.482    30.996     7.171    34.000     0.845     116       1    34.0    10.0
   103.468    30.983     7.171    34.000     0.867     116       1    36.0    10.0
   103.454    30.970     7.171    34.000     0.882     116       1    38.0    10.0
   103.439    30.957     7.171    34.000     0.887     116       1    40.0    10.0
   103.425    30.944     7.171    34.000     0.888     116       1    42.0    10.0
   103.411    30.931     7.171    34.000     0.880     115       1    44.0    10.0
   103.397    30.917     7.171    34.000     0.865     114       1    46.0    10.0
   103.382    30.904     7.171    34.000     0.843     113       1    48.0    10.0
   103.368    30.891     7.171    34.000     0.816     112       1    50.0    10.0
   103.354    30.878     7.171    34.000     0.786     111       1    52.0    10.0
   103.339    30.865     7.171    34.000     0.746     110       1    54.0    10.0
   103.325    30.851     7.171    34.000     0.701     109       1    56.0    10.0
   103.311    30.838     7.171    34.000     0.648     108       1    58.0    10.0
   103.297    30.825     7.171    34.000     0.509     108       1    60.0    10.0
   103.282    30.812     7.171    34.000     0.453     104       1    62.0    10.0
   103.268    30.799     7.171    34.000     0.356     102       1    64.0    10.0
   103.739    31.210     6.053    34.000     0.092     686       1     0.0     8.0
   103.724    31.197     6.053    34.000     0.098     555       1     2.0     8.0
   103.710    31.184     6.053    34.000     0.154     558       1     4.0     8.0
   103.696    31.171     6.053    34.000     0.213     556       1     6.0     8.0
   103.681    31.157     6.053    34.000     0.236     555       1     8.0     8.0
   103.667    31.144     6.053    34.000     0.241     554       1    10.0     8.0
   103.653    31.131     6.053    34.000     0.258     553       1    12.0     8.0
   103.638    31.118     6.053    34.000     0.273     553       1    14.0     8.0
   103.624    31.105     6.053    34.000     0.277     552       1    16.0     8.0
   103.610    31.092     6.053    34.000     0.285     551       1    18.0     8.0
   103.595    31.078     6.053    34.000     0.388     120       1    20.0     8.0
   103.581    31.065     6.053    34.000     0.503     117       1    22.0     8.0
   103.567    31.052     6.053    34.000     0.591     113       1    24.0     8.0
   103.552    31.039     6.053    34.000     0.723     117       1    26.0     8.0
   103.538    31.026     6.053    34.000     0.795     118       1    28.0     8.0
   103.524    31.013     6.053    34.000     0.848     118       1    30.0     8.0
   103.509    30.999     6.053    34.000     0.897     118       1    32.0     8.0
   103.495    30.986     6.053    34.000     0.932     118       1    34.0     8.0
   103.481    30.973     6.053    34.000     0.956     118       1    36.0     8.0
   103.466    30.960     6.053    34.000     0.972     118       1    38.0     8.0
   103.452    30.947     6.053    34.000     0.976     117       1    40.0     8.0
   103.438    30.934     6.053    34.000     0.968     117       1    42.0     8.0
   103.423    30.920     6.053    34.000     0.951     116       1    44.0     8.0
   103.409    30.907     6.053    34.000     0.925     116       1    46.0     8.0
   103.395    30.894     6.053    34.000     0.890     115       1    48.0     8.0
   103.381    30.881     6.053    34.000     0.845     114       1    50.0     8.0
   103.366    30.868     6.053    34.000     0.797     113       1    52.0     8.0
   103.352    30.854     6.053    34.000     0.741     111       1    54.0     8.0
   103.338    30.841     6.053    34.000     0.684     110       1    56.0     8.0
   103.324    30.828     6.053    34.000     0.611     109       1    58.0     8.0
   103.309    30.815     6.053    34.000     0.473     108       1    60.0     8.0
   103.295    30.802     6.053    34.000     0.341     105       1    62.0     8.0
   103.281    30.788     6.053    34.000     0.255     102       1    64.0     8.0
   103.751    31.200     4.935    34.000     0.073     694       1     0.0     6.0
   103.737    31.187     4.935    34.000     0.076     694       1     2.0     6.0
   103.723    31.173     4.935    34.000     0.084     562       1     4.0     6.0
   103.708    31.160     4.935    34.000     0.106     561       1     6.0     6.0
   103.694    31.147     4.935    34.000     0.115     561       1     8.0     6.0
   103.680    31.134     4.935    34.000     0.125     555       1    10.0     6.0
   103.665    31.121     4.935    34.000     0.143     557       1    12.0     6.0
   103.651    31.108     4.935    34.000     0.150     556       1    14.0     6.0
   103.637    31.095     4.935    34.000     0.156     555       1    16.0     6.0
   103.622    31.081     4.935    34.000     0.175     233       1    18.0     6.0
   103.608    31.068     4.935    34.000     0.300     122       1    20.0     6.0
   103.594    31.055     4.935    34.000     0.421     120       1    22.0     6.0
   103.579    31.042     4.935    34.000     0.539     120       1    24.0     6.0
   103.565    31.029     4.935    34.000     0.682     118       1    26.0     6.0
   103.551    31.016     4.935    34.000     0.760     119       1    28.0     6.0
   103.536    31.002     4.935    34.000     0.824     119       1    30.0     6.0
   103.522    30.989     4.935    34.000     0.867     119       1    32.0     6.0
   103.508    30.976     4.935    34.000     0.899     119       1    34.0     6.0
   103.493    30.963     4.935    34.000     0.922     118       1    36.0     6.0
   103.479    30.950     4.935    34.000     0.934     118       1    38.0     6.0
   103.465    30.937     4.935    34.000     0.934     118       1    40.0     6.0
   103.450    30.923     4.935    34.000     0.922     117       1    42.0     6.0
   103.436    30.910     4.935    34.000     0.903     116       1    44.0     6.0
   103.422    30.897     4.935    34.000     0.870     116       1    46.0     6.0
   103.408    30.884     4.935    34.000     0.836     115       1    48.0     6.0
   103.393    30.871     4.935    34.000     0.783     114       1    50.0     6.0
   103.379    30.857     4.935    34.000     0.723     113       1    52.0     6.0
   103.365    30.844     4.935    34.000     0.659     112       1    54.0     6.0
   103.351    30.831     4.935    34.000     0.575     110       1    56.0     6.0
   103.336    30.818     4.935    34.000     0.463     111       1    58.0     6.0
   103.322    30.805     4.935    34.000     0.301     109       1    60.0     6.0
   103.308    30.791     4.935    34.000     0.227     105       1    62.0     6.0
   103.294    30.778     4.935    34.000     0.163     103       1    64.0     6.0
   103.764    31.189     3.816    34.000     0.047     695       1     0.0     4.0
   103.750    31.176     3.816    34.000     0.062     696       1     2.0     4.0
   103.735    31.163     3.816    34.000     0.066     697       1     4.0     4.0
   103.721    31.150     3.816    34.000     0.056     699       1     6.0     4.0
   103.707    31.137     3.816    34.000     0.069     689       1     8.0     4.0
   103.692    31.124     3.816    34.000     0.085     690       1    10.0     4.0
   103.678    31.111     3.816    34.000     0.081     559       1    12.0     4.0
   103.664    31.097     3.816    34.000     0.091     555       1    14.0     4.0
   103.649    31.084     3.816    34.000     0.118     236       1    16.0     4.0
   103.635    31.071     3.816    34.000     0.130     236       1    18.0     4.0
   103.621    31.058     3.816    34.000     0.186     127       1    20.0     4.0
   103.606    31.045     3.816    34.000     0.255     124       1    22.0     4.0
   103.592    31.032     3.816    34.000     0.419     121       1    24.0     4.0
   103.578    31.018     3.816    34.000     0.546     120       1    26.0     4.0
   103.563    31.005     3.816    34.000     0.622     121       1    28.0     4.0
   103.549    30.992     3.816    34.000     0.671     121       1    30.0     4.0
   103.535    30.979     3.816    34.000     0.711     120       1    32.0     4.0
   103.520    30.966     3.816    34.000     0.742     120       1    34.0     4.0
   103.506    30.953     3.816    34.000     0.760     119       1    36.0     4.0
   103.492    30.939     3.816    34.000     0.767     119       1    38.0     4.0
   103.477    30.926     3.816    34.000     0.764     118       1    40.0     4.0
   103.463    30.913     3.816    34.000     0.756     118       1    42.0     4.0
   103.449    30.900     3.816    34.000     0.737     117       1    44.0     4.0
   103.435    30.887     3.816    34.000     0.709     117       1    46.0     4.0
   103.420    30.874     3.816    34.000     0.667     116       1    48.0     4.0
   103.406    30.860     3.816    34.000     0.615     115       1    50.0     4.0
   103.392    30.847     3.816    34.000     0.509     115       1    52.0     4.0
   103.377    30.834     3.816    34.000     0.448     115       1    54.0     4.0
   103.363    30.821     3.816    34.000     0.303     115       1    56.0     4.0
   103.349    30.808     3.816    34.000     0.230     109       1    58.0     4.0
   103.335    30.794     3.816    34.000     0.163     110       1    60.0     4.0
   103.320    30.781     3.816    34.000     0.123     105       1    62.0     4.0
   103.306    30.768     3.816    34.000     0.074     119       1    64.0     4.0
   103.777    31.179     2.698    34.000     0.035     703       1     0.0     2.0
   103.762    31.166     2.698    34.000     0.046     697       1     2.0     2.0
   103.748    31.153     2.698    34.000     0.054     699       1     4.0     2.0
   103.734    31.140     2.698    34.000     0.048     694       1     6.0     2.0
   103.719    31.127     2.698    34.000     0.060     695       1     8.0     2.0
   103.705    31.114     2.698    34.000     0.058     691       1    10.0     2.0
   103.691    31.100     2.698    34.000     0.065     692       1    12.0     2.0
   103.676    31.087     2.698    34.000     0.069     695       1    14.0     2.0
   103.662    31.074     2.698    34.000     0.079     696       1    16.0     2.0
   103.648    31.061     2.698    34.000     0.085     555       1    18.0     2.0
   103.633    31.048     2.698    34.000     0.128     130       1    20.0     2.0
   103.619    31.035     2.698    34.000     0.175     127       1    22.0     2.0
   103.605    31.021     2.698    34.000     0.232     125       1    24.0     2.0
   103.590    31.008     2.698    34.000     0.400     122       1    26.0     2.0
   103.576    30.995     2.698    34.000     0.466     122       1    28.0     2.0
   103.562    30.982     2.698    34.000     0.510     121       1    30.0     2.0
   103.547    30.969     2.698    34.000     0.552     121       1    32.0     2.0
   103.533    30.956     2.698    34.000     0.576     121       1    34.0     2.0
   103.519    30.942     2.698    34.000     0.592     121       1    36.0     2.0
   103.504    30.929     2.698    34.000     0.601     120       1    38.0     2.0
   103.490    30.916     2.698    34.000     0.601     120       1    40.0     2.0
   103.476    30.903     2.698    34.000     0.590     119       1    42.0     2.0
   103.462    30.890     2.698    34.000     0.574     119       1    44.0     2.0
   103.447    30.877     2.698    34.000     0.546     118       1    46.0     2.0
   103.433    30.863     2.698    34.000     0.507     116       1    48.0     2.0
   103.419    30.850     2.698    34.000     0.428     118       1    50.0     2.0
   103.404    30.837     2.698    34.000     0.376     119       1    52.0     2.0
   103.390    30.824     2.698    34.000     0.259     117       1    54.0     2.0
   103.376    30.811     2.698    34.000     0.200     114       1    56.0     2.0
   103.362    30.797     2.698    34.000     0.135     113       1    58.0     2.0
   103.347    30.784     2.698    34.000     0.100     110       1    60.0     2.0
   103.333    30.771     2.698    34.000     0.062     110       1    62.0     2.0
   103.319    30.758     2.698    34.000     0.051     345       1    64.0     2.0
   103.789    31.169     1.579    34.000     0.031     707       1     0.0     0.0
   103.775    31.156     1.579    34.000     0.035     698       1     2.0     0.0
   103.761    31.143     1.579    34.000     0.041     699       1     4.0     0.0
   103.746    31.130     1.579    34.000     0.052     699       1     6.0     0.0
   103.732    31.116     1.579    34.000     0.047     699       1     8.0     0.0
   103.718    31.103     1.579    34.000     0.043     699       1    10.0     0.0
   103.703    31.090     1.579    34.000     0.054     694       1    12.0     0.0
   103.689    31.077     1.579    34.000     0.053     250       1    14.0     0.0
   103.675    31.064     1.579    34.000     0.056     249       1    16.0     0.0
   103.660    31.051     1.579    34.000     0.062     134       1    18.0     0.0
   103.646    31.038     1.579    34.000     0.089     132       1    20.0     0.0
   103.632    31.024     1.579    34.000     0.123     132       1    22.0     0.0
   103.617    31.011     1.579    34.000     0.166     129       1    24.0     0.0
   103.603    30.998     1.579    34.000     0.264     126       1    26.0     0.0
   103.589    30.985     1.579    34.000     0.330     125       1    28.0     0.0
   103.574    30.972     1.579    34.000     0.399     123       1    30.0     0.0
   103.560    30.959     1.579    34.000     0.428     123       1    32.0     0.0
   103.546    30.945     1.579    34.000     0.456     123       1    34.0     0.0
   103.531    30.932     1.579    34.000     0.468     123       1    36.0     0.0
   103.517    30.919     1.579    34.000     0.475     122       1    38.0     0.0
   103.503    30.906     1.579    34.000     0.474     122       1    40.0     0.0
   103.488    30.893     1.579    34.000     0.466     122       1    42.0     0.0
   103.474    30.880     1.579    34.000     0.444     121       1    44.0     0.0
   103.460    30.866     1.579    34.000     0.413     120       1    46.0     0.0
   103.446    30.853     1.579    34.000     0.357     122       1    48.0     0.0
   103.431    30.840     1.579    34.000     0.327     123       1    50.0     0.0
   103.417    30.827     1.579    34.000     0.262     121       1    52.0     0.0
   103.403    30.814     1.579    34.000     0.184     118       1    54.0     0.0
   103.389    30.800     1.579    34.000     0.150     116       1    56.0     0.0
   103.374    30.787     1.579    34.000     0.106     117       1    58.0     0.0
   103.360    30.774     1.579    34.000     0.068     120       1    60.0     0.0
   103.346    30.761     1.579    34.000     0.056     351       1    62.0     0.0
   103.332    30.748     1.579    34.000     0.037     351       1    64.0     0.0
