   104.132    31.868    23.168    34.000     0.088     644       1     0.0    40.0
   104.117    31.855    23.168    34.000     0.118     643       1     2.0    40.0
   104.103    31.842    23.168    34.000     0.157     643       1     4.0    40.0
   104.088    31.829    23.168    34.000     0.165     642       1     6.0    40.0
   104.074    31.815    23.168    34.000     0.168     642       1     8.0    40.0
   104.060    31.802    23.168    34.000     0.155     641       1    10.0    40.0
   104.045    31.789    23.168    34.000     0.121     640       1    12.0    40.0
   104.031    31.776    23.168    34.000     0.108     638       1    14.0    40.0
   104.016    31.763    23.168    34.000     0.101     639       1    16.0    40.0
   104.002    31.750    23.168    34.000     0.079     642       1    18.0    40.0
   103.987    31.736    23.168    34.000     0.068     641       1    20.0    40.0
   103.973    31.723    23.168    34.000     0.047     642       1    22.0    40.0
   103.959    31.710    23.168    34.000     0.032     784       1    24.0    40.0
   103.944    31.697    23.168    34.000     0.050     788       1    26.0    40.0
   103.930    31.684    23.168    34.000     0.072     786       1    28.0    40.0
   103.915    31.671    23.168    34.000     0.071     785       1    30.0    40.0
   103.901    31.657    23.168    34.000     0.083     783       1    32.0    40.0
   103.887    31.644    23.168    34.000     0.095     784       1    34.0    40.0
   103.872    31.631    23.168    34.000     0.089     782       1    36.0    40.0
   103.858    31.618    23.168    34.000     0.084     782       1    38.0    40.0
   103.844    31.605    23.168    34.000     0.101     787       1    40.0    40.0
   103.829    31.591    23.168    34.000     0.098     790       1    42.0    40.0
   103.815    31.578    23.168    34.000     0.097     789       1    44.0    40.0
   103.800    31.565    23.168    34.000     0.091     788       1    46.0    40.0
   103.786    31.552    23.168    34.000     0.078     787       1    48.0    40.0
   103.772    31.539    23.168    34.000     0.056     791       1    50.0    40.0
   103.757    31.525    23.168    34.000     0.042     792       1    52.0    40.0
   103.743    31.512    23.168    34.000     0.030     794       1    54.0    40.0
   103.729    31.499    23.168    34.000     0.037     802       1    56.0    40.0
   103.714    31.486    23.168    34.000     0.039     802       1    58.0    40.0
   103.700    31.473    23.168    34.000     0.029     802       1    60.0    40.0
   103.686    31.459    23.168    34.000     0.024     798       1    62.0    40.0
   103.671    31.446    23.168    34.000     0.031     877       1    64.0    40.0
   103.657    31.433    23.168    34.000     0.034     878       1    66.0    40.0
   103.643    31.420    23.168    34.000     0.044     873       1    68.0    40.0
   103.628    31.407    23.168    34.000     0.050     874       1    70.0    40.0
   103.614    31.393    23.168    34.000     0.072     873       1    72.0    40.0
   103.600    31.380    23.168    34.000     0.070     872       1    74.0    40.0
   103.585    31.367    23.168    34.000     0.061     876       1    76.0    40.0
   103.571    31.354    23.168    34.000     0.058     876       1    78.0    40.0
   104.145    31.858    22.049    34.000     0.096     645       1     0.0    38.0
   104.130    31.845    22.049    34.000     0.142     642       1     2.0    38.0
   104.116    31.832    22.049    34.000     0.151     641       1     4.0    38.0
   104.101    31.818    22.049    34.000     0.157     641       1     6.0    38.0
   104.087    31.805    22.049    34.000     0.157     641       1     8.0    38.0
   104.072    31.792    22.049    34.000     0.140     641       1    10.0    38.0
   104.058    31.779    22.049    34.000     0.125     641       1    12.0    38.0
   104.044    31.766    22.049    34.000     0.095     639       1    14.0    38.0
   104.029    31.753    22.049    34.000     0.076     639       1    16.0    38.0
   104.015    31.739    22.049    34.000     0.056     769       1    18.0    38.0
   104.000    31.726    22.049    34.000     0.053     771       1    20.0    38.0
   103.986    31.713    22.049    34.000     0.045     769       1    22.0    38.0
   103.971    31.700    22.049    34.000     0.045     775       1    24.0    38.0
   103.957    31.687    22.049    34.000     0.044     789       1    26.0    38.0
   103.943    31.674    22.049    34.000     0.086     788       1    28.0    38.0
   103.928    31.660    22.049    34.000     0.114     788       1    30.0    38.0
   103.914    31.647    22.049    34.000     0.131     787       1    32.0    38.0
   103.899    31.634    22.049    34.000     0.143     784       1    34.0    38.0
   103.885    31.621    22.049    34.000     0.153     784       1    36.0    38.0
   103.871    31.608    22.049    34.000     0.172     787       1    38.0    38.0
   103.856    31.594    22.049    34.000     0.178     786       1    40.0    38.0
   103.842    31.581    22.049    34.000     0.173     782       1    42.0    38.0
   103.828    31.568    22.049    34.000     0.166     784       1    44.0    38.0
   103.813    31.555    22.049    34.000     0.138     785       1    46.0    38.0
   103.799    31.542    22.049    34.000     0.110     788       1    48.0    38.0
   103.784    31.528    22.049    34.000     0.089     791       1    50.0    38.0
   103.770    31.515    22.049    34.000     0.077     791       1    52.0    38.0
   103.756    31.502    22.049    34.000     0.059     794       1    54.0    38.0
   103.741    31.489    22.049    34.000     0.034     794       1    56.0    38.0
   103.727    31.476    22.049    34.000     0.020     794       1    58.0    38.0
   103.713    31.462    22.049    34.000     0.012     759       1    60.0    38.0
   103.698    31.449    22.049    34.000     0.016     759       1    62.0    38.0
   103.684    31.436    22.049    34.000     0.024     757       1    64.0    38.0
   103.670    31.423    22.049    34.000     0.034     876       1    66.0    38.0
   103.655    31.410    22.049    34.000     0.052     874       1    68.0    38.0
   103.641    31.396    22.049    34.000     0.051     874       1    70.0    38.0
   103.627    31.383    22.049    34.000     0.060     873       1    72.0    38.0
   103.612    31.370    22.049    34.000     0.063     874       1    74.0    38.0
   103.598    31.357    22.049    34.000     0.075     873       1    76.0    38.0
   103.584    31.344    22.049    34.000     0.065     874       1    78.0    38.0
   104.157    31.848    20.931    34.000     0.065     639       1     0.0    36.0
   104.143    31.834    20.931    34.000     0.064     641       1     2.0    36.0
   104.128    31.821    20.931    34.000     0.072     640       1     4.0    36.0
   104.114    31.808    20.931    34.000     0.086     641       1     6.0    36.0
   104.100    31.795    20.931    34.000     0.091     643       1     8.0    36.0
   104.085    31.782    20.931    34.000     0.071     641       1    10.0    36.0
   104.071    31.769    20.931    34.000     0.059     640       1    12.0    36.0
   104.056    31.755    20.931    34.000     0.062     776       1    14.0    36.0
   104.042    31.742    20.931    34.000     0.090     771       1    16.0    36.0
   104.027    31.729    20.931    34.000     0.115     770       1    18.0    36.0
   104.013    31.716    20.931    34.000     0.123     770       1    20.0    36.0
   103.999    31.703    20.931    34.000     0.124     773       1    22.0    36.0
   103.984    31.690    20.931    34.000     0.107     774       1    24.0    36.0
   103.970    31.676    20.931    34.000     0.088     776       1    26.0    36.0
   103.955    31.663    20.931    34.000     0.089     788       1    28.0    36.0
   103.941    31.650    20.931    34.000     0.133     789       1    30.0    36.0
   103.927    31.637    20.931    34.000     0.162     788       1    32.0    36.0
   103.912    31.624    20.931    34.000     0.176     786       1    34.0    36.0
   103.898    31.611    20.931    34.000     0.204     783       1    36.0    36.0
   103.883    31.597    20.931    34.000     0.223     784       1    38.0    36.0
   103.869    31.584    20.931    34.000     0.227     784       1    40.0    36.0
   103.855    31.571    20.931    34.000     0.218     783       1    42.0    36.0
   103.840    31.558    20.931    34.000     0.202     783       1    44.0    36.0
   103.826    31.545    20.931    34.000     0.176     784       1    46.0    36.0
   103.812    31.531    20.931    34.000     0.124     786       1    48.0    36.0
   103.797    31.518    20.931    34.000     0.080     791       1    50.0    36.0
   103.783    31.505    20.931    34.000     0.069     792       1    52.0    36.0
   103.769    31.492    20.931    34.000     0.048     794       1    54.0    36.0
   103.754    31.479    20.931    34.000     0.034     773       1    56.0    36.0
   103.740    31.465    20.931    34.000     0.023     772       1    58.0    36.0
   103.726    31.452    20.931    34.000     0.016     766       1    60.0    36.0
   103.711    31.439    20.931    34.000     0.016     765       1    62.0    36.0
   103.697    31.426    20.931    34.000     0.024     760       1    64.0    36.0
   103.683    31.413    20.931    34.000     0.027     759       1    66.0    36.0
   103.668    31.399    20.931    34.000     0.040     757       1    68.0    36.0
   103.654    31.386    20.931    34.000     0.032     758       1    70.0    36.0
   103.640    31.373    20.931    34.000     0.034     874       1    72.0    36.0
   103.625    31.360    20.931    34.000     0.035     874       1    74.0    36.0
   103.611    31.347    20.931    34.000     0.039     876       1    76.0    36.0
   103.597    31.333    20.931    34.000     0.043     688       1    78.0    36.0
   104.170    31.837    19.813    34.000     0.040     651       1     0.0    34.0
   104.156    31.824    19.813    34.000     0.032     654       1     2.0    34.0
   104.141    31.811    19.813    34.000     0.033     653       1     4.0    34.0
   104.127    31.798    19.813    34.000     0.024     654       1     6.0    34.0
   104.112    31.785    19.813    34.000     0.034     638       1     8.0    34.0
   104.098    31.772    19.813    34.000     0.039     779       1    10.0    34.0
   104.083    31.758    19.813    34.000     0.058     779       1    12.0    34.0
   104.069    31.745    19.813    34.000     0.072     781       1    14.0    34.0
   104.055    31.732    19.813    34.000     0.082     779       1    16.0    34.0
   104.040    31.719    19.813    34.000     0.117     775       1    18.0    34.0
   104.026    31.706    19.813    34.000     0.137     775       1    20.0    34.0
   104.011    31.693    19.813    34.000     0.153     775       1    22.0    34.0
   103.997    31.679    19.813    34.000     0.129     772       1    24.0    34.0
   103.983    31.666    19.813    34.000     0.100     770       1    26.0    34.0
   103.968    31.653    19.813    34.000     0.093     779       1    28.0    34.0
   103.954    31.640    19.813    34.000     0.094     781       1    30.0    34.0
   103.939    31.627    19.813    34.000     0.109     787       1    32.0    34.0
   103.925    31.614    19.813    34.000     0.137     789       1    34.0    34.0
   103.911    31.600    19.813    34.000     0.169     788       1    36.0    34.0
   103.896    31.587    19.813    34.000     0.181     784       1    38.0    34.0
   103.882    31.574    19.813    34.000     0.202     784       1    40.0    34.0
   103.867    31.561    19.813    34.000     0.175     782       1    42.0    34.0
   103.853    31.548    19.813    34.000     0.146     781       1    44.0    34.0
   103.839    31.534    19.813    34.000     0.125     789       1    46.0    34.0
   103.824    31.521    19.813    34.000     0.115     789       1    48.0    34.0
   103.810    31.508    19.813    34.000     0.092     789       1    50.0    34.0
   103.796    31.495    19.813    34.000     0.055     787       1    52.0    34.0
   103.781    31.482    19.813    34.000     0.036     795       1    54.0    34.0
   103.767    31.468    19.813    34.000     0.025     776       1    56.0    34.0
   103.753    31.455    19.813    34.000     0.025     777       1    58.0    34.0
   103.738    31.442    19.813    34.000     0.023     775       1    60.0    34.0
   103.724    31.429    19.813    34.000     0.019     701       1    62.0    34.0
   103.710    31.416    19.813    34.000     0.025     697       1    64.0    34.0
   103.695    31.402    19.813    34.000     0.034     697       1    66.0    34.0
   103.681    31.389    19.813    34.000     0.042     695       1    68.0    34.0
   103.667    31.376    19.813    34.000     0.054     692       1    70.0    34.0
   103.652    31.363    19.813    34.000     0.060     692       1    72.0    34.0
   103.638    31.350    19.813    34.000     0.064     691       1    74.0    34.0
   103.624    31.336    19.813    34.000     0.069     691       1    76.0    34.0
   103.609    31.323    19.813    34.000     0.084     689       1    78.0    34.0
   104.183    31.827    18.694    34.000     0.093    1131       1     0.0    32.0
   104.168    31.814    18.694    34.000     0.075    1127       1     2.0    32.0
   104.154    31.801    18.694    34.000     0.082    1125       1     4.0    32.0
   104.140    31.788    18.694    34.000     0.084    1125       1     6.0    32.0
   104.125    31.775    18.694    34.000     0.072    1125       1     8.0    32.0
   104.111    31.761    18.694    34.000     0.068    1127       1    10.0    32.0
   104.096    31.748    18.694    34.000     0.069     914       1    12.0    32.0
   104.082    31.735    18.694    34.000     0.054     913       1    14.0    32.0
   104.067    31.722    18.694    34.000     0.064     780       1    16.0    32.0
   104.053    31.709    18.694    34.000     0.077     781       1    18.0    32.0
   104.039    31.696    18.694    34.000     0.101     776       1    20.0    32.0
   104.024    31.682    18.694    34.000     0.128     776       1    22.0    32.0
   104.010    31.669    18.694    34.000     0.124     774       1    24.0    32.0
   103.995    31.656    18.694    34.000     0.086     772       1    26.0    32.0
   103.981    31.643    18.694    34.000     0.090     769       1    28.0    32.0
   103.967    31.630    18.694    34.000     0.072     773       1    30.0    32.0
   103.952    31.617    18.694    34.000     0.070     773       1    32.0    32.0
   103.938    31.603    18.694    34.000     0.061     775       1    34.0    32.0
   103.923    31.590    18.694    34.000     0.061     776       1    36.0    32.0
   103.909    31.577    18.694    34.000     0.079     788       1    38.0    32.0
   103.895    31.564    18.694    34.000     0.074     785       1    40.0    32.0
   103.880    31.551    18.694    34.000     0.089     782       1    42.0    32.0
   103.866    31.537    18.694    34.000     0.096     783       1    44.0    32.0
   103.851    31.524    18.694    34.000     0.104     783       1    46.0    32.0
   103.837    31.511    18.694    34.000     0.081     785       1    48.0    32.0
   103.823    31.498    18.694    34.000     0.061     779       1    50.0    32.0
   103.808    31.485    18.694    34.000     0.058     776       1    52.0    32.0
   103.794    31.471    18.694    34.000     0.056     775       1    54.0    32.0
   103.780    31.458    18.694    34.000     0.050     774       1    56.0    32.0
   103.765    31.445    18.694    34.000     0.042     777       1    58.0    32.0
   103.751    31.432    18.694    34.000     0.041     700       1    60.0    32.0
   103.737    31.419    18.694    34.000     0.034     699       1    62.0    32.0
   103.722    31.405    18.694    34.000     0.044     705       1    64.0    32.0
   103.708    31.392    18.694    34.000     0.050     697       1    66.0    32.0
   103.694    31.379    18.694    34.000     0.052     696       1    68.0    32.0
   103.679    31.366    18.694    34.000     0.061     698       1    70.0    32.0
   103.665    31.353    18.694    34.000     0.064     696       1    72.0    32.0
   103.651    31.339    18.694    34.000     0.061     696       1    74.0    32.0
   103.636    31.326    18.694    34.000     0.070     695       1    76.0    32.0
   103.622    31.313    18.694    34.000     0.071     693       1    78.0    32.0
   104.196    31.817    17.576    34.000     0.229    1128       1     0.0    30.0
   104.181    31.804    17.576    34.000     0.219    1128       1     2.0    30.0
   104.167    31.791    17.576    34.000     0.195    1122       1     4.0    30.0
   104.152    31.777    17.576    34.000     0.196    1124       1     6.0    30.0
   104.138    31.764    17.576    34.000     0.176    1122       1     8.0    30.0
   104.123    31.751    17.576    34.000     0.126    1123       1    10.0    30.0
   104.109    31.738    17.576    34.000     0.097    1123       1    12.0    30.0
   104.095    31.725    17.576    34.000     0.085     912       1    14.0    30.0
   104.080    31.712    17.576    34.000     0.082     909       1    16.0    30.0
   104.066    31.699    17.576    34.000     0.051     908       1    18.0    30.0
   104.051    31.685    17.576    34.000     0.038     778       1    20.0    30.0
   104.037    31.672    17.576    34.000     0.059     777       1    22.0    30.0
   104.023    31.659    17.576    34.000     0.061     775       1    24.0    30.0
   104.008    31.646    17.576    34.000     0.061     773       1    26.0    30.0
   103.994    31.633    17.576    34.000     0.056     771       1    28.0    30.0
   103.979    31.619    17.576    34.000     0.051     772       1    30.0    30.0
   103.965    31.606    17.576    34.000     0.053     772       1    32.0    30.0
   103.951    31.593    17.576    34.000     0.051     771       1    34.0    30.0
   103.936    31.580    17.576    34.000     0.040     770       1    36.0    30.0
   103.922    31.567    17.576    34.000     0.035     774       1    38.0    30.0
   103.907    31.554    17.576    34.000     0.033     770       1    40.0    30.0
   103.893    31.540    17.576    34.000     0.029     772       1    42.0    30.0
   103.879    31.527    17.576    34.000     0.034     781       1    44.0    30.0
   103.864    31.514    17.576    34.000     0.043     782       1    46.0    30.0
   103.850    31.501    17.576    34.000     0.045     779       1    48.0    30.0
   103.836    31.488    17.576    34.000     0.055     777       1    50.0    30.0
   103.821    31.474    17.576    34.000     0.062     779       1    52.0    30.0
   103.807    31.461    17.576    34.000     0.061     777       1    54.0    30.0
   103.792    31.448    17.576    34.000     0.040     779       1    56.0    30.0
   103.778    31.435    17.576    34.000     0.031     702       1    58.0    30.0
   103.764    31.422    17.576    34.000     0.039     701       1    60.0    30.0
   103.749    31.409    17.576    34.000     0.050     701       1    62.0    30.0
   103.735    31.395    17.576    34.000     0.063     702       1    64.0    30.0
   103.721    31.382    17.576    34.000     0.071     703       1    66.0    30.0
   103.706    31.369    17.576    34.000     0.071     701       1    68.0    30.0
   103.692    31.356    17.576    34.000     0.062     700       1    70.0    30.0
   103.678    31.342    17.576    34.000     0.056     698       1    72.0    30.0
   103.664    31.329    17.576    34.000     0.052     696       1    74.0    30.0
   103.649    31.316    17.576    34.000     0.045     697       1    76.0    30.0
   103.635    31.303    17.576    34.000     0.034     696       1    78.0    30.0
   104.208    31.807    16.457    34.000     0.393    1122       1     0.0    28.0
   104.194    31.794    16.457    34.000     0.371    1125       1     2.0    28.0
   104.180    31.780    16.457    34.000     0.346    1125       1     4.0    28.0
   104.165    31.767    16.457    34.000     0.259    1126       1     6.0    28.0
   104.151    31.754    16.457    34.000     0.193    1124       1     8.0    28.0
   104.136    31.741    16.457    34.000     0.158     914       1    10.0    28.0
   104.122    31.728    16.457    34.000     0.154     915       1    12.0    28.0
   104.107    31.715    16.457    34.000     0.139     912       1    14.0    28.0
   104.093    31.701    16.457    34.000     0.129     913       1    16.0    28.0
   104.079    31.688    16.457    34.000     0.078     913       1    18.0    28.0
   104.064    31.675    16.457    34.000     0.046     910       1    20.0    28.0
   104.050    31.662    16.457    34.000     0.032     902       1    22.0    28.0
   104.035    31.649    16.457    34.000     0.032     904       1    24.0    28.0
   104.021    31.636    16.457    34.000     0.034     677       1    26.0    28.0
   104.006    31.622    16.457    34.000     0.034     677       1    28.0    28.0
   103.992    31.609    16.457    34.000     0.029     675       1    30.0    28.0
   103.978    31.596    16.457    34.000     0.026     898       1    32.0    28.0
   103.963    31.583    16.457    34.000     0.021     897       1    34.0    28.0
   103.949    31.570    16.457    34.000     0.026    1011       1    36.0    28.0
   103.935    31.557    16.457    34.000     0.042    1011       1    38.0    28.0
   103.920    31.543    16.457    34.000     0.041    1013       1    40.0    28.0
   103.906    31.530    16.457    34.000     0.045    1017       1    42.0    28.0
   103.891    31.517    16.457    34.000     0.043    1017       1    44.0    28.0
   103.877    31.504    16.457    34.000     0.041    1016       1    46.0    28.0
   103.863    31.491    16.457    34.000     0.038    1013       1    48.0    28.0
   103.848    31.477    16.457    34.000     0.030     647       1    50.0    28.0
   103.834    31.464    16.457    34.000     0.034     649       1    52.0    28.0
   103.820    31.451    16.457    34.000     0.030     648       1    54.0    28.0
   103.805    31.438    16.457    34.000     0.031     705       1    56.0    28.0
   103.791    31.425    16.457    34.000     0.036     705       1    58.0    28.0
   103.777    31.412    16.457    34.000     0.044     704       1    60.0    28.0
   103.762    31.398    16.457    34.000     0.045     704       1    62.0    28.0
   103.748    31.385    16.457    34.000     0.057     703       1    64.0    28.0
   103.734    31.372    16.457    34.000     0.073     704       1    66.0    28.0
   103.719    31.359    16.457    34.000     0.089     843       1    68.0    28.0
   103.705    31.345    16.457    34.000     0.105     842       1    70.0    28.0
   103.691    31.332    16.457    34.000     0.103     842       1    72.0    28.0
   103.676    31.319    16.457    34.000     0.087     841       1    74.0    28.0
   103.662    31.306    16.457    34.000     0.044     841       1    76.0    28.0
   103.648    31.293    16.457    34.000     0.032     687       1    78.0    28.0
   104.221    31.796    15.339    34.000     0.394    1123       1     0.0    26.0
   104.207    31.783    15.339    34.000     0.368    1123       1     2.0    26.0
   104.192    31.770    15.339    34.000     0.341    1120       1     4.0    26.0
   104.178    31.757    15.339    34.000     0.291    1120       1     6.0    26.0
   104.163    31.744    15.339    34.000     0.222    1119       1     8.0    26.0
   104.149    31.731    15.339    34.000     0.171    1117       1    10.0    26.0
   104.135    31.718    15.339    34.000     0.128    1117       1    12.0    26.0
   104.120    31.704    15.339    34.000     0.100     919       1    14.0    26.0
   104.106    31.691    15.339    34.000     0.086     911       1    16.0    26.0
   104.091    31.678    15.339    34.000     0.060     913       1    18.0    26.0
   104.077    31.665    15.339    34.000     0.049     908       1    20.0    26.0
   104.062    31.652    15.339    34.000     0.046     907       1    22.0    26.0
   104.048    31.639    15.339    34.000     0.041     904       1    24.0    26.0
   104.034    31.625    15.339    34.000     0.040     903       1    26.0    26.0
   104.019    31.612    15.339    34.000     0.036     903       1    28.0    26.0
   104.005    31.599    15.339    34.000     0.035     901       1    30.0    26.0
   103.990    31.586    15.339    34.000     0.030     899       1    32.0    26.0
   103.976    31.573    15.339    34.000     0.033    1017       1    34.0    26.0
   103.962    31.560    15.339    34.000     0.046    1016       1    36.0    26.0
   103.947    31.546    15.339    34.000     0.049    1016       1    38.0    26.0
   103.933    31.533    15.339    34.000     0.056    1014       1    40.0    26.0
   103.919    31.520    15.339    34.000     0.073    1013       1    42.0    26.0
   103.904    31.507    15.339    34.000     0.067    1008       1    44.0    26.0
   103.890    31.494    15.339    34.000     0.066    1011       1    46.0    26.0
   103.875    31.480    15.339    34.000     0.069    1010       1    48.0    26.0
   103.861    31.467    15.339    34.000     0.041    1005       1    50.0    26.0
   103.847    31.454    15.339    34.000     0.029    1008       1    52.0    26.0
   103.832    31.441    15.339    34.000     0.022     715       1    54.0    26.0
   103.818    31.428    15.339    34.000     0.022     715       1    56.0    26.0
   103.804    31.415    15.339    34.000     0.020     317       1    58.0    26.0
   103.789    31.401    15.339    34.000     0.031     710       1    60.0    26.0
   103.775    31.388    15.339    34.000     0.032     840       1    62.0    26.0
   103.761    31.375    15.339    34.000     0.039     845       1    64.0    26.0
   103.746    31.362    15.339    34.000     0.048     843       1    66.0    26.0
   103.732    31.349    15.339    34.000     0.054     838       1    68.0    26.0
   103.718    31.335    15.339    34.000     0.073     838       1    70.0    26.0
   103.703    31.322    15.339    34.000     0.090     839       1    72.0    26.0
   103.689    31.309    15.339    34.000     0.092     838       1    74.0    26.0
   103.675    31.296    15.339    34.000     0.091     837       1    76.0    26.0
   103.660    31.282    15.339    34.000     0.098     671       1    78.0    26.0
   104.234    31.786    14.221    34.000     0.297    1121       1     0.0    24.0
   104.220    31.773    14.221    34.000     0.257    1123       1     2.0    24.0
   104.205    31.760    14.221    34.000     0.229    1113       1     4.0    24.0
   104.191    31.747    14.221    34.000     0.222    1110       1     6.0    24.0
   104.176    31.734    14.221    34.000     0.252    1112       1     8.0    24.0
   104.162    31.720    14.221    34.000     0.220    1114       1    10.0    24.0
   104.147    31.707    14.221    34.000     0.195    1113       1    12.0    24.0
   104.133    31.694    14.221    34.000     0.104    1111       1    14.0    24.0
   104.118    31.681    14.221    34.000     0.072    1108       1    16.0    24.0
   104.104    31.668    14.221    34.000     0.038     904       1    18.0    24.0
   104.090    31.655    14.221    34.000     0.041     901       1    20.0    24.0
   104.075    31.642    14.221    34.000     0.044     902       1    22.0    24.0
   104.061    31.628    14.221    34.000     0.045     905       1    24.0    24.0
   104.046    31.615    14.221    34.000     0.042     905       1    26.0    24.0
   104.032    31.602    14.221    34.000     0.037     905       1    28.0    24.0
   104.018    31.589    14.221    34.000     0.024     904       1    30.0    24.0
   104.003    31.576    14.221    34.000     0.023    1016       1    32.0    24.0
   103.989    31.563    14.221    34.000     0.026    1012       1    34.0    24.0
   103.974    31.549    14.221    34.000     0.036    1013       1    36.0    24.0
   103.960    31.536    14.221    34.000     0.056    1005       1    38.0    24.0
   103.946    31.523    14.221    34.000     0.068    1006       1    40.0    24.0
   103.931    31.510    14.221    34.000     0.085    1008       1    42.0    24.0
   103.917    31.497    14.221    34.000     0.092    1007       1    44.0    24.0
   103.903    31.483    14.221    34.000     0.089    1007       1    46.0    24.0
   103.888    31.470    14.221    34.000     0.082    1007       1    48.0    24.0
   103.874    31.457    14.221    34.000     0.050    1008       1    50.0    24.0
   103.859    31.444    14.221    34.000     0.051     569       1    52.0    24.0
   103.845    31.431    14.221    34.000     0.044     565       1    54.0    24.0
   103.831    31.418    14.221    34.000     0.044     566       1    56.0    24.0
   103.816    31.404    14.221    34.000     0.039     565       1    58.0    24.0
   103.802    31.391    14.221    34.000     0.029     563       1    60.0    24.0
   103.788    31.378    14.221    34.000     0.033     844       1    62.0    24.0
   103.773    31.365    14.221    34.000     0.039     842       1    64.0    24.0
   103.759    31.352    14.221    34.000     0.044     841       1    66.0    24.0
   103.745    31.338    14.221    34.000     0.045     840       1    68.0    24.0
   103.730    31.325    14.221    34.000     0.050     838       1    70.0    24.0
   103.716    31.312    14.221    34.000     0.062     837       1    72.0    24.0
   103.702    31.299    14.221    34.000     0.064     837       1    74.0    24.0
   103.688    31.286    14.221    34.000     0.081     673       1    76.0    24.0
   103.673    31.272    14.221    34.000     0.109     674       1    78.0    24.0
   104.247    31.776    13.102    34.000     0.232    1116       1     0.0    22.0
   104.232    31.763    13.102    34.000     0.253    1113       1     2.0    22.0
   104.218    31.750    13.102    34.000     0.256    1113       1     4.0    22.0
   104.203    31.737    13.102    34.000     0.241    1112       1     6.0    22.0
   104.189    31.723    13.102    34.000     0.242    1111       1     8.0    22.0
   104.175    31.710    13.102    34.000     0.243    1112       1    10.0    22.0
   104.160    31.697    13.102    34.000     0.147    1110       1    12.0    22.0
   104.146    31.684    13.102    34.000     0.125    1113       1    14.0    22.0
   104.131    31.671    13.102    34.000     0.064    1112       1    16.0    22.0
   104.117    31.658    13.102    34.000     0.037    1107       1    18.0    22.0
   104.102    31.644    13.102    34.000     0.026    1106       1    20.0    22.0
   104.088    31.631    13.102    34.000     0.020     592       1    22.0    22.0
   104.074    31.618    13.102    34.000     0.023     590       1    24.0    22.0
   104.059    31.605    13.102    34.000     0.038     587       1    26.0    22.0
   104.045    31.592    13.102    34.000     0.040     586       1    28.0    22.0
   104.030    31.579    13.102    34.000     0.029     584       1    30.0    22.0
   104.016    31.565    13.102    34.000     0.032    1017       1    32.0    22.0
   104.002    31.552    13.102    34.000     0.034     728       1    34.0    22.0
   103.987    31.539    13.102    34.000     0.033     729       1    36.0    22.0
   103.973    31.526    13.102    34.000     0.042    1007       1    38.0    22.0
   103.958    31.513    13.102    34.000     0.078    1003       1    40.0    22.0
   103.944    31.500    13.102    34.000     0.074    1003       1    42.0    22.0
   103.930    31.486    13.102    34.000     0.074    1007       1    44.0    22.0
   103.915    31.473    13.102    34.000     0.072    1007       1    46.0    22.0
   103.901    31.460    13.102    34.000     0.073    1003       1    48.0    22.0
   103.887    31.447    13.102    34.000     0.062    1002       1    50.0    22.0
   103.872    31.434    13.102    34.000     0.054     572       1    52.0    22.0
   103.858    31.420    13.102    34.000     0.055     568       1    54.0    22.0
   103.844    31.407    13.102    34.000     0.052     568       1    56.0    22.0
   103.829    31.394    13.102    34.000     0.048     568       1    58.0    22.0
   103.815    31.381    13.102    34.000     0.042     568       1    60.0    22.0
   103.800    31.368    13.102    34.000     0.042     564       1    62.0    22.0
   103.786    31.355    13.102    34.000     0.030     711       1    64.0    22.0
   103.772    31.341    13.102    34.000     0.033     837       1    66.0    22.0
   103.758    31.328    13.102    34.000     0.042     841       1    68.0    22.0
   103.743    31.315    13.102    34.000     0.055     839       1    70.0    22.0
   103.729    31.302    13.102    34.000     0.059     838       1    72.0    22.0
   103.715    31.289    13.102    34.000     0.071     674       1    74.0    22.0
   103.700    31.275    13.102    34.000     0.118     673       1    76.0    22.0
   103.686    31.262    13.102    34.000     0.131     671       1    78.0    22.0
   104.259    31.766    11.984    34.000     0.160    1114       1     0.0    20.0
   104.245    31.753    11.984    34.000     0.173    1116       1     2.0    20.0
   104.231    31.739    11.984    34.000     0.186    1113       1     4.0    20.0
   104.216    31.726    11.984    34.000     0.200    1113       1     6.0    20.0
   104.202    31.713    11.984    34.000     0.192    1108       1     8.0    20.0
   104.187    31.700    11.984    34.000     0.166    1108       1    10.0    20.0
   104.173    31.687    11.984    34.000     0.138    1106       1    12.0    20.0
   104.158    31.674    11.984    34.000     0.117    1109       1    14.0    20.0
   104.144    31.661    11.984    34.000     0.089    1109       1    16.0    20.0
   104.130    31.647    11.984    34.000     0.047    1111       1    18.0    20.0
   104.115    31.634    11.984    34.000     0.043    1115       1    20.0    20.0
   104.101    31.621    11.984    34.000     0.041     587       1    22.0    20.0
   104.086    31.608    11.984    34.000     0.058     587       1    24.0    20.0
   104.072    31.595    11.984    34.000     0.050     587       1    26.0    20.0
   104.057    31.582    11.984    34.000     0.050     732       1    28.0    20.0
   104.043    31.568    11.984    34.000     0.056     732       1    30.0    20.0
   104.029    31.555    11.984    34.000     0.059     731       1    32.0    20.0
   104.014    31.542    11.984    34.000     0.069     730       1    34.0    20.0
   104.000    31.529    11.984    34.000     0.063     723       1    36.0    20.0
   103.986    31.516    11.984    34.000     0.070     725       1    38.0    20.0
   103.971    31.503    11.984    34.000     0.055     726       1    40.0    20.0
   103.957    31.489    11.984    34.000     0.053    1006       1    42.0    20.0
   103.942    31.476    11.984    34.000     0.054    1003       1    44.0    20.0
   103.928    31.463    11.984    34.000     0.067    1005       1    46.0    20.0
   103.914    31.450    11.984    34.000     0.051    1003       1    48.0    20.0
   103.899    31.437    11.984    34.000     0.037    1003       1    50.0    20.0
   103.885    31.423    11.984    34.000     0.031     851       1    52.0    20.0
   103.871    31.410    11.984    34.000     0.031     855       1    54.0    20.0
   103.856    31.397    11.984    34.000     0.033     857       1    56.0    20.0
   103.842    31.384    11.984    34.000     0.028     860       1    58.0    20.0
   103.828    31.371    11.984    34.000     0.030     710       1    60.0    20.0
   103.813    31.358    11.984    34.000     0.041     685       1    62.0    20.0
   103.799    31.344    11.984    34.000     0.059     687       1    64.0    20.0
   103.785    31.331    11.984    34.000     0.051     688       1    66.0    20.0
   103.770    31.318    11.984    34.000     0.045     687       1    68.0    20.0
   103.756    31.305    11.984    34.000     0.055     680       1    70.0    20.0
   103.742    31.292    11.984    34.000     0.048     681       1    72.0    20.0
   103.727    31.278    11.984    34.000     0.082     671       1    74.0    20.0
   103.713    31.265    11.984    34.000     0.097     672       1    76.0    20.0
   103.699    31.252    11.984    34.000     0.103     672       1    78.0    20.0
   104.272    31.755    10.865    34.000     0.115    1111       1     0.0    18.0
   104.258    31.742    10.865    34.000     0.145    1110       1     2.0    18.0
   104.243    31.729    10.865    34.000     0.150    1109       1     4.0    18.0
   104.229    31.716    10.865    34.000     0.184    1105       1     6.0    18.0
   104.214    31.703    10.865    34.000     0.218    1106       1     8.0    18.0
   104.200    31.690    10.865    34.000     0.194    1106       1    10.0    18.0
   104.186    31.677    10.865    34.000     0.150    1106       1    12.0    18.0
   104.171    31.663    10.865    34.000     0.100    1105       1    14.0    18.0
   104.157    31.650    10.865    34.000     0.068    1109       1    16.0    18.0
   104.142    31.637    10.865    34.000     0.061     835       1    18.0    18.0
   104.128    31.624    10.865    34.000     0.052     836       1    20.0    18.0
   104.113    31.611    10.865    34.000     0.046     837       1    22.0    18.0
   104.099    31.598    10.865    34.000     0.050     734       1    24.0    18.0
   104.085    31.585    10.865    34.000     0.062     733       1    26.0    18.0
   104.070    31.571    10.865    34.000     0.068     731       1    28.0    18.0
   104.056    31.558    10.865    34.000     0.077     725       1    30.0    18.0
   104.041    31.545    10.865    34.000     0.109     725       1    32.0    18.0
   104.027    31.532    10.865    34.000     0.136     723       1    34.0    18.0
   104.013    31.519    10.865    34.000     0.129     727       1    36.0    18.0
   103.998    31.506    10.865    34.000     0.129     727       1    38.0    18.0
   103.984    31.492    10.865    34.000     0.105     729       1    40.0    18.0
   103.970    31.479    10.865    34.000     0.093     731       1    42.0    18.0
   103.955    31.466    10.865    34.000     0.087     733       1    44.0    18.0
   103.941    31.453    10.865    34.000     0.083     734       1    46.0    18.0
   103.926    31.440    10.865    34.000     0.084     855       1    48.0    18.0
   103.912    31.426    10.865    34.000     0.083     856       1    50.0    18.0
   103.898    31.413    10.865    34.000     0.099     858       1    52.0    18.0
   103.883    31.400    10.865    34.000     0.097     858       1    54.0    18.0
   103.869    31.387    10.865    34.000     0.086     856       1    56.0    18.0
   103.855    31.374    10.865    34.000     0.070     856       1    58.0    18.0
   103.840    31.361    10.865    34.000     0.059     858       1    60.0    18.0
   103.826    31.347    10.865    34.000     0.048     856       1    62.0    18.0
   103.812    31.334    10.865    34.000     0.057     693       1    64.0    18.0
   103.797    31.321    10.865    34.000     0.063     692       1    66.0    18.0
   103.783    31.308    10.865    34.000     0.063     690       1    68.0    18.0
   103.769    31.295    10.865    34.000     0.061     690       1    70.0    18.0
   103.754    31.281    10.865    34.000     0.055     547       1    72.0    18.0
   103.740    31.268    10.865    34.000     0.054     546       1    74.0    18.0
   103.726    31.255    10.865    34.000     0.056     669       1    76.0    18.0
   103.711    31.242    10.865    34.000     0.069     666       1    78.0    18.0
   104.285    31.745     9.747    34.000     0.068    1103       1     0.0    16.0
   104.271    31.732     9.747    34.000     0.075    1103       1     2.0    16.0
   104.256    31.719     9.747    34.000     0.079    1104       1     4.0    16.0
   104.242    31.706     9.747    34.000     0.093    1102       1     6.0    16.0
   104.227    31.693     9.747    34.000     0.095    1102       1     8.0    16.0
   104.213    31.680     9.747    34.000     0.092    1101       1    10.0    16.0
   104.198    31.666     9.747    34.000     0.075    1099       1    12.0    16.0
   104.184    31.653     9.747    34.000     0.053     837       1    14.0    16.0
   104.169    31.640     9.747    34.000     0.056     835       1    16.0    16.0
   104.155    31.627     9.747    34.000     0.055     835       1    18.0    16.0
   104.141    31.614     9.747    34.000     0.053     833       1    20.0    16.0
   104.126    31.601     9.747    34.000     0.056     720       1    22.0    16.0
   104.112    31.587     9.747    34.000     0.068     722       1    24.0    16.0
   104.097    31.574     9.747    34.000     0.074     721       1    26.0    16.0
   104.083    31.561     9.747    34.000     0.090     717       1    28.0    16.0
   104.069    31.548     9.747    34.000     0.140     727       1    30.0    16.0
   104.054    31.535     9.747    34.000     0.153     726       1    32.0    16.0
   104.040    31.522     9.747    34.000     0.160     726       1    34.0    16.0
   104.025    31.508     9.747    34.000     0.162     725       1    36.0    16.0
   104.011    31.495     9.747    34.000     0.136     726       1    38.0    16.0
   103.997    31.482     9.747    34.000     0.130     852       1    40.0    16.0
   103.982    31.469     9.747    34.000     0.133     853       1    42.0    16.0
   103.968    31.456     9.747    34.000     0.127     858       1    44.0    16.0
   103.954    31.443     9.747    34.000     0.147     858       1    46.0    16.0
   103.939    31.429     9.747    34.000     0.146     858       1    48.0    16.0
   103.925    31.416     9.747    34.000     0.137     857       1    50.0    16.0
   103.910    31.403     9.747    34.000     0.130     857       1    52.0    16.0
   103.896    31.390     9.747    34.000     0.122     856       1    54.0    16.0
   103.882    31.377     9.747    34.000     0.103     859       1    56.0    16.0
   103.867    31.364     9.747    34.000     0.099     861       1    58.0    16.0
   103.853    31.350     9.747    34.000     0.105     862       1    60.0    16.0
   103.839    31.337     9.747    34.000     0.101     695       1    62.0    16.0
   103.824    31.324     9.747    34.000     0.098     693       1    64.0    16.0
   103.810    31.311     9.747    34.000     0.098     694       1    66.0    16.0
   103.796    31.298     9.747    34.000     0.111     686       1    68.0    16.0
   103.781    31.284     9.747    34.000     0.107     688       1    70.0    16.0
   103.767    31.271     9.747    34.000     0.093     686       1    72.0    16.0
   103.753    31.258     9.747    34.000     0.091     685       1    74.0    16.0
   103.738    31.245     9.747    34.000     0.086     684       1    76.0    16.0
   103.724    31.232     9.747    34.000     0.085     683       1    78.0    16.0
   104.298    31.735     8.629    34.000     0.087    1097       1     0.0    14.0
   104.283    31.722     8.629    34.000     0.110    1092       1     2.0    14.0
   104.269    31.709     8.629    34.000     0.125    1092       1     4.0    14.0
   104.254    31.696     8.629    34.000     0.121    1091       1     6.0    14.0
   104.240    31.682     8.629    34.000     0.132    1091       1     8.0    14.0
   104.226    31.669     8.629    34.000     0.109    1097       1    10.0    14.0
   104.211    31.656     8.629    34.000     0.097    1097       1    12.0    14.0
   104.197    31.643     8.629    34.000     0.068    1094       1    14.0    14.0
   104.182    31.630     8.629    34.000     0.078     720       1    16.0    14.0
   104.168    31.617     8.629    34.000     0.088     719       1    18.0    14.0
   104.153    31.604     8.629    34.000     0.094     719       1    20.0    14.0
   104.139    31.590     8.629    34.000     0.119     721       1    22.0    14.0
   104.125    31.577     8.629    34.000     0.137     721       1    24.0    14.0
   104.110    31.564     8.629    34.000     0.147     720       1    26.0    14.0
   104.096    31.551     8.629    34.000     0.152     719       1    28.0    14.0
   104.081    31.538     8.629    34.000     0.173     719       1    30.0    14.0
   104.067    31.525     8.629    34.000     0.168     725       1    32.0    14.0
   104.053    31.511     8.629    34.000     0.182     724       1    34.0    14.0
   104.038    31.498     8.629    34.000     0.208     858       1    36.0    14.0
   104.024    31.485     8.629    34.000     0.220     857       1    38.0    14.0
   104.009    31.472     8.629    34.000     0.227     857       1    40.0    14.0
   103.995    31.459     8.629    34.000     0.231     856       1    42.0    14.0
   103.981    31.446     8.629    34.000     0.226     856       1    44.0    14.0
   103.966    31.432     8.629    34.000     0.223     856       1    46.0    14.0
   103.952    31.419     8.629    34.000     0.208     856       1    48.0    14.0
   103.938    31.406     8.629    34.000     0.176     854       1    50.0    14.0
   103.923    31.393     8.629    34.000     0.158     853       1    52.0    14.0
   103.909    31.380     8.629    34.000     0.120     852       1    54.0    14.0
   103.894    31.366     8.629    34.000     0.098     856       1    56.0    14.0
   103.880    31.353     8.629    34.000     0.079     738       1    58.0    14.0
   103.866    31.340     8.629    34.000     0.087     524       1    60.0    14.0
   103.851    31.327     8.629    34.000     0.111     689       1    62.0    14.0
   103.837    31.314     8.629    34.000     0.121     689       1    64.0    14.0
   103.823    31.301     8.629    34.000     0.140     685       1    66.0    14.0
   103.808    31.287     8.629    34.000     0.151     686       1    68.0    14.0
   103.794    31.274     8.629    34.000     0.152     686       1    70.0    14.0
   103.780    31.261     8.629    34.000     0.147     684       1    72.0    14.0
   103.766    31.248     8.629    34.000     0.141     684       1    74.0    14.0
   103.751    31.235     8.629    34.000     0.112     682       1    76.0    14.0
   103.737    31.221     8.629    34.000     0.101     680       1    78.0    14.0
   104.310    31.725     7.510    34.000     0.245    1092       1     0.0    12.0
   104.296    31.712     7.510    34.000     0.247    1091       1     2.0    12.0
   104.282    31.698     7.510    34.000     0.248    1090       1     4.0    12.0
   104.267    31.685     7.510    34.000     0.246    1090       1     6.0    12.0
   104.253    31.672     7.510    34.000     0.224    1088       1     8.0    12.0
   104.238    31.659     7.510    34.000     0.198    1090       1    10.0    12.0
   104.224    31.646     7.510    34.000     0.161    1091       1    12.0    12.0
   104.209    31.633     7.510    34.000     0.121    1089       1    14.0    12.0
   104.195    31.620     7.510    34.000     0.110     717       1    16.0    12.0
   104.181    31.606     7.510    34.000     0.124     717       1    18.0    12.0
   104.166    31.593     7.510    34.000     0.135     720       1    20.0    12.0
   104.152    31.580     7.510    34.000     0.148     853       1    22.0    12.0
   104.137    31.567     7.510    34.000     0.199     856       1    24.0    12.0
   104.123    31.554     7.510    34.000     0.263     855       1    26.0    12.0
   104.108    31.541     7.510    34.000     0.301     854       1    28.0    12.0
   104.094    31.528     7.510    34.000     0.362     853       1    30.0    12.0
   104.080    31.514     7.510    34.000     0.392     854       1    32.0    12.0
   104.065    31.501     7.510    34.000     0.442     850       1    34.0    12.0
   104.051    31.488     7.510    34.000     0.472     847       1    36.0    12.0
   104.037    31.475     7.510    34.000     0.471     846       1    38.0    12.0
   104.022    31.462     7.510    34.000     0.446     849       1    40.0    12.0
   104.008    31.449     7.510    34.000     0.429     848       1    42.0    12.0
   103.993    31.435     7.510    34.000     0.361     846       1    44.0    12.0
   103.979    31.422     7.510    34.000     0.306     842       1    46.0    12.0
   103.965    31.409     7.510    34.000     0.276     841       1    48.0    12.0
   103.950    31.396     7.510    34.000     0.237     855       1    50.0    12.0
   103.936    31.383     7.510    34.000     0.192     853       1    52.0    12.0
   103.922    31.369     7.510    34.000     0.180     525       1    54.0    12.0
   103.907    31.356     7.510    34.000     0.208     522       1    56.0    12.0
   103.893    31.343     7.510    34.000     0.223     529       1    58.0    12.0
   103.879    31.330     7.510    34.000     0.255     529       1    60.0    12.0
   103.864    31.317     7.510    34.000     0.252     529       1    62.0    12.0
   103.850    31.304     7.510    34.000     0.240     528       1    64.0    12.0
   103.836    31.290     7.510    34.000     0.216     527       1    66.0    12.0
   103.821    31.277     7.510    34.000     0.182     685       1    68.0    12.0
   103.807    31.264     7.510    34.000     0.184     685       1    70.0    12.0
   103.793    31.251     7.510    34.000     0.185     684       1    72.0    12.0
   103.778    31.238     7.510    34.000     0.178     683       1    74.0    12.0
   103.764    31.224     7.510    34.000     0.142     682       1    76.0    12.0
   103.750    31.211     7.510    34.000     0.129     679       1    78.0    12.0
   104.323    31.715     6.392    34.000     0.272     960       1     0.0    10.0
   104.309    31.701     6.392    34.000     0.242     960       1     2.0    10.0
   104.294    31.688     6.392    34.000     0.200     958       1     4.0    10.0
   104.280    31.675     6.392    34.000     0.184     956       1     6.0    10.0
   104.265    31.662     6.392    34.000     0.176     955       1     8.0    10.0
   104.251    31.649     6.392    34.000     0.147     955       1    10.0    10.0
   104.237    31.636     6.392    34.000     0.127     957       1    12.0    10.0
   104.222    31.623     6.392    34.000     0.101     958       1    14.0    10.0
   104.208    31.609     6.392    34.000     0.084     719       1    16.0    10.0
   104.193    31.596     6.392    34.000     0.108     857       1    18.0    10.0
   104.179    31.583     6.392    34.000     0.175     858       1    20.0    10.0
   104.164    31.570     6.392    34.000     0.245     859       1    22.0    10.0
   104.150    31.557     6.392    34.000     0.350     855       1    24.0    10.0
   104.136    31.544     6.392    34.000     0.509     857       1    26.0    10.0
   104.121    31.530     6.392    34.000     0.590     854       1    28.0    10.0
   104.107    31.517     6.392    34.000     0.637     853       1    30.0    10.0
   104.092    31.504     6.392    34.000     0.665     851       1    32.0    10.0
   104.078    31.491     6.392    34.000     0.688     850       1    34.0    10.0
   104.064    31.478     6.392    34.000     0.697     850       1    36.0    10.0
   104.049    31.465     6.392    34.000     0.689     848       1    38.0    10.0
   104.035    31.451     6.392    34.000     0.668     846       1    40.0    10.0
   104.020    31.438     6.392    34.000     0.615     844       1    42.0    10.0
   104.006    31.425     6.392    34.000     0.557     847       1    44.0    10.0
   103.992    31.412     6.392    34.000     0.497     849       1    46.0    10.0
   103.977    31.399     6.392    34.000     0.422     850       1    48.0    10.0
   103.963    31.386     6.392    34.000     0.336     844       1    50.0    10.0
   103.949    31.372     6.392    34.000     0.248     846       1    52.0    10.0
   103.934    31.359     6.392    34.000     0.194     526       1    54.0    10.0
   103.920    31.346     6.392    34.000     0.233     525       1    56.0    10.0
   103.906    31.333     6.392    34.000     0.242     528       1    58.0    10.0
   103.891    31.320     6.392    34.000     0.241     527       1    60.0    10.0
   103.877    31.307     6.392    34.000     0.235     526       1    62.0    10.0
   103.863    31.293     6.392    34.000     0.210     525       1    64.0    10.0
   103.848    31.280     6.392    34.000     0.180     524       1    66.0    10.0
   103.834    31.267     6.392    34.000     0.164     523       1    68.0    10.0
   103.820    31.254     6.392    34.000     0.145     523       1    70.0    10.0
   103.805    31.241     6.392    34.000     0.138     680       1    72.0    10.0
   103.791    31.227     6.392    34.000     0.142     682       1    74.0    10.0
   103.777    31.214     6.392    34.000     0.122     684       1    76.0    10.0
   103.762    31.201     6.392    34.000     0.110     686       1    78.0    10.0
   104.336    31.704     5.274    34.000     0.297     966       1     0.0     8.0
   104.322    31.691     5.274    34.000     0.268     963       1     2.0     8.0
   104.307    31.678     5.274    34.000     0.242     963       1     4.0     8.0
   104.293    31.665     5.274    34.000     0.234     959       1     6.0     8.0
   104.278    31.652     5.274    34.000     0.195     959       1     8.0     8.0
   104.264    31.639     5.274    34.000     0.149     957       1    10.0     8.0
   104.249    31.625     5.274    34.000     0.131     954       1    12.0     8.0
   104.235    31.612     5.274    34.000     0.112     952       1    14.0     8.0
   104.220    31.599     5.274    34.000     0.140     866       1    16.0     8.0
   104.206    31.586     5.274    34.000     0.218     862       1    18.0     8.0
   104.192    31.573     5.274    34.000     0.320     862       1    20.0     8.0
   104.177    31.560     5.274    34.000     0.400     861       1    22.0     8.0
   104.163    31.547     5.274    34.000     0.442     859       1    24.0     8.0
   104.148    31.533     5.274    34.000     0.542     857       1    26.0     8.0
   104.134    31.520     5.274    34.000     0.642     855       1    28.0     8.0
   104.120    31.507     5.274    34.000     0.676     854       1    30.0     8.0
   104.105    31.494     5.274    34.000     0.688     853       1    32.0     8.0
   104.091    31.481     5.274    34.000     0.689     853       1    34.0     8.0
   104.076    31.468     5.274    34.000     0.644     850       1    36.0     8.0
   104.062    31.454     5.274    34.000     0.643     849       1    38.0     8.0
   104.048    31.441     5.274    34.000     0.636     847       1    40.0     8.0
   104.033    31.428     5.274    34.000     0.615     845       1    42.0     8.0
   104.019    31.415     5.274    34.000     0.583     844       1    44.0     8.0
   104.004    31.402     5.274    34.000     0.509     846       1    46.0     8.0
   103.990    31.389     5.274    34.000     0.462     847       1    48.0     8.0
   103.976    31.375     5.274    34.000     0.359     845       1    50.0     8.0
   103.961    31.362     5.274    34.000     0.281     848       1    52.0     8.0
   103.947    31.349     5.274    34.000     0.202     849       1    54.0     8.0
   103.933    31.336     5.274    34.000     0.190     525       1    56.0     8.0
   103.918    31.323     5.274    34.000     0.191     525       1    58.0     8.0
   103.904    31.310     5.274    34.000     0.165     525       1    60.0     8.0
   103.890    31.296     5.274    34.000     0.138     526       1    62.0     8.0
   103.875    31.283     5.274    34.000     0.138     526       1    64.0     8.0
   103.861    31.270     5.274    34.000     0.096     521       1    66.0     8.0
   103.847    31.257     5.274    34.000     0.090     519       1    68.0     8.0
   103.832    31.244     5.274    34.000     0.070     521       1    70.0     8.0
   103.818    31.230     5.274    34.000     0.058     682       1    72.0     8.0
   103.804    31.217     5.274    34.000     0.065     685       1    74.0     8.0
   103.789    31.204     5.274    34.000     0.061     690       1    76.0     8.0
   103.775    31.191     5.274    34.000     0.072     688       1    78.0     8.0
   104.349    31.694     4.155    34.000     0.247     964       1     0.0     6.0
   104.334    31.681     4.155    34.000     0.268     965       1     2.0     6.0
   104.320    31.668     4.155    34.000     0.231     965       1     4.0     6.0
   104.305    31.655     4.155    34.000     0.211     960       1     6.0     6.0
   104.291    31.641     4.155    34.000     0.213     960       1     8.0     6.0
   104.276    31.628     4.155    34.000     0.176     960       1    10.0     6.0
   104.262    31.615     4.155    34.000     0.107     961       1    12.0     6.0
   104.248    31.602     4.155    34.000     0.121     862       1    14.0     6.0
   104.233    31.589     4.155    34.000     0.176     867       1    16.0     6.0
   104.219    31.576     4.155    34.000     0.306     864       1    18.0     6.0
   104.204    31.563     4.155    34.000     0.346     863       1    20.0     6.0
   104.190    31.549     4.155    34.000     0.373     861       1    22.0     6.0
   104.175    31.536     4.155    34.000     0.432     858       1    24.0     6.0
   104.161    31.523     4.155    34.000     0.471     858       1    26.0     6.0
   104.147    31.510     4.155    34.000     0.481     857       1    28.0     6.0
   104.132    31.497     4.155    34.000     0.497     853       1    30.0     6.0
   104.118    31.484     4.155    34.000     0.523     852       1    32.0     6.0
   104.103    31.471     4.155    34.000     0.544     851       1    34.0     6.0
   104.089    31.457     4.155    34.000     0.557     849       1    36.0     6.0
   104.075    31.444     4.155    34.000     0.561     848       1    38.0     6.0
   104.060    31.431     4.155    34.000     0.565     847       1    40.0     6.0
   104.046    31.418     4.155    34.000     0.567     841       1    42.0     6.0
   104.032    31.405     4.155    34.000     0.589     843       1    44.0     6.0
   104.017    31.392     4.155    34.000     0.579     844       1    46.0     6.0
   104.003    31.378     4.155    34.000     0.473     845       1    48.0     6.0
   103.988    31.365     4.155    34.000     0.375     846       1    50.0     6.0
   103.974    31.352     4.155    34.000     0.275     849       1    52.0     6.0
   103.960    31.339     4.155    34.000     0.203     849       1    54.0     6.0
   103.945    31.326     4.155    34.000     0.127     532       1    56.0     6.0
   103.931    31.312     4.155    34.000     0.085     527       1    58.0     6.0
   103.917    31.299     4.155    34.000     0.081     526       1    60.0     6.0
   103.902    31.286     4.155    34.000     0.078     524       1    62.0     6.0
   103.888    31.273     4.155    34.000     0.069     525       1    64.0     6.0
   103.874    31.260     4.155    34.000     0.058     522       1    66.0     6.0
   103.859    31.247     4.155    34.000     0.055     521       1    68.0     6.0
   103.845    31.233     4.155    34.000     0.053     519       1    70.0     6.0
   103.831    31.220     4.155    34.000     0.048     712       1    72.0     6.0
   103.816    31.207     4.155    34.000     0.050     715       1    74.0     6.0
   103.802    31.194     4.155    34.000     0.044     701       1    76.0     6.0
   103.788    31.181     4.155    34.000     0.053     691       1    78.0     6.0
   104.361    31.684     3.037    34.000     0.174     961       1     0.0     4.0
   104.347    31.671     3.037    34.000     0.200     963       1     2.0     4.0
   104.333    31.657     3.037    34.000     0.191     961       1     4.0     4.0
   104.318    31.644     3.037    34.000     0.179     962       1     6.0     4.0
   104.304    31.631     3.037    34.000     0.171     964       1     8.0     4.0
   104.289    31.618     3.037    34.000     0.152     961       1    10.0     4.0
   104.275    31.605     3.037    34.000     0.110     960       1    12.0     4.0
   104.260    31.592     3.037    34.000     0.106     869       1    14.0     4.0
   104.246    31.579     3.037    34.000     0.148     867       1    16.0     4.0
   104.231    31.566     3.037    34.000     0.202     864       1    18.0     4.0
   104.217    31.552     3.037    34.000     0.219     864       1    20.0     4.0
   104.203    31.539     3.037    34.000     0.243     862       1    22.0     4.0
   104.188    31.526     3.037    34.000     0.267     860       1    24.0     4.0
   104.174    31.513     3.037    34.000     0.307     857       1    26.0     4.0
   104.159    31.500     3.037    34.000     0.317     855       1    28.0     4.0
   104.145    31.487     3.037    34.000     0.391     852       1    30.0     4.0
   104.131    31.473     3.037    34.000     0.414     853       1    32.0     4.0
   104.116    31.460     3.037    34.000     0.421     854       1    34.0     4.0
   104.102    31.447     3.037    34.000     0.413     849       1    36.0     4.0
   104.087    31.434     3.037    34.000     0.424     848       1    38.0     4.0
   104.073    31.421     3.037    34.000     0.430     847       1    40.0     4.0
   104.059    31.408     3.037    34.000     0.473     841       1    42.0     4.0
   104.044    31.394     3.037    34.000     0.503     843       1    44.0     4.0
   104.030    31.381     3.037    34.000     0.470     845       1    46.0     4.0
   104.016    31.368     3.037    34.000     0.374     845       1    48.0     4.0
   104.001    31.355     3.037    34.000     0.286     846       1    50.0     4.0
   103.987    31.342     3.037    34.000     0.200     848       1    52.0     4.0
   103.972    31.329     3.037    34.000     0.125     536       1    54.0     4.0
   103.958    31.315     3.037    34.000     0.087     533       1    56.0     4.0
   103.944    31.302     3.037    34.000     0.069     533       1    58.0     4.0
   103.929    31.289     3.037    34.000     0.060     532       1    60.0     4.0
   103.915    31.276     3.037    34.000     0.050     519       1    62.0     4.0
   103.901    31.263     3.037    34.000     0.060     518       1    64.0     4.0
   103.886    31.250     3.037    34.000     0.068     521       1    66.0     4.0
   103.872    31.236     3.037    34.000     0.076     522       1    68.0     4.0
   103.858    31.223     3.037    34.000     0.073     521       1    70.0     4.0
   103.843    31.210     3.037    34.000     0.050     521       1    72.0     4.0
   103.829    31.197     3.037    34.000     0.039     717       1    74.0     4.0
   103.815    31.184     3.037    34.000     0.038     716       1    76.0     4.0
   103.801    31.170     3.037    34.000     0.038     704       1    78.0     4.0
   104.374    31.674     1.918    34.000     0.138     964       1     0.0     2.0
   104.360    31.660     1.918    34.000     0.146     964       1     2.0     2.0
   104.345    31.647     1.918    34.000     0.137     964       1     4.0     2.0
   104.331    31.634     1.918    34.000     0.133     963       1     6.0     2.0
   104.316    31.621     1.918    34.000     0.117     965       1     8.0     2.0
   104.302    31.608     1.918    34.000     0.092     965       1    10.0     2.0
   104.287    31.595     1.918    34.000     0.066     962       1    12.0     2.0
   104.273    31.582     1.918    34.000     0.059     871       1    14.0     2.0
   104.259    31.568     1.918    34.000     0.077     869       1    16.0     2.0
   104.244    31.555     1.918    34.000     0.082     868       1    18.0     2.0
   104.230    31.542     1.918    34.000     0.093     868       1    20.0     2.0
   104.215    31.529     1.918    34.000     0.134     861       1    22.0     2.0
   104.201    31.516     1.918    34.000     0.168     862       1    24.0     2.0
   104.187    31.503     1.918    34.000     0.211     859       1    26.0     2.0
   104.172    31.490     1.918    34.000     0.241     857       1    28.0     2.0
   104.158    31.476     1.918    34.000     0.294     854       1    30.0     2.0
   104.143    31.463     1.918    34.000     0.318     855       1    32.0     2.0
   104.129    31.450     1.918    34.000     0.326     851       1    34.0     2.0
   104.115    31.437     1.918    34.000     0.341     850       1    36.0     2.0
   104.100    31.424     1.918    34.000     0.351     849       1    38.0     2.0
   104.086    31.411     1.918    34.000     0.355     848       1    40.0     2.0
   104.071    31.397     1.918    34.000     0.348     847       1    42.0     2.0
   104.057    31.384     1.918    34.000     0.392     844       1    44.0     2.0
   104.043    31.371     1.918    34.000     0.329     844       1    46.0     2.0
   104.028    31.358     1.918    34.000     0.266     847       1    48.0     2.0
   104.014    31.345     1.918    34.000     0.200     849       1    50.0     2.0
   104.000    31.332     1.918    34.000     0.121     849       1    52.0     2.0
   103.985    31.318     1.918    34.000     0.090     541       1    54.0     2.0
   103.971    31.305     1.918    34.000     0.058     537       1    56.0     2.0
   103.957    31.292     1.918    34.000     0.042     533       1    58.0     2.0
   103.942    31.279     1.918    34.000     0.038     533       1    60.0     2.0
   103.928    31.266     1.918    34.000     0.050     525       1    62.0     2.0
   103.914    31.253     1.918    34.000     0.059     525       1    64.0     2.0
   103.899    31.239     1.918    34.000     0.060     521       1    66.0     2.0
   103.885    31.226     1.918    34.000     0.070     519       1    68.0     2.0
   103.871    31.213     1.918    34.000     0.070     520       1    70.0     2.0
   103.856    31.200     1.918    34.000     0.058     516       1    72.0     2.0
   103.842    31.187     1.918    34.000     0.056     515       1    74.0     2.0
   103.828    31.173     1.918    34.000     0.041     514       1    76.0     2.0
   103.813    31.160     1.918    34.000     0.034     512       1    78.0     2.0
   104.387    31.663     0.800    34.000     0.085     970       1     0.0     0.0
   104.372    31.650     0.800    34.000     0.076     965       1     2.0     0.0
   104.358    31.637     0.800    34.000     0.079     964       1     4.0     0.0
   104.344    31.624     0.800    34.000     0.072     964       1     6.0     0.0
   104.329    31.611     0.800    34.000     0.066     969       1     8.0     0.0
   104.315    31.598     0.800    34.000     0.051     965       1    10.0     0.0
   104.300    31.584     0.800    34.000     0.044     964       1    12.0     0.0
   104.286    31.571     0.800    34.000     0.045     874       1    14.0     0.0
   104.271    31.558     0.800    34.000     0.058     871       1    16.0     0.0
   104.257    31.545     0.800    34.000     0.072     869       1    18.0     0.0
   104.242    31.532     0.800    34.000     0.091     866       1    20.0     0.0
   104.228    31.519     0.800    34.000     0.136     863       1    22.0     0.0
   104.214    31.506     0.800    34.000     0.167     862       1    24.0     0.0
   104.199    31.492     0.800    34.000     0.193     861       1    26.0     0.0
   104.185    31.479     0.800    34.000     0.203     862       1    28.0     0.0
   104.170    31.466     0.800    34.000     0.201     858       1    30.0     0.0
   104.156    31.453     0.800    34.000     0.238     858       1    32.0     0.0
   104.142    31.440     0.800    34.000     0.273     854       1    34.0     0.0
   104.127    31.427     0.800    34.000     0.287     853       1    36.0     0.0
   104.113    31.414     0.800    34.000     0.296     851       1    38.0     0.0
   104.099    31.400     0.800    34.000     0.294     850       1    40.0     0.0
   104.084    31.387     0.800    34.000     0.283     849       1    42.0     0.0
   104.070    31.374     0.800    34.000     0.249     847       1    44.0     0.0
   104.055    31.361     0.800    34.000     0.207     851       1    46.0     0.0
   104.041    31.348     0.800    34.000     0.172     849       1    48.0     0.0
   104.027    31.335     0.800    34.000     0.126     854       1    50.0     0.0
   104.012    31.321     0.800    34.000     0.096     543       1    52.0     0.0
   103.998    31.308     0.800    34.000     0.077     541       1    54.0     0.0
   103.984    31.295     0.800    34.000     0.054     542       1    56.0     0.0
   103.969    31.282     0.800    34.000     0.044     537       1    58.0     0.0
   103.955    31.269     0.800    34.000     0.037     531       1    60.0     0.0
   103.941    31.255     0.800    34.000     0.051     523       1    62.0     0.0
   103.926    31.242     0.800    34.000     0.061     523       1    64.0     0.0
   103.912    31.229     0.800    34.000     0.065     523       1    66.0     0.0
   103.898    31.216     0.800    34.000     0.061     523       1    68.0     0.0
   103.883    31.203     0.800    34.000     0.062     522       1    70.0     0.0
   103.869    31.190     0.800    34.000     0.070     516       1    72.0     0.0
   103.855    31.176     0.800    34.000     0.068     516       1    74.0     0.0
   103.840    31.163     0.800    34.000     0.048     516       1    76.0     0.0
   103.826    31.150     0.800    34.000     0.038     704       1    78.0     0.0
