  -259.985      84     0.302
  -162.095      54     0.304
  -256.028      88     0.308
   -38.047      15     0.310
  -166.087      56     0.313
  -291.942      98     0.313
   -35.999      14     0.318
   -52.033      19     0.319
  -172.099      58     0.321
  -162.095      53     0.322
  -136.051      45     0.325
   -35.999      15     0.326
  -166.108      58     0.326
  -260.013      84     0.326
   -50.070      19     0.329
     2.034       1     0.331
  -110.096      39     0.332
  -162.074      55     0.332
  -274.025      92     0.333
  -170.082      56     0.337
  -114.097      39     0.339
   -35.999      12     0.342
  -158.078      55     0.344
    -1.983       1     0.348
   -56.108      19     0.348
  -220.069      73     0.353
  -168.126      56     0.356
  -272.023      92     0.359
    -0.017       1     0.363
   -32.055      13     0.365
  -156.060      54     0.366
  -156.100      54     0.371
  -168.105      58     0.371
  -262.027      87     0.371
  -259.994      87     0.377
  -160.117      55     0.379
   -38.030      13     0.380
  -114.097      38     0.380
  -168.126      57     0.386
  -156.060      53     0.387
  -172.121      58     0.390
  -278.042      92     0.390
   -34.031      13     0.399
  -110.096      38     0.401
  -160.096      54     0.401
  -158.140      54     0.403
  -170.144      58     0.405
  -112.139      39     0.410
  -160.096      53     0.410
   -40.028      13     0.412
  -156.100      53     0.419
  -212.029      73     0.422
   -42.050      15     0.425
  -168.064      58     0.426
  -112.139      38     0.427
  -160.056      53     0.427
  -256.028      87     0.427
  -263.977      88     0.429
     3.954       1     0.431
  -158.140      53     0.432
  -158.099      53     0.433
  -158.099      54     0.433
  -160.056      54     0.435
  -170.103      58     0.437
  -296.038      98     0.437
  -287.956      98     0.441
   -34.019      13     0.447
   -36.066      13     0.447
  -263.977      87     0.448
   -48.007      19     0.452
   -38.037      15     0.469
  -108.072      38     0.470
  -154.081      53     0.470
  -198.066      66     0.490
    -3.954       1     0.494
   -36.017      13     0.500
   -38.064      13     0.504
  -116.075      39     0.511
   -74.033      24     0.523
  -190.085      66     0.525
  -174.075      58     0.527
   -40.001      15     0.532
   -83.992      30     0.536
   -32.050      13     0.537
  -128.051      45     0.540
  -270.018      92     0.540
  -170.082      57     0.543
  -162.074      54     0.563
   -90.043      30     0.571
   -40.095      13     0.573
  -162.074      53     0.599
  -218.116      73     0.621
  -214.065      73     0.653
  -116.075      38     0.660
  -166.087      58     0.661
   -68.062      24     0.668
  -257.979      88     0.671
  -134.093      45     0.673
     2.050       1     0.695
  -216.018      73     0.705
  -257.979      87     0.708
  -262.026      88     0.712
  -262.026      87     0.716
    -2.050       1     0.717
   -86.037      30     0.719
  -130.093      45     0.719
   -72.071      24     0.728
  -290.049      98     0.734
  -276.010      92     0.735
   -88.082      30     0.742
  -293.945      98     0.753
  -156.121      54     0.761
  -272.050      92     0.761
   -54.062      19     0.763
  -260.013      88     0.767
   -50.053      19     0.774
   -70.025      24     0.775
     0.000       1     0.777
  -132.051      45     0.777
  -260.013      87     0.785
  -196.113      66     0.805
  -192.122      66     0.806
  -110.115      39     0.817
  -273.999      92     0.817
  -291.997      98     0.820
  -156.121      53     0.830
  -160.117      54     0.861
   -52.100      19     0.862
  -110.115      38     0.881
  -160.117      53     0.885
   -38.047      13     0.887
  -172.120      58     0.888
  -194.076      66     0.893
   -34.035      13     0.901
  -114.116      39     0.902
  -158.078      54     0.905
  -114.116      38     0.918
  -168.126      58     0.927
  -158.078      53     0.946
  -112.074      39     0.963
   -35.999      13     0.983
  -112.074      38     0.995
  -170.082      58     1.000
